AKAP17A 8.102600000000001e-07 2.648969e-05 102663 2 0.05619881885392011 0.022940000000000002 5769.53934 770 0.00012662789904834264 7.792486095282624e-05 0.0011591323066732903 2380 9104 21548
ASMT 7.614399999999999e-07 0.0022487972399999998 110629 248 0.0520849992316662 0.78626 5762.11138 5 0.00011750987534913992 7.231376944562456e-05 0.0008135299062632763 25 68 125
ASMTL 1.3059e-06 0.00016969772 110296 18 0.08346241840139261 0.30614 9205.5709 1357 0.00027199535794589105 0.00014506419090447523 0.015587600638282439 4020 11532 21519
CD99 6.212e-07 6.172824e-05 105758 6 0.04421052270277426 0.32403999999999994 4675.61646 3429 9.455549461979235e-05 4.727774730989618e-05 0.0002647553849354186 9952 25382 33394
CRLF2 5.6431e-07 0.0008921542300000001 110863 98 0.04060489631346797 0.8104400000000002 4501.58062 17 8.118127779331246e-05 4.510070988517359e-05 0.0001984431234947638 42 129 262
CSF2RA 1.4624000000000002e-06 0.00012347558999999998 111156 13 0.09101214689265537 0.1039 10116.5462 1077 0.00033286552232897907 0.00017093094389866495 0.029753229695203137 3216 9082 16062
DHRSX 5.6375e-07 9.757943000000001e-05 112264 10 0.04033374171595526 0.55706 4528.02718 2101 8.016817501603363e-05 4.453787500890757e-05 0.00020487422504097483 6292 19343 36068
GTPBP6 5.8077e-07 8.902337999999999e-05 108022 9 0.041675673659069455 0.52048 4501.88962 2431 8.331636148192035e-05 4.628686748995575e-05 0.00021291959045379645 7299 21907 36124
IL3RA 1.1323e-06 0.00136799955 110602 151 0.0745440185530099 0.6784 8244.71754 9 0.00021699426773476066 0.00012657998951194372 0.0075586336594274965 39 142 296
IL9R 9.2845e-07 0.00109345558 109685 119 0.06260229803528285 0.7161 6866.53306 16 0.0001641063044171947 9.117016912066372e-05 0.0024889456169941196 60 189 364
P2RY8 2.2334e-07 2.6636399999999998e-05 110921 2 0.016187244795845695 0.4955 1795.50538 8008 2.7046276178541484e-05 9.01542539284716e-06 5.409255235708297e-05 23083 39028 43350
PLCXD1 5.7256e-07 8.839393e-05 110506 9 0.04100409661013881 0.51984 4531.1987 2438 8.14435415271569e-05 4.524641195953161e-05 0.0002081334950138454 7286 22022 36114
PPP2R3B 1.3649e-06 0.00013527391 103692 14 0.08639846468387148 0.19658 8958.8296 1492 0.00028931836592986925 0.00015430312849593026 0.018419935964201675 4468 12355 20710
SHOX 5.8455e-07 3.53261e-05 109756 3 0.04177986551988046 0.13342 4585.59092 2984 8.200007288895368e-05 4.555559604941871e-05 0.0002186668610372098 8542 20024 30843
SLC25A6 5.1632e-07 1.839596e-05 109419 2 0.03767328909969932 0.11004 4122.17362 2985 7.311344464855282e-05 3.655672232427641e-05 0.00016450525045924382 8561 20790 32201
SPRY3 5.7388e-07 4.4070420000000006e-05 112761 4 0.041126686354324635 0.19852 4637.48628 3353 7.981482959533881e-05 4.434157199741045e-05 0.00021283954558757017 9812 22780 32037
VAMP7 6.0215e-07 3.5733459999999997e-05 108814 3 0.04223022754424983 0.12436 4595.23998 2785 8.270994541143602e-05 4.594996967302002e-05 0.00022974984836510008 8190 19803 30483
XG 7.0572e-07 0.0003432863 93054 31 0.048506488490553876 0.73586 4513.72278 77 0.00010746448298837235 6.44786897930234e-05 0.0004728437251488383 257 805 2042
ZBED1 9.7585e-07 3.626112e-05 112580 4 0.06648278273227927 0.02824 7484.63168 721 0.00016876887546633505 9.770829632261503e-05 0.0031910641321726777 2131 7192 17076
