SYMBOL	chromosome	mu_lof	AF_nfe	AN_nfe	NFE_k
A3GALT2	1	5.1422e-07	8.313344000000001e-05	96991	8
AADACL3	1	1.7009e-07	9.465570000000001e-06	111925	1
AADACL4	1	3.6803000000000005e-07	0.0	112485	0
ABCA4	1	6.2377e-06	0.00082804971	112006	92
ABCB10	1	1.3156e-06	9.679241e-05	111567	10
ABCD3	1	3.1172000000000004e-06	8.894284e-05	109456	9
ABL2	1	3.2127999999999995e-06	0.00064352384	110928	71
AC092811.1	1	0.0	0.0	110571	0
AC093157.1	1	4.7401999999999997e-08	0.0	110501	0
AC114494.1	1	3.684e-08	0.0	108907	0
ACADM	1	1.3215e-06	0.00010620847	109144	11
ACAP3	1	2.0147999999999998e-06	7.709224e-05	100171	7
ACBD3	1	1.7316999999999999e-06	4.604904e-05	110197	5
ACBD6	1	7.5119e-07	7.057319999999999e-05	112442	7
ACOT11	1	2.0225e-06	0.00041494998	110636	45
ACOT7	1	8.428100000000001e-07	0.0	111952	0
ACP6	1	8.924700000000002e-07	7.065912e-05	108847	7
ACTA1	1	6.4518e-07	0.00010650271999999999	110224	11
ACTL8	1	1.7896e-07	1.77708e-05	111898	1
ACTN2	1	2.3537e-06	6.266039e-05	112327	7
ACTRT2	1	3.6891e-07	4.430687e-05	112436	4
ADAM15	1	2.9797000000000005e-06	0.00034009096	109296	37
ADAM30	1	0.0	0.0	112961	0
ADAMTS4	1	1.7341999999999998e-06	0.00016042988	107370	17
ADAMTSL4	1	3.1552e-06	0.00032440668999999996	108974	35
ADAMTSL4-AS1	1	0.0	0.0	110028	0
ADAR	1	2.7432e-06	8.036983e-05	112329	9
ADC	1	1.1214e-06	7.062003e-05	110008	7
ADCK3	1	1.5327000000000002e-06	0.00018061971999999997	109832	19
ADCY10	1	4.546e-06	0.0005631701400000001	112547	63
ADIPOR1	1	7.6749e-07	1.794561e-05	110186	1
ADORA1	1	3.5479e-07	1.830298e-05	105680	1
ADORA3	1	7.451300000000001e-07	0.00019356299	111715	21
ADPRHL2	1	5.409899999999999e-07	6.322279e-05	109511	6
ADSS	1	1.2683e-06	1.763921e-05	108413	1
AGBL4	1	1.6491999999999998e-06	0.0002173791	92977	20
AGL	1	4.791e-06	0.00074206027	112388	83
AGMAT	1	5.394e-07	0.00061054001	111828	68
AGO1	1	3.1732e-06	0.0	109340	0
AGO3	1	2.6845999999999997e-06	8.79678e-06	109577	0
AGO4	1	2.8022000000000005e-06	3.5299840000000007e-05	109192	3
AGRN	1	5.0007e-06	0.00020834331000000003	102366	21
AGT	1	6.7753e-07	4.441313e-05	113020	5
AGTRAP	1	2.8308e-07	9.02218e-06	106890	0
AHCTF1	1	6.0337e-06	0.011861755600000001	109732	1301
AHCYL1	1	2.2025e-06	3.524315e-05	110769	3
AHDC1	1	2.3143e-06	0.0	105277	0
AIDA	1	8.359600000000001e-07	6.367242e-05	107177	6
AIM1L	1	2.0344e-06	0.00022595332000000003	105587	23
AIM2	1	5.8539e-07	0.00015930897	111557	17
AJAP1	1	8.693700000000001e-07	0.0	100748	0
AK2	1	7.5334e-07	7.349919e-05	107224	7
AK4	1	5.0218e-07	1.77585e-05	106576	1
AK5	1	1.6201e-06	4.474468e-05	108070	4
AKIRIN1	1	4.9258e-07	8.869810000000002e-06	107893	0
AKNAD1	1	1.7917e-06	0.00127801808	109532	139
AKR1A1	1	8.9095e-07	8.796197000000001e-05	112160	9
AKR7A2	1	6.7039e-07	9.679386e-05	112108	10
AKR7A3	1	7.483199999999999e-07	0.00015859067	111399	17
AKR7L	1	3.1093000000000005e-07	8.813417999999999e-05	110813	9
AKT3	1	1.3388999999999998e-06	0.0	107617	0
AL020996.1	1	0.0	0.0	109976	0
AL035406.1	1	2.3598e-08	0.0	112035	0
AL109927.1	1	0.0	0.0	105085	0
AL136115.1	1	0.0	0.0	108115	0
AL136376.1	1	8.6953e-08	2.6394190000000005e-05	109054	2
AL139147.1	1	0.0	0.0	110028	0
AL162431.1	1	1.1891e-08	0.0	111116	0
AL353354.1	1	4.1299e-08	0.0	112357	0
AL353354.2	1	0.0	0.0	112357	0
AL356356.1	1	2.7676e-07	0.0	108290	0
AL357673.1	1	0.0	0.0	110149	0
AL589765.1	1	1.5992000000000002e-07	0.0	94335	0
AL590714.1	1	9.043600000000001e-09	0.0	108162	0
AL590822.2	1	0.0	0.0	101953	0
AL645608.1	1	1.7489999999999998e-07	0.00021203299999999998	107001	22
AL645728.1	1	0.0	0.0	90067	0
AL646016.1	1	1.726e-08	0.0	101564	0
AL929472.1	1	2.1417000000000002e-08	0.0	111090	0
ALDH4A1	1	1.4183e-06	0.00019493175	105132	20
ALDH9A1	1	1.4125e-06	0.0006268243	108839	68
ALG14	1	5.7104e-07	0.0002378842	112146	26
ALG6	1	1.2932e-06	6.206502e-05	111341	6
ALPL	1	1.3315e-06	0.00011482453000000001	111443	12
ALX3	1	4.6354e-07	8.80282e-06	109720	0
AMIGO1	1	6.3051e-07	0.0	112347	0
AMPD1	1	2.0708e-06	0.12949295099000002	112464	14563
AMPD2	1	2.1435e-06	0.00020618945	109134	22
AMY1A	1	3.5887e-07	0.0001103737	95701	10
AMY1B	1	1.6215e-07	3.33011e-05	60210	2
AMY1C	1	3.2061999999999997e-07	0.0131781746	104510	1377
AMY2A	1	8.3756e-07	0.00044491607000000005	102257	45
AMY2B	1	1.8094999999999998e-06	0.00038918022	112157	43
ANGEL2	1	1.7467e-06	8.853043e-05	110457	9
ANGPTL1	1	9.311e-07	7.365123999999999e-05	108070	7
ANGPTL3	1	1.1463e-06	0.00017085215	111310	19
ANGPTL7	1	8.490999999999999e-07	0.00038972933	111739	43
ANKRD13C	1	1.9443e-06	1.765007e-05	108804	1
ANKRD34A	1	5.397e-07	0.0	106660	0
ANKRD35	1	2.8365e-06	0.00166709724	109825	183
ANKRD45	1	6.0472e-07	1.760781e-05	110946	1
ANKRD65	1	3.1538e-07	0.0	59628	0
ANP32E	1	7.5214e-07	1.787638e-05	107261	1
ANXA9	1	1.4345e-06	0.00036167663	109390	39
AP4B1	1	2.0588e-06	0.00026378527	112752	29
APCS	1	1.0227e-07	0.0	113135	0
APH1A	1	7.639699999999999e-07	8.83798e-06	110812	0
APITD1	1	4.2843999999999994e-07	5.3964709999999996e-05	106772	5
APITD1-CORT	1	4.2843999999999994e-07	5.3964709999999996e-05	106772	5
APOA1BP	1	5.9446e-07	0.00011680918	109304	12
APOA2	1	1.2906e-07	8.81228e-06	108975	0
APOBEC4	1	4.4191e-07	5.279434e-05	112656	5
AQP10	1	4.5689999999999997e-07	1.1028299999999999e-05	110813	1
ARF1	1	3.1641999999999997e-07	0.0	103779	0
ARHGAP29	1	3.1713e-06	3.547058e-05	109757	3
ARHGAP30	1	2.3119e-06	3.536765e-05	111876	3
ARHGEF10L	1	2.8595e-06	8.011012e-05	106360	8
ARHGEF11	1	5.1378999999999995e-06	3.544929e-05	109016	3
ARHGEF16	1	1.6643e-06	0.00022358709999999998	106476	23
ARHGEF19	1	2.0026e-06	0.00026204887	105585	27
ARHGEF2	1	3.911e-06	1.762062e-05	110017	1
ARID1A	1	4.7298e-06	8.79275e-06	109748	0
ARID4B	1	3.2777999999999998e-06	2.839393e-05	108544	3
ARL8A	1	7.5118e-07	0.0	109596	0
ARNT	1	2.4134e-06	3.606887e-05	109834	3
ARPC5	1	2.3947e-07	0.0	108495	0
ARTN	1	2.0149e-07	9.08414e-06	104036	0
ARV1	1	5.7345e-07	6.295797e-05	110702	6
ASAP3	1	2.8063e-06	0.00026953025	108931	29
ASB17	1	4.2872e-07	8.894615e-05	110157	9
ASH1L	1	8.2935e-06	8.80173e-06	110186	0
ASPM	1	9.9724e-06	0.00115288488	111520	128
ASTN1	1	3.1710000000000002e-06	1.762805e-05	109867	1
ATAD3A	1	1.9407e-06	0.00021423299999999998	107481	23
ATAD3B	1	1.6394e-06	0.00034877888	106098	37
ATAD3C	1	9.842e-07	3.693813e-05	107283	3
ATF3	1	6.4235e-07	1.7594170000000003e-05	112583	1
ATF6	1	1.919e-06	8.866337e-05	110235	9
ATG4C	1	1.3411000000000002e-06	0.00063505007	106180	67
ATP13A2	1	2.8887999999999998e-06	0.00013359022	108637	14
ATP1A1	1	2.6944999999999998e-06	0.0	111094	0
ATP1A2	1	2.7548000000000003e-06	9.730076999999999e-05	110928	10
ATP1A4	1	3.1726e-06	0.00080443725	112373	90
ATP1B1	1	1.3653999999999999e-06	0.0	107035	0
ATP2B4	1	3.2112e-06	7.947455e-05	111675	8
ATP5F1	1	8.0698e-07	2.725156e-05	108225	2
ATP6V0B	1	4.5911000000000004e-07	0.0	108552	0
ATP6V1G3	1	2.7951e-07	3.7653899999999995e-05	108481	4
ATP8B2	1	3.1950999999999997e-06	8.792402e-05	111413	9
ATPAF1	1	7.5395e-07	3.586801e-05	94624	3
ATPIF1	1	2.7919e-07	8.80902e-06	111353	0
ATXN7L2	1	1.1126000000000002e-06	1.848508e-05	107510	1
AUNIP	1	6.4601e-07	0.00010562413	110612	11
AURKAIP1	1	2.5728000000000004e-07	7.947274e-05	106887	8
AVPR1B	1	5.907699999999999e-07	7.970198e-05	110244	8
AXDND1	1	3.1818e-06	0.00063731344	108890	69
B3GALNT2	1	1.4659e-06	0.00012679513000000002	111497	14
B3GALT2	1	1.0018e-06	0.0	111967	0
B3GALT6	1	2.3178e-07	1.4059200000000001e-05	90960	1
B4GALT2	1	8.2773e-07	0.0	109104	0
B4GALT3	1	1.4793e-06	4.401840999999999e-05	112832	4
BAI2	1	3.595e-06	8.690065999999999e-05	105055	9
BARHL2	1	4.9954e-07	0.0	106666	0
BATF3	1	4.2952e-07	4.412505e-05	112232	4
BCAN	1	2.1836e-06	0.00011276253000000001	105830	11
BCAR3	1	2.206e-06	5.3121330000000005e-05	110677	5
BCAS2	1	8.185300000000001e-07	8.858113000000001e-05	109545	9
BCL10	1	5.1705e-07	8.80716e-06	110295	0
BCL2L15	1	2.9784e-07	8.898379999999999e-05	111685	9
BCL9	1	2.4907e-06	7.104196e-05	112445	7
BEND5	1	6.8012e-07	1.825529e-05	104480	1
BEST4	1	1.0148e-06	0.00013071745000000002	104025	13
BGLAP	1	2.1699e-07	0.00022472597000000003	106104	23
BLZF1	1	1.1990999999999999e-06	0.00013234431000000001	111045	14
BMP8A	1	7.0108e-07	4.4354759999999995e-05	100716	4
BMP8B	1	5.3915e-07	6.173259e-05	106851	6
BNIPL	1	1.253e-06	0.00014212135	110081	15
BOLA1	1	1.8992999999999998e-07	9.013229999999999e-06	109939	0
BPNT1	1	9.650100000000001e-07	6.207533e-05	106436	6
BRDT	1	2.3904e-06	8.996019e-05	106942	9
BRINP2	1	1.5563999999999998e-06	0.0	110358	0
BRINP3	1	1.7206e-06	1.7808710000000002e-05	111149	1
BROX	1	1.5832e-06	0.00013397551	107988	14
BSDC1	1	1.045e-06	5.2957040000000004e-05	108755	5
BSND	1	5.057800000000001e-07	0.00017708034	112685	19
BTBD19	1	9.7405e-07	8.31931e-05	97752	8
BTBD8	1	7.1614e-07	7.150083000000001e-05	107484	7
BTF3L4	1	2.852e-07	0.0	110507	0
BTG2	1	2.1196999999999998e-07	3.51989e-05	103045	3
C1ORF220	1	5.1097e-07	5.2783509999999994e-05	105237	5
C1QA	1	6.607300000000001e-07	1.761796e-05	101708	1
C1QB	1	3.2174e-07	2.666807e-05	111382	2
C1QC	1	3.8806999999999995e-07	4.453075e-05	106427	4
C1orf100	1	1.0035e-06	0.00020233188999999998	112561	22
C1orf101	1	2.0375999999999998e-06	0.00027968603	108242	30
C1orf105	1	3.7705e-07	0.06553530495	111709	7320
C1orf106	1	1.2272e-06	3.7296869999999997e-05	106182	3
C1orf109	1	8.326799999999999e-07	0.00076760844	110524	84
C1orf110	1	2.3423999999999999e-07	0.00012481021	110084	13
C1orf111	1	4.7574e-07	0.00013241968000000001	108961	14
C1orf112	1	1.9597e-06	0.00043592803	110150	48
C1orf115	1	1.3439e-07	1.3258699999999999e-05	103516	1
C1orf116	1	1.2023000000000001e-06	3.523502e-05	110877	3
C1orf122	1	8.321e-08	8.92443e-06	112926	1
C1orf123	1	5.0117e-07	5.327368e-05	112070	5
C1orf127	1	1.5966999999999999e-06	0.00012602746999999998	108222	13
C1orf131	1	5.6505e-07	5.2982659999999994e-05	110601	5
C1orf134	1	1.7081e-08	0.0	111108	0
C1orf141	1	3.6340000000000004e-07	8.8008e-06	108827	0
C1orf145	1	9.6926e-08	3.25662e-05	100404	3
C1orf146	1	6.7217e-07	7.237304e-05	109704	7
C1orf147	1	5.9838e-08	1.0687599999999999e-05	107865	1
C1orf158	1	3.1668000000000005e-07	0.00020251839	111439	22
C1orf159	1	5.1189e-07	3.814333e-05	95553	3
C1orf162	1	3.3442e-07	7.033537e-05	113289	7
C1orf167	1	3.6622000000000003e-06	0.0	109216	0
C1orf168	1	1.8514e-06	0.0038298981400000003	109637	419
C1orf170	1	1.0314e-06	0.0	101720	0
C1orf172	1	9.620100000000001e-07	2.692305e-05	110024	2
C1orf173	1	2.8799e-06	0.00067133092	110567	74
C1orf174	1	5.763399999999999e-07	5.478182e-05	108906	5
C1orf177	1	1.4131999999999999e-06	0.00148520859	106062	157
C1orf185	1	4.5423e-07	0.0	60543	0
C1orf186	1	4.3618000000000003e-07	7.225566e-05	111350	8
C1orf189	1	3.8867e-07	9.679674000000001e-05	111507	10
C1orf192	1	3.4588e-07	0.0004924098400000001	111131	54
C1orf194	1	3.1906999999999996e-07	8.901129999999999e-05	108624	9
C1orf198	1	6.428699999999999e-07	5.7502819999999996e-05	101501	5
C1orf200	1	9.8107e-08	0.0	106101	0
C1orf204	1	3.8951e-07	0.00026710380000000004	102517	27
C1orf21	1	3.0256e-07	0.0	110191	0
C1orf210	1	2.4939e-07	0.0001145891	111741	12
C1orf213	1	9.5975e-08	0.0	108256	0
C1orf216	1	3.8991e-07	0.0013764809599999999	110193	151
C1orf220	1	1.3574999999999998e-07	1.67476e-05	105237	1
C1orf222	1	2.2894e-06	5.952654e-05	105509	6
C1orf226	1	4.5892e-07	0.0	106901	0
C1orf227	1	1.1481e-07	0.000158546	108252	17
C1orf228	1	1.0589e-06	3.29286e-05	68684	2
C1orf234	1	1.3924000000000002e-07	0.0	68778	0
C1orf27	1	1.0938e-06	8.480697e-05	100874	8
C1orf35	1	5.1872e-07	3.9551620000000004e-05	104810	4
C1orf43	1	1.0003e-06	5.3287119999999995e-05	112061	5
C1orf50	1	4.9407e-07	0.0002028526	103979	21
C1orf51	1	6.609100000000001e-07	0.0	110597	0
C1orf52	1	2.9537e-07	1.779747e-05	105488	1
C1orf53	1	2.2676999999999999e-07	0.0005148986000000001	103430	53
C1orf54	1	3.9147e-07	1.76491e-05	110572	1
C1orf56	1	3.8266999999999997e-07	2.8967040000000002e-05	111124	3
C1orf61	1	2.5488e-07	0.00021434708	99337	21
C1orf63	1	6.615e-07	0.00046984238	110814	52
C1orf64	1	5.7413e-08	0.0	106983	0
C1orf65	1	1.0726000000000001e-06	0.00016380781000000001	100400	16
C1orf68	1	3.9623000000000005e-07	8.15282e-05	61144	4
C1orf74	1	5.3955e-07	1.7589070000000002e-05	111416	1
C1orf85	1	1.1108e-06	0.00018738778000000001	108709	20
C1orf86	1	2.7108e-07	0.0	102983	0
C1orf87	1	1.2715e-06	0.00024966411	110809	27
C1orf94	1	1.274e-06	0.0001307922	106930	13
C1orf95	1	2.4396e-07	0.0	102786	0
C4BPA	1	1.2621e-06	5.5816199999999996e-05	109083	6
C4BPB	1	5.5646e-07	0.00012531557	109970	13
C8A	1	1.6623e-06	0.0001852696	112820	20
C8B	1	1.5458e-06	0.00249206478	112778	281
CA14	1	1.1219e-06	0.00025546225	110307	28
CA6	1	6.695999999999999e-07	7.061844e-05	108788	7
CACHD1	1	3.2833999999999998e-06	0.00014640652	110331	16
CACNA1E	1	6.660499999999999e-06	0.00142155348	106484	151
CACNA1S	1	4.7435e-06	0.00024627642000000003	112177	27
CACYBP	1	6.076300000000001e-07	8.795689999999999e-06	108377	0
CADM3	1	1.1465000000000002e-06	1.89995e-05	109810	2
CALML6	1	4.1878999999999995e-07	9.236663e-05	106242	9
CAMK1G	1	1.2094e-06	6.204525e-05	112467	6
CAMK2N1	1	9.9048e-08	0.0	104934	0
CAMSAP2	1	3.4777999999999996e-06	3.5492909999999994e-05	109710	3
CAMTA1	1	4.1263e-06	3.757544e-05	109157	4
CAP1	1	1.4668999999999999e-06	2.651991e-05	110592	2
CAPN2	1	2.502e-06	0.00022164869	108048	23
CAPN8	1	1.458e-06	0.5451412848	60673	33075
CAPN9	1	2.2695e-06	0.00399140576	112468	448
CAPZA1	1	7.3529e-07	1.8524620000000004e-05	107142	1
CAPZB	1	7.6732e-07	9.3301e-06	107892	1
CASP9	1	9.4675e-07	0.00014078327	109897	15
CASQ1	1	1.1247e-06	0.00179670005	112133	201
CASQ2	1	9.667499999999999e-07	7.943621e-05	111609	8
CASZ1	1	2.9281e-06	2.6754029999999997e-05	107756	2
CATSPER4	1	1.3147e-06	0.00048415980999999997	111080	53
CC2D1B	1	3.0382e-06	0.00034132967000000006	109028	37
CCBL2	1	1.1554e-06	0.00058642794	109895	64
CCDC163P	1	2.2386999999999998e-07	0.0	107553	0
CCDC17	1	1.646e-06	0.00026084389	102570	26
CCDC18	1	4.1329e-06	0.00054709866	105190	57
CCDC181	1	1.7473e-06	0.00024149062999999997	109420	26
CCDC19	1	2.2497e-06	0.00030849567	112528	34
CCDC23	1	1.4679e-07	1.7586739999999998e-05	113218	1
CCDC24	1	5.6562e-07	2.666985e-05	108964	2
CCDC27	1	1.9627000000000003e-06	0.00091633629	108999	99
CCDC28B	1	3.1662e-07	0.00013202455	107371	14
CCDC30	1	2.6676e-06	0.00153744473	109470	168
CCNL2	1	1.7744e-06	4.400999e-05	110119	4
CCSAP	1	4.5696000000000004e-07	2.212562e-05	107765	2
CCT3	1	1.8059e-06	0.0	111100	0
CD101	1	2.02e-06	0.00038132365	110974	42
CD160	1	4.4722e-07	0.00019376383000000003	105879	20
CD164L2	1	4.4424999999999997e-07	8.93959e-06	108325	0
CD1A	1	8.380200000000001e-07	0.0005575797799999999	112564	62
CD1B	1	1.1608e-06	0.0020417179699999998	110445	225
CD1C	1	9.1585e-07	0.00028235741	110985	31
CD1D	1	1.0392e-06	0.00014076366	109570	15
CD1E	1	1.0609999999999999e-06	0.00017851540000000002	110954	19
CD2	1	4.2023000000000005e-07	0.0	110924	0
CD244	1	9.7425e-07	2.647752e-05	111613	2
CD247	1	6.6756e-07	0.0003622866	112903	40
CD34	1	9.3049e-07	0.00012452825	105086	13
CD46	1	1.1994e-06	0.00018634276999999997	111622	20
CD48	1	4.1102e-07	7.059416e-05	111293	7
CD52	1	4.6097e-08	0.0	110286	0
CD53	1	5.7172e-07	2.6406820000000004e-05	113073	2
CD55	1	1.1371999999999999e-06	0.00026128624	109080	28
CD58	1	5.6429e-07	9.390910000000001e-06	103971	0
CD5L	1	1.0782e-06	0.00290298412	110794	321
CD84	1	7.9814e-07	0.00025074234000000003	110513	27
CDA	1	2.9951e-07	9.00544e-06	110945	0
CDC14A	1	1.8827000000000002e-06	0.00011489716999999999	110047	12
CDC20	1	1.5530000000000002e-06	0.00010643597	112357	11
CDC42	1	4.9852e-07	0.0	110383	0
CDC42BPA	1	5.111e-06	0.00010624195	107854	11
CDC42SE1	1	3.0959e-07	2.6372199999999998e-05	111098	2
CDC7	1	1.1912000000000001e-06	0.00019843213	110242	21
CDC73	1	2.6249e-06	2.673545e-05	110636	2
CDCA8	1	1.1919e-06	3.51803e-05	111334	3
CDCP2	1	4.9395e-07	0.00022121392000000003	108319	23
CDK11A	1	1.5546000000000001e-06	0.00019859089	103637	20
CDK11B	1	1.3862e-06	4.5011409999999995e-05	103229	4
CDK18	1	1.1493000000000002e-06	0.00051301272	108266	55
CDKN2C	1	2.9699e-07	8.78982e-06	107695	0
CELA2A	1	7.7807e-07	0.00013196655000000001	112535	14
CELA2B	1	8.0068e-07	8.803709999999999e-05	110693	9
CELA3A	1	9.147e-07	0.00035234622	112017	39
CELA3B	1	7.623600000000001e-07	0.0013468427300000001	110782	149
CELF3	1	1.5023e-06	3.2921609999999994e-05	102975	3
CELSR2	1	6.7635000000000005e-06	0.00011679646	110170	12
CENPF	1	6.3718e-06	0.00112220209	109674	123
CENPL	1	8.6955e-07	3.611981e-05	110404	3
CEP104	1	2.908e-06	0.0006347494799999999	109686	69
CEP170	1	3.5651999999999998e-06	1.77263e-05	102639	1
CEP350	1	7.844500000000001e-06	0.00011643493	104350	12
CEP85	1	2.1888e-06	0.00011473541	108511	12
CEPT1	1	9.6554e-07	0.0	111821	0
CERS2	1	1.6813e-06	2.637533e-05	111575	2
CFH	1	2.8970999999999998e-06	0.00010616326000000001	111321	11
CFHR1	1	5.307500000000001e-07	0.00030814316000000005	105492	32
CFHR2	1	3.8826e-07	2.648462e-05	111901	2
CFHR3	1	7.108499999999999e-07	0.00417404532	103101	430
CFHR4	1	1.3428999999999999e-06	0.00023473617	109470	25
CFHR5	1	1.401e-06	0.00022948478	112193	25
CGN	1	5.233099999999999e-06	0.0009492363800000001	109780	104
CHD1L	1	2.8625e-06	0.00207879005	111037	230
CHD5	1	5.1526e-06	2.9578109999999998e-05	107491	3
CHI3L1	1	9.2713e-07	9.776184999999999e-05	109187	10
CHI3L2	1	8.8182e-07	0.00030360706000000004	111252	33
CHIA	1	1.1833e-06	0.00203117758	112473	228
CHIT1	1	1.1999e-06	0.00040500400000000004	108482	43
CHML	1	8.894100000000001e-07	7.065056e-05	112080	7
CHRM3	1	1.199e-06	1.04058e-05	111660	1
CHRNB2	1	8.683799999999999e-07	6.154145e-05	109566	6
CHTOP	1	1.552e-06	1.76179e-05	110527	1
CITED4	1	2.5978e-08	0.0	61565	0
CKS1B	1	2.306e-07	8.84001e-06	106347	0
CKS1B	1	2.306e-07	0.0	105907	0
CLCA1	1	2.3334999999999998e-06	0.00014157883	111038	15
CLCA2	1	2.5435e-06	0.00036430779999999997	110936	40
CLCA4	1	1.7491e-06	0.0010787639300000001	108980	117
CLCC1	1	1.3295e-06	7.064795e-05	108893	7
CLCN6	1	2.6956e-06	0.00010567571000000002	110432	11
CLCNKA	1	1.7917e-06	0.00142328422	109826	156
CLCNKB	1	2.061e-06	0.00052777306	109104	57
CLDN19	1	4.1699e-07	1.29853e-05	102782	1
CLIC4	1	4.2661000000000003e-07	1.770523e-05	107975	1
CLK2	1	2.9528e-06	8.790130000000001e-06	110694	0
CLSPN	1	3.8106999999999998e-06	0.00011525696000000002	111396	12
CLSTN1	1	2.3498e-06	4.407085e-05	112102	4
CMPK1	1	5.4258e-07	0.0	104378	0
CNIH3	1	5.3961e-07	1.76007e-05	105600	1
CNIH4	1	5.202600000000001e-07	4.39617e-05	105542	4
CNKSR1	1	2.6360000000000003e-06	0.00120280335	109710	131
CNN3	1	6.7688e-07	2.677627e-05	109839	2
CNR2	1	5.2092e-07	0.00024877791	109552	27
CNST	1	1.6197e-06	8.830795e-05	111511	9
CNTN2	1	3.24e-06	0.00051348275	109631	56
COA6	1	2.6058e-07	7.037498e-05	108189	7
COA7	1	3.1698e-07	0.0	111964	0
COG2	1	2.1882e-06	4.434532e-05	109218	4
COL11A1	1	5.9853999999999995e-06	0.00018041818	110797	19
COL16A1	1	6.2188e-06	0.0008774768199999998	108838	95
COL24A1	1	5.129500000000001e-06	0.00080641908	109937	88
COL8A2	1	7.324200000000001e-07	2.6922199999999998e-05	106269	2
COL9A2	1	2.6515e-06	0.00237030253	103291	244
COLGALT2	1	1.7527000000000002e-06	0.000158887	110088	17
COPA	1	4.0372e-06	9.49343e-06	111251	1
CORT	1	4.0376000000000004e-08	2.75898e-05	103763	2
COX20	1	2.0978000000000002e-07	1.8193339999999997e-05	107936	1
CPSF3L	1	2.182e-06	0.00038523896	102258	39
CPT2	1	1.1789e-06	0.00020249015	112635	22
CR1	1	4.7765e-06	0.00248977905	108891	271
CR1L	1	1.7711e-06	0.00061329364	110975	68
CR2	1	3.3362e-06	0.00200535277	112053	224
CRABP2	1	3.0884e-07	7.040098e-05	111972	7
CRB1	1	2.5447999999999998e-06	0.00036227035000000005	111982	40
CRCT1	1	5.3905000000000005e-08	9.87791e-06	103942	1
CREB3L4	1	8.284700000000001e-07	8.989101999999998e-05	112181	10
CREG1	1	3.5222999999999997e-07	1.766711e-05	109368	1
CRNN	1	5.0775e-07	5.2782230000000006e-05	112361	5
CROCC	1	5.1569000000000006e-06	0.0011150339199999999	100154	111
CRP	1	9.2195e-08	8.79538e-06	112240	0
CRTC2	1	2.0505e-06	1.768021e-05	109347	1
CRYZ	1	1.0988e-06	0.00138742704	110707	153
CSDE1	1	2.5311e-06	8.793060000000001e-06	110382	0
CSF1	1	9.7079e-07	9.546720000000001e-06	108828	1
CSF3R	1	1.9394e-06	0.00064706857	112146	72
CSRP1	1	6.3753e-07	4.398312e-05	111875	4
CTBS	1	7.400199999999999e-07	0.00011702881000000001	101257	11
CTH	1	1.3378e-06	0.00012332023	112990	13
CTNNBIP1	1	4.1946999999999993e-07	2.654051e-05	105664	2
CTPS1	1	1.8531999999999999e-06	0.00021132334	110165	23
CTRC	1	7.384399999999999e-07	5.2974790000000006e-05	112003	5
CTSE	1	7.600199999999999e-07	0.00039806336999999997	111675	44
CTSK	1	1.0198e-06	0.00019397633	112470	21
CTSS	1	8.315700000000001e-07	5.2787650000000006e-05	112271	5
CTTNBP2NL	1	1.1354e-06	6.49034e-05	111619	7
CYB561D1	1	4.5604e-07	1.75806e-05	108675	1
CYB5R1	1	9.2345e-07	0.00019293218999999996	109136	21
CYB5RL	1	9.9152e-07	0.00033490521	106251	35
CYP2J2	1	1.1633e-06	0.0002846196	110537	31
CYP4A11	1	1.2999e-06	0.00040668687000000006	110911	45
CYP4A22	1	1.229e-06	0.00039300540999999997	111120	43
CYP4B1	1	1.0412e-06	0.00068835036	111332	76
CYP4X1	1	1.334e-06	0.00015855489	111609	17
CYP4Z1	1	1.14e-06	0.00028699996	108768	31
CYR61	1	8.9896e-07	8.79059e-06	109489	0
DAB1	1	1.4364e-06	3.888794e-05	109354	4
DAP3	1	1.0757e-06	0.00010654508	110014	11
DARC	1	3.1061e-07	2.6434e-05	111126	2
DARS2	1	2.0968999999999998e-06	0.00038836407999999993	112215	43
DBT	1	1.2628e-06	2.6550500000000003e-05	111997	2
DCAF6	1	3.5775e-06	0.00015060331	106773	16
DCAF8	1	1.7953e-06	2.647518e-05	111822	2
DCAF8	1	2.2737e-06	2.647518e-05	111822	2
DCDC2B	1	1.0359000000000001e-06	0.00122149663	106907	130
DCLRE1B	1	1.1419e-06	0.00013213760000000001	112353	14
DCST1	1	2.2123e-06	0.00043685387999999997	109648	47
DCST2	1	2.4829e-06	0.00040084771	110350	44
DDAH1	1	7.1566e-07	4.249125e-05	107842	4
DDI2	1	1.3922e-06	8.800030000000001e-06	111445	0
DDOST	1	1.043e-06	4.4015370000000003e-05	107443	4
DDR2	1	2.4184e-06	3.626533e-05	111709	4
DDX20	1	1.4205000000000002e-06	0.00031824754000000003	110694	35
DDX59	1	1.3799000000000001e-06	0.00030015322	109870	32
DEDD	1	9.5792e-07	8.790439999999999e-06	111843	0
DEGS1	1	4.8273e-07	8.92347e-06	107639	0
DENND1B	1	1.0923000000000001e-06	8.8563e-06	105439	0
DENND2C	1	2.9354000000000003e-06	0.00018700995999999998	111860	20
DENND2D	1	1.3875999999999999e-06	0.0014542656900000002	110960	161
DENND4B	1	3.2719999999999998e-06	1.788463e-05	106274	1
DEPDC1	1	2.1212e-06	0.00014608883	106454	15
DESI2	1	5.117100000000001e-07	1.77737e-05	105328	1
DFFA	1	5.2728e-07	8.81694e-06	110041	0
DFFB	1	7.5441e-07	0.0001410939	110148	15
DHCR24	1	1.5805000000000002e-06	4.425404e-05	111244	4
DHDDS	1	1.2438e-06	2.6372550000000002e-05	111175	2
DHRS3	1	4.8981e-07	1.9027879999999996e-05	106640	2
DHX9	1	4.6423000000000004e-06	1.76872e-05	109832	1
DIEXF	1	1.8263e-06	0.00023034742000000002	110769	25
DIO1	1	5.684700000000001e-07	0.00027219714	110232	30
DIRAS3	1	0.0	0.0	112857	0
DISC1	1	1.3844999999999998e-06	4.4840079999999996e-05	110132	4
DISP1	1	2.6569999999999997e-06	8.834417999999999e-05	113034	9
DLEU2L	1	3.5478e-08	0.0	106183	0
DLGAP3	1	1.8431e-06	8.79229e-06	105465	0
DMAP1	1	1.3667e-06	6.190196e-05	107538	6
DMBX1	1	5.4754e-07	0.0	111225	0
DMRTA2	1	3.4206e-07	0.0	88239	0
DMRTB1	1	4.932e-07	0.0	104835	0
DNAH14	1	1.1099e-06	0.0022712858	98269	223
DNAJB4	1	8.4289e-07	3.6443e-05	110406	4
DNAJC11	1	2.2841e-06	2.242279e-05	109018	2
DNAJC16	1	2.536e-06	0.00023820562000000003	111927	26
DNAJC6	1	2.3349000000000003e-06	2.8520359999999996e-05	109743	3
DNAJC8	1	1.1829000000000001e-06	4.424575e-05	111088	4
DNALI1	1	8.495e-07	0.00041447578999999997	110336	45
DNASE2B	1	1.0931e-06	0.00124128338	108622	134
DNM3	1	2.3127e-06	6.622638000000001e-05	101464	6
DNTTIP2	1	1.5356e-06	7.121266e-05	109021	7
DOCK7	1	6.9987000000000004e-06	0.00019600533	109688	21
DPH2	1	1.1192e-06	9.722771999999999e-05	109253	10
DPH5	1	7.068000000000001e-07	0.00011698153999999998	110379	12
DPM3	1	1.3723e-07	0.0	109436	0
DPT	1	6.803e-07	7.061709e-05	112202	7
DPYD	1	2.6713e-06	0.00591750098	111031	657
DR1	1	3.4638000000000006e-07	0.0	106084	0
DRAM2	1	5.652399999999999e-07	0.00012497881999999998	109320	13
DRAXIN	1	8.8821e-07	0.00016225401	107109	17
DSTYK	1	2.6591e-06	0.00037922302999999997	109888	41
DTL	1	2.0409000000000002e-06	7.984068e-05	111013	8
DUSP10	1	8.9065e-07	1.1931199999999999e-05	110985	1
DUSP12	1	9.4546e-07	8.065543000000001e-05	108333	8
DUSP23	1	5.3133e-07	0.0	112928	0
DUSP27	1	1.9587999999999998e-06	0.00029043901000000004	107938	31
DVL1	1	1.5928e-06	8.819663000000001e-05	103007	9
DYRK3	1	9.427899999999999e-07	0.00012321276	112325	13
E2F2	1	6.945300000000001e-07	1.8360510000000002e-05	105292	1
EBNA1BP2	1	1.3749000000000002e-06	0.00014797746000000001	107502	15
ECE1	1	1.9834e-06	2.640941e-05	109871	2
ECHDC2	1	1.4862e-06	0.0015117121300000003	105455	159
ECM1	1	1.9221e-06	0.00047165825999999995	112912	53
EDARADD	1	5.779699999999999e-07	7.939464e-05	110708	8
EDEM3	1	2.3263e-06	8.131957e-05	106709	8
EDN2	1	3.2468e-07	0.0	101385	0
EFCAB14	1	1.1173999999999999e-06	8.836982e-05	102737	9
EFCAB2	1	5.9078e-07	0.00024980251	106400	26
EFCAB7	1	1.8318e-06	0.00046581575	107095	49
EFHD2	1	3.0205e-07	8.99459e-06	99915	0
EFNA1	1	4.2421000000000006e-07	0.0	111173	0
EFNA3	1	4.3558e-07	7.079915e-05	108359	7
EFNA3	1	4.0997e-07	7.079915e-05	108359	7
EFNA4	1	3.9982e-07	2.676841e-05	108302	2
EGLN1	1	8.392799999999999e-07	8.80328e-06	109482	0
EIF2B3	1	1.269e-06	2.639998e-05	112599	2
EIF2D	1	2.0363999999999997e-06	0.0001055658	112045	11
EIF3I	1	7.7404e-07	9.24915e-06	109712	1
EIF4G3	1	4.4619e-06	1.789697e-05	108971	1
ELAVL4	1	7.982600000000001e-07	8.89537e-06	109738	0
ELF3	1	1.3575e-06	1.766309e-05	109952	1
ELK4	1	6.3657e-07	5.337337e-05	111828	5
ELOVL1	1	8.139799999999999e-07	1.758598e-05	112357	1
ELTD1	1	1.3291e-06	0.00012103641000000001	106357	12
EMC1	1	3.1382e-06	0.00042280434000000004	111526	47
ENAH	1	1.9943e-06	9.07985e-06	105936	0
ENO1	1	1.0792e-06	7.927509e-05	112685	8
ENSA	1	3.6871e-07	0.0	108276	0
EPB41	1	2.6316000000000004e-06	0.00014632708	110358	16
EPHA10	1	2.0599e-06	0.0004110639	105594	43
EPHA2	1	2.4758e-06	0.00018564984	111239	20
EPHA8	1	2.5626e-06	0.00016802495	107309	18
EPHB2	1	2.0196e-06	2.6397309999999996e-05	111566	2
EPHX1	1	1.13e-06	0.00013720937	109726	15
EPHX4	1	1.1589e-06	0.00011648316000000001	108482	12
EPRS	1	4.2012e-06	0.00015124942	109853	16
EPS15	1	2.1397e-06	8.870679e-05	109491	9
EPS8L3	1	2.2594999999999997e-06	0.00024385988999999996	109357	26
ERI3	1	8.1514e-07	4.399881e-05	109508	4
ERMAP	1	1.1004999999999999e-06	7.072924e-05	110955	7
ERO1LB	1	1.8528999999999999e-06	0.00021401223999999999	108126	23
ERRFI1	1	7.321600000000001e-07	0.00010562492	112135	11
ESPN	1	1.2796e-06	5.020634e-05	103029	5
ESRRG	1	1.18e-06	3.668532e-05	110171	4
ETNK2	1	7.704099999999999e-07	9.307631e-05	106959	9
ETV3	1	7.669400000000001e-07	1.75905e-05	82676	1
ETV3L	1	8.5624e-07	0.0001859614	110096	20
EVA1B	1	1.8516999999999998e-07	0.0	96388	0
EVI5	1	2.2852e-06	0.00030221677	108540	32
EXO1	1	2.0525e-06	0.0028744612199999996	112424	323
EXO5	1	5.1129e-07	8.797485999999999e-05	112629	9
EXOC8	1	1.4145e-06	8.81632e-06	111829	0
EXOSC10	1	3.2104000000000002e-06	0.00022140987000000001	111628	24
EXTL1	1	1.2754e-06	0.00204963233	108802	223
EXTL2	1	8.667200000000001e-07	8.031695e-05	110083	8
EYA3	1	1.5678999999999998e-06	4.402913e-05	111099	4
F11R	1	8.936e-07	4.399023e-05	113357	4
F13B	1	1.4288999999999998e-06	9.754151e-05	111604	10
F3	1	6.3646e-07	2.640942e-05	112582	2
F5	1	4.996e-06	0.00017664735	112688	19
FAAH	1	1.3034e-06	0.00012414983	108589	13
FABP3	1	2.3183000000000003e-07	8.800030000000001e-06	111519	0
FAF1	1	2.2674e-06	1.78717e-05	109308	1
FAIM3	1	9.4446e-07	7.637443e-05	110810	8
FAM102B	1	1.0323e-06	0.00013320903	110183	14
FAM110D	1	2.1119e-07	0.0	82121	0
FAM129A	1	1.7206e-06	0.00043122496	110528	47
FAM131C	1	5.765399999999999e-07	2.989142e-05	105967	3
FAM132A	1	4.6266000000000004e-07	0.00021397371	94243	20
FAM151A	1	1.0517e-06	0.0010572751199999998	112045	118
FAM159A	1	2.2038e-07	1.844525e-05	107787	1
FAM163A	1	2.209e-07	1.78795e-05	101561	1
FAM167B	1	3.2475e-07	4.96837e-05	91063	4
FAM177B	1	5.3549e-07	7.982071999999999e-05	109903	8
FAM183A	1	2.9273000000000005e-07	9.18763e-06	107330	0
FAM189B	1	1.6454e-06	0.00058115705	108026	62
FAM19A3	1	3.2738e-07	5.4877869999999996e-05	109132	5
FAM20B	1	1.4291e-06	4.4475249999999994e-05	111546	4
FAM212B	1	7.0083e-07	9.67635e-05	112323	10
FAM213B	1	4.0204e-07	1.90002e-05	106304	2
FAM229A	1	3.2446000000000005e-08	0.0	111971	0
FAM43B	1	2.1581e-07	0.0	106992	0
FAM46B	1	5.4958e-07	9.03283e-05	107945	9
FAM46C	1	5.0019e-07	0.0	112357	0
FAM63A	1	1.5273e-06	0.0009154209800000001	107164	98
FAM69A	1	6.5271e-07	1.7804500000000002e-05	95701	1
FAM71A	1	0.0	0.0	112266	0
FAM72A	1	1.0407999999999999e-07	8.879730000000001e-06	108929	0
FAM72B	1	1.5875e-07	8.85567e-06	100505	0
FAM72C	1	2.8961e-08	0.0	101115	0
FAM72D	1	9.7271e-08	0.0	110863	0
FAM73A	1	1.7618e-06	9.986868000000001e-05	108515	10
FAM76A	1	9.2492e-07	7.091608e-05	111054	7
FAM78B	1	3.5561e-07	1.790009e-05	105018	1
FAM89A	1	1.4892e-07	4.4843900000000006e-05	110342	4
FASLG	1	5.432899999999999e-07	0.0	112798	0
FBLIM1	1	6.5994e-07	7.17987e-05	107652	7
FBXO2	1	6.2137e-07	5.175114e-05	107909	5
FBXO28	1	1.0397e-06	8.79832e-06	105684	0
FBXO42	1	1.9146000000000003e-06	8.817368e-05	112440	9
FBXO44	1	8.393299999999999e-07	9.726881e-05	109174	10
FBXO6	1	6.223e-07	4.404402e-05	110595	4
FCAMR	1	1.0235e-06	0.00022650822	97571	22
FCER1A	1	4.4466e-07	4.413335999999999e-05	112171	4
FCER1G	1	4.8207e-07	1.7601e-05	109492	1
FCGR1A	1	7.185e-07	0.00643353519	108489	697
FCGR1B	1	5.401699999999999e-07	0.00033538348	108560	36
FCGR2A	1	5.4413e-07	0.13000977775	112928	14681
FCGR2B	1	4.2193000000000007e-07	1.7694070000000002e-05	107821	1
FCGR2C	1	0.0	0.0	107859	0
FCGR3A	1	4.4516999999999996e-07	0.00024667787999999995	111798	27
FCGR3B	1	4.2507e-07	7.096204999999999e-05	108915	7
FCN3	1	5.637300000000001e-07	0.00251803192	110922	279
FCRL1	1	9.0635e-07	0.0006738250200000001	111157	74
FCRL2	1	1.0997e-06	0.00020268087999999998	112051	22
FCRL3	1	1.7243000000000002e-06	0.00289254279	110237	318
FCRL4	1	1.6140000000000001e-06	0.00046110599	111774	51
FCRL5	1	1.6331999999999999e-06	0.00026690236	109478	29
FCRL6	1	1.0371e-06	0.00296450962	110911	328
FCRLA	1	7.395699999999999e-07	0.00015064348	111163	16
FCRLB	1	7.2675e-07	6.0167830000000006e-05	105218	6
FDPS	1	1.023e-06	3.524245e-05	109339	3
FGGY	1	1.5831e-06	0.004688770429999999	111175	521
FGR	1	1.4369e-06	1.7600060000000002e-05	109160	1
FH	1	1.0795e-06	1.759046e-05	111124	1
FHAD1	1	4.1006999999999997e-07	0.00119048	60522	72
FHL3	1	8.126100000000001e-07	8.80204e-06	113084	0
FLAD1	1	1.3129e-06	0.00015840254	110089	17
FLG	1	6.8828e-08	6.167391e-05	112939	6
FLG2	1	5.9962e-08	1.777194e-05	113303	2
FLVCR1	1	1.0786e-06	9.688519e-05	110833	10
FMN2	1	3.2217e-06	5.332621e-05	106319	5
FMO1	1	1.5766999999999999e-06	0.00010665964	108756	11
FMO2	1	9.048100000000001e-07	0.00025690752	111150	28
FMO3	1	9.0786e-07	0.00055544013	111477	61
FMO4	1	1.116e-06	0.00023369875	110755	25
FMO5	1	1.1065000000000001e-06	0.00035413718	111041	39
FMO6P	1	6.7351e-07	0.0	61461	0
FMOD	1	5.849e-07	3.5189570000000004e-05	111764	3
FNBP1L	1	1.9305e-06	4.25444e-05	96127	4
FNDC5	1	2.7737e-07	8.793369999999999e-06	112495	0
FNDC7	1	1.6438e-06	0.0010442138499999999	99926	104
FOXD2	1	2.5261e-07	0.0	101020	0
FOXD3	1	2.9785e-07	0.0	97072	0
FOXE3	1	1.0729000000000002e-07	0.0	106603	0
FOXJ3	1	1.776e-06	2.7585120000000003e-05	108673	2
FOXO6	1	4.6917e-07	0.0	71634	0
FPGT	1	9.1816e-07	0.00019644176999999998	110227	21
FPGT-TNNI3K	1	2.9912e-06	0.00099624788	109529	109
FRRS1	1	1.5474e-06	8.825519e-05	111736	9
FUBP1	1	1.9643999999999998e-06	1.99944e-05	108837	2
FUCA1	1	1.1962e-06	8.046328e-05	110715	8
G0S2	1	3.6542e-08	0.0	94604	0
GABPB2	1	1.3104e-06	0.00014186521	110821	15
GABRD	1	9.1632e-07	0.0	105264	0
GADD45A	1	2.9077e-07	8.99523e-06	103622	0
GALE	1	8.581600000000001e-07	8.816361999999999e-05	111635	9
GALNT2	1	2.1791e-06	5.305049e-05	112593	5
GATAD2B	1	1.9181e-06	0.0	109067	0
GBA	1	1.5221e-06	0.00016540273000000002	110166	18
GBP1	1	1.4903e-06	0.00039832195	111735	44
GBP2	1	1.5274000000000002e-06	0.00014989496	112412	16
GBP3	1	1.5635e-06	0.00037668483	108983	41
GBP4	1	1.3763999999999999e-06	0.0056818491399999995	112090	636
GBP5	1	1.1976e-06	0.00020299096000000002	111714	22
GBP6	1	1.3533e-06	0.00012392685	111475	13
GBP7	1	1.4833e-06	0.0013920239199999998	112131	156
GCLM	1	5.9205e-07	0.0	106212	0
GCSAML	1	3.1245e-07	0.06628499507	106794	7078
GDAP2	1	1.8609e-06	0.00017753276999999998	110814	19
GFI1	1	7.0363e-07	2.7248850000000003e-05	103185	2
GGPS1	1	5.9127e-07	8.79755e-06	110638	0
GIPC2	1	6.0277e-07	0.00016733249	104625	17
GJA4	1	6.7123e-07	3.5236350000000004e-05	111523	3
GJA5	1	8.3191e-07	1.761199e-05	113383	1
GJA8	1	5.155399999999999e-07	4.396471e-05	110855	4
GJA9	1	9.3411e-07	0.00022007488	109085	24
GJB3	1	4.3688999999999994e-07	1.76442e-05	113181	1
GJB4	1	2.4371e-07	0.0030256205	112066	339
GJB5	1	3.6083e-07	5.280514e-05	112066	5
GJC2	1	3.2215e-07	1.840691e-05	104913	1
GLIS1	1	9.445299999999999e-07	0.00017969243000000003	105974	19
GLMN	1	1.7396e-06	0.00014981278	110315	16
GLRX2	1	2.6245e-07	8.82613e-06	102554	0
GLTPD1	1	2.2641999999999999e-07	2.7427800000000002e-05	105333	2
GLUL	1	8.598600000000001e-07	0.0	113281	0
GMEB1	1	9.213500000000001e-07	8.84893e-06	109020	0
GNAI3	1	1.0779999999999999e-06	8.846744000000001e-05	111786	9
GNAT2	1	1.1801000000000001e-06	5.275563e-05	113455	5
GNB1	1	1.2169e-06	0.0	111001	0
GNG12	1	1.1482e-07	0.0	110490	0
GNG4	1	8.9996e-08	8.791669999999999e-06	112859	0
GNG5	1	1.1027000000000001e-07	8.80452e-06	106169	0
GNL2	1	2.3941e-06	0.00016795357	111065	18
GNPAT	1	1.8124e-06	6.159924e-05	111888	6
GOLPH3L	1	1.2445000000000001e-06	7.93454e-05	110881	8
GOLT1A	1	4.118899999999999e-07	8.813989999999998e-06	108555	0
GON4L	1	5.0142e-06	7.152455e-05	110173	7
GORAB	1	1.1125e-06	7.091303e-05	112196	7
GPA33	1	9.910700000000002e-07	7.921308000000001e-05	110824	8
GPATCH2	1	1.6522999999999998e-06	0.00015306091999999998	109274	16
GPATCH3	1	1.2506e-06	0.00101162527	111181	112
GPATCH4	1	4.9142e-07	1.76013e-05	109409	1
GPBP1L1	1	1.3613e-06	0.00016048722	107143	17
GPN2	1	6.8878e-07	7.123002e-05	110845	7
GPR137B	1	1.0948999999999999e-06	0.0005314922400000001	110401	58
GPR153	1	6.0412e-07	3.612399e-05	104818	3
GPR157	1	4.2998999999999995e-07	1.791427e-05	104867	1
GPR161	1	1.0366e-06	0.00020338207999999998	111007	22
GPR25	1	3.5490000000000003e-07	4.9828290000000005e-05	95444	4
GPR3	1	3.2596e-07	2.6446979999999998e-05	111823	2
GPR37L1	1	9.037899999999999e-07	0.00012870295	110945	14
GPR52	1	7.5699e-07	3.530911e-05	111492	3
GPR61	1	9.3161e-07	0.0	109335	0
GPR88	1	3.9395000000000006e-07	0.0	89775	0
GPR89A	1	1.215e-06	0.00020807052	107962	22
GPR89B	1	7.2226e-07	0.00066569873	106720	71
GPSM2	1	2.1672e-06	0.0004491349	111089	49
GPX7	1	8.324299999999999e-07	0.00013202485	105823	13
GREM2	1	3.1143000000000003e-07	1.782279e-05	104650	1
GRHL3	1	1.1872e-06	0.0	110411	0
GRIK3	1	2.754e-06	1.76347e-05	108487	1
GSTM1	1	4.9103e-07	0.0	72481	0
GSTM2	1	5.5533e-07	0.0001767568	112226	19
GSTM3	1	9.351100000000001e-07	9.732125e-05	106687	10
GSTM4	1	5.1534e-07	0.0030676803000000002	111707	342
GSTM5	1	5.0923e-07	0.00011432357	109993	12
GTF2B	1	1.1694e-06	3.521700999999999e-05	110106	3
GUCA2A	1	1.6221e-07	0.0	101114	0
GUCA2B	1	2.0756999999999997e-07	8.83283e-06	111252	0
GUK1	1	5.235100000000001e-07	2.706105e-05	105714	2
H3F3A	1	3.1032e-07	1.963999e-05	105624	2
H6PD	1	1.4593000000000002e-06	0.00017101462	111514	19
HAO2	1	1.2918e-06	0.0002207902	111582	24
HAPLN2	1	6.145600000000001e-07	5.616371e-05	100250	5
HAX1	1	8.469e-07	0.0001144217	112386	12
HCN3	1	1.3755000000000002e-06	0.00011580576	109339	12
HCRTR1	1	8.6209e-07	0.00017020505	109905	18
HDAC1	1	1.5765e-06	2.666068e-05	108046	2
HDGF	1	6.1571e-07	0.0	107733	0
HEATR1	1	5.1188e-06	1.769426e-05	109930	1
HECTD3	1	2.4843e-06	9.905033999999999e-05	110161	10
HENMT1	1	6.7149e-07	9.772351000000001e-05	110060	10
HES2	1	2.1136999999999997e-07	9.10415e-06	91956	0
HES3	1	1.5525e-07	0.0	101683	0
HES4	1	1.5251e-07	0.00010783551000000001	99721	10
HES5	1	1.4657e-07	0.0	100346	0
HEYL	1	9.159299999999999e-07	0.00010712625	103261	11
HFE2	1	9.2691e-07	5.316143e-05	111384	5
HFM1	1	4.1468e-06	0.0008275046	106708	88
HHAT	1	1.4587000000000001e-06	0.00010599352	111347	11
HHIPL2	1	1.7171e-06	0.00029129667999999996	111587	32
HHLA3	1	1.3378e-07	5.6228990000000006e-05	106587	5
HIAT1	1	1.5663e-06	2.6379970000000003e-05	108184	2
HIPK1	1	2.7375e-06	8.82177e-06	109425	0
HIST2H2AB	1	1.2705e-07	0.0	111723	0
HIST2H2AC	1	1.1392000000000002e-07	8.8022e-06	111723	0
HIST2H2BE	1	1.0105000000000001e-07	0.0	111723	0
HIST2H2BF	1	1.0585999999999998e-07	1.75815e-05	109593	1
HIST2H3D	1	1.1935e-07	9.14101e-05	110326	10
HIST2H3PS2	1	9.096199999999999e-08	0.0	108010	0
HIST3H2A	1	9.419399999999999e-08	0.0	109637	0
HIST3H2BB	1	9.748900000000001e-08	5.2783780000000006e-05	109637	5
HIST3H3	1	2.4906999999999994e-07	0.00016772308999999999	112918	18
HIVEP3	1	4.3472000000000005e-06	0.00019384659	109076	21
HLX	1	7.3243e-07	0.0	107649	0
HMCN1	1	1.4807e-05	0.0007422069099999999	112541	83
HMGB4	1	9.9152e-08	8.83798e-06	110915	0
HMGCL	1	7.924600000000001e-07	9.321256e-05	110911	10
HMGCS2	1	1.7468000000000002e-06	0.00022133502	112490	24
HMGN2	1	2.7159e-07	0.0	110641	0
HNRNPCL1	1	3.4415e-08	0.0	112406	0
HNRNPR	1	1.4479e-06	0.0008052715200000001	109266	87
HNRNPU	1	2.1934e-06	0.0	108115	0
HOOK1	1	2.2836e-06	0.00018224915000000002	108048	19
HORMAD1	1	1.0508e-06	8.85724e-06	103823	0
HP1BP3	1	1.1516e-06	8.93033e-06	109423	0
HPCA	1	4.232899999999999e-07	8.79368e-06	102872	0
HPCAL4	1	3.2246000000000004e-07	1.8167260000000002e-05	108238	1
HPDL	1	6.5637e-07	9.512882999999999e-05	109970	10
HRNR	1	9.1289e-08	2.8108779999999996e-05	111708	3
HS2ST1	1	1.1615e-06	1.770121e-05	108828	1
HSD11B1	1	4.1148999999999993e-07	2.64831e-05	112659	2
HSD17B7	1	6.1642e-07	3.532201e-05	109771	3
HSD3B1	1	8.2637e-07	6.172133000000001e-05	113045	6
HSD3B2	1	5.7446e-07	0.00014979296	113083	16
HSPA6	1	4.7971e-07	0.0040739854399999996	107311	437
HSPB11	1	3.2747e-07	3.5395890000000004e-05	108007	3
HSPB7	1	2.8211e-07	2.8620759999999996e-05	103156	2
HSPG2	1	1.2552000000000001e-05	0.00041647691	107730	44
HTR1D	1	4.5652e-07	4.398358e-05	112855	4
HTR6	1	4.419600000000001e-07	3.544474e-05	104629	3
HYI	1	9.1236e-07	0.00016737433999999997	106390	17
IARS2	1	2.8386000000000002e-06	0.00014088198999999998	108769	15
IBA57	1	8.002e-07	1.0805699999999999e-05	105310	1
IBA57-AS1	1	0.0	0.0	106367	0
ICMT	1	8.013500000000001e-07	8.82566e-06	108575	0
ID3	1	1.8397999999999998e-07	0.0	111942	0
IER5	1	2.824e-07	0.0	101655	0
IFFO2	1	1.2806999999999999e-06	0.0	70847	0
IFI16	1	1.6519999999999998e-06	0.00011828035	109181	12
IFI44	1	1.2116e-06	0.0003525174	110079	38
IFI44L	1	8.605299999999999e-07	0.007850525629999999	110286	865
IFI6	1	1.8227e-07	0.0	85446	0
IFNLR1	1	5.1107e-07	8.841110000000001e-06	109185	0
IFRG15	1	2.9748e-07	0.0	107860	0
IGFN1	1	5.5417e-06	0.00416451934	92780	386
IGSF21	1	1.0208e-06	4.491087e-05	110418	4
IGSF3	1	3.1861000000000003e-06	9.299563e-05	108584	10
IGSF8	1	1.9121e-06	0.00030148883	109548	33
IGSF9	1	3.2493e-06	0.00025259319	105932	26
IKBKE	1	2.3278999999999998e-06	8.043929e-05	108279	8
IL10	1	6.627199999999999e-07	2.7348330000000002e-05	111566	3
IL12RB2	1	2.2597e-06	0.00023759117000000002	112936	26
IL19	1	5.700899999999999e-07	7.916649e-05	105872	8
IL20	1	5.4749e-07	0.0007927194099999999	111045	88
IL22RA1	1	1.2122e-06	7.787294e-05	107907	8
IL23R	1	1.3643e-06	7.925955e-05	112107	8
IL24	1	4.6473e-07	9.025988000000001e-05	110970	10
IL6R	1	1.0205e-06	6.200018e-05	112030	6
ILDR2	1	1.3039e-06	8.107834e-05	108849	8
ILF2	1	1.48e-06	1.774906e-05	110778	1
INADL	1	5.1907e-06	0.00097188978	110155	107
INPP5B	1	2.9070999999999997e-06	0.00069135997	109743	75
INSL5	1	7.5386e-08	8.81337e-06	112432	0
INSRR	1	3.1208e-06	0.00034669621	109137	37
INTS3	1	3.7889e-06	7.038568e-05	110135	7
INTS7	1	2.1866999999999997e-06	8.902321e-05	110373	9
IPO13	1	2.9038e-06	5.291563e-05	110652	5
IPO9	1	2.9101999999999997e-06	2.8170359999999998e-05	109405	3
IPP	1	1.7247e-06	9.132639000000001e-05	107607	9
IQCC	1	9.787e-07	6.441105e-05	108063	6
IQGAP3	1	5.6261e-06	0.0031232881	111091	346
IRF2BP2	1	4.5303000000000003e-07	1.13407e-05	105592	1
IRF6	1	1.1579e-06	0.0	112668	0
ISG15	1	4.7048e-08	0.0	110164	0
ISG20L2	1	8.3664e-07	1.759388e-05	112387	1
ITGA10	1	4.1044e-06	0.00066221306	110079	72
ITGB3BP	1	6.018199999999999e-07	0.00011710616000000002	105716	12
ITLN1	1	9.189e-07	4.398748e-05	111480	4
ITLN2	1	7.8801e-07	0.00016770817999999999	109054	18
ITPKB	1	1.4882e-06	9.66707e-06	106998	1
IVL	1	0.0	0.0	90096	0
IVNS1ABP	1	2.351e-06	3.566958e-05	111371	3
JAK1	1	3.1133999999999997e-06	6.230526e-05	110943	6
JMJD4	1	7.6074e-07	0.0005660593700000001	103765	58
JTB	1	4.8849e-07	8.7926e-06	112451	0
JUN	1	3.3525e-07	2.7416890000000004e-05	106156	2
KANK4	1	1.9141e-06	9.111201999999999e-05	111684	10
KAZN	1	2.0237e-06	3.747242e-05	102013	3
KCNA10	1	4.1659e-07	4.399441e-05	113128	4
KCNA2	1	1.1476e-06	0.0	112230	0
KCNA3	1	9.6414e-07	2.63532e-05	107422	2
KCNAB2	1	1.2488e-06	0.0	106838	0
KCNC4	1	9.2008e-07	7.160229e-05	106987	7
KCND3	1	1.0874e-06	1.768989e-05	109045	1
KCNH1	1	1.9338e-06	6.544253000000001e-05	109842	7
KCNJ10	1	6.2325e-07	2.6486740000000005e-05	111696	2
KCNJ9	1	6.0867e-07	8.83127e-06	108984	0
KCNK1	1	4.2664999999999997e-07	4.78473e-05	109088	5
KCNK2	1	8.242e-07	3.5200309999999996e-05	111083	3
KCNN3	1	1.5218e-06	4.401845e-05	109157	4
KCNQ4	1	1.6296e-06	5.426986999999999e-05	104969	5
KCNT2	1	3.8378e-06	6.229625e-05	107104	6
KCTD3	1	2.6973e-06	3.588651e-05	109448	3
KDM1A	1	2.6342e-06	3.5470890000000006e-05	107151	3
KDM4A	1	3.2856999999999997e-06	1.761854e-05	111036	1
KDM5B	1	5.8149e-06	0.0003296907	109656	36
KHDRBS1	1	9.8139e-07	8.87485e-06	109457	0
KIAA0040	1	1.181e-07	0.0	59698	0
KIAA0319L	1	2.7116000000000004e-06	6.248786999999999e-05	111180	6
KIAA0754	1	8.213899999999999e-07	8.8494e-06	109943	0
KIAA0907	1	1.7925e-06	1.763122e-05	108576	1
KIAA1107	1	2.5485e-06	6.596359999999999e-05	60422	3
KIAA1324	1	2.7962e-06	0.00019377946	111514	21
KIAA1522	1	1.5234e-06	1.80909e-05	107214	1
KIAA1614	1	2.1848e-06	0.0008817386099999999	108929	96
KIAA2013	1	7.5914e-07	3.57684e-05	106644	3
KIF14	1	3.8645e-06	0.00020447668	109237	22
KIF17	1	1.8795e-06	0.00239565379	107573	257
KIF1B	1	6.4673e-06	6.183305e-05	112710	6
KIF21B	1	5.1837e-06	0.0004894646	108933	53
KIF26B	1	3.0264999999999997e-06	1.8160820000000002e-05	104870	1
KIF2C	1	2.4022e-06	0.0014233695	111573	158
KIFAP3	1	2.8319999999999997e-06	8.954694e-05	106934	9
KIRREL	1	2.0342e-06	2.513804e-05	106786	2
KISS1	1	7.914100000000001e-08	0.0	94504	0
KLF17	1	9.350799999999999e-07	0.00028527921	109915	31
KLHDC7A	1	1.1384e-06	0.00033670074	109843	36
KLHDC8A	1	1.0602e-06	0.00019564074000000002	110225	21
KLHDC9	1	8.0566e-07	0.00084611354	106353	89
KLHL12	1	1.4496e-06	4.401782999999999e-05	109015	4
KLHL17	1	1.6488e-06	0.00017855413	104884	18
KLHL20	1	2.064e-06	4.427295e-05	110271	4
KLHL21	1	7.460300000000001e-07	0.000165891	103821	17
KMO	1	1.4249000000000001e-06	0.00016792317999999998	110413	18
KNCN	1	9.5684e-08	0.000297072	93346	27
KPNA6	1	2.0912999999999998e-06	1.7620689999999998e-05	110205	1
KPRP	1	5.8187e-07	8.795919e-05	113298	9
KRTCAP2	1	4.256e-07	8.878519e-05	108829	9
KTI12	1	3.4921999999999995e-07	0.0	109607	0
L1TD1	1	6.6734e-07	1.9955160000000002e-05	104583	2
LAD1	1	1.1653e-06	0.00027618099999999996	108909	30
LAMB3	1	3.4505000000000003e-06	0.0014792881900000002	111201	164
LAMC1	1	4.2752e-06	4.421522e-05	111129	4
LAMC2	1	3.6567e-06	0.00026451343	112548	29
LAMTOR2	1	3.7853000000000004e-07	8.79198e-06	108934	0
LAMTOR5	1	3.2799999999999997e-07	1.7646689999999998e-05	112454	1
LAPTM5	1	4.9977e-07	9.45662e-06	107070	1
LAX1	1	8.345299999999999e-07	0.0001670223	109740	18
LBR	1	2.4927000000000003e-06	6.154608e-05	106456	6
LCE1A	1	1.0208e-07	2.643926e-05	110619	2
LCE1B	1	9.901300000000001e-08	8.78982e-06	111100	0
LCE1C	1	9.3762e-08	8.79956e-06	110918	0
LCE1D	1	9.722799999999999e-08	3.01773e-05	96190	2
LCE1E	1	1.0270999999999998e-07	0.0	111355	0
LCE1F	1	1.0905999999999999e-07	0.0	107807	0
LCE2A	1	2.2318000000000002e-07	0.00022858	112836	25
LCE2B	1	4.9253e-08	8.79322e-06	112530	0
LCE2C	1	2.4087e-08	1.7592599999999998e-05	112147	1
LCE2D	1	3.7856e-08	8.80607e-06	111687	0
LCE3A	1	0.0	0.0	113333	0
LCE3B	1	8.6607e-08	0.00010534200000000001	66145	6
LCE3C	1	7.3594e-08	0.0	66048	0
LCE3D	1	7.2027e-08	1.75806e-05	113634	1
LCE3E	1	6.9381e-08	0.0	112952	0
LCE4A	1	0.0	0.0	106108	0
LCE5A	1	9.6681e-08	0.0	103942	0
LCE6A	1	0.0	0.0	60403	0
LCK	1	1.5763999999999998e-06	0.0	104487	0
LDLRAD1	1	6.8931e-07	0.00011251315000000001	104283	11
LDLRAD2	1	4.5323e-07	1.9924160000000002e-05	105846	2
LDLRAP1	1	6.3381e-07	5.2809099999999996e-05	112259	5
LEFTY1	1	7.781e-07	0.00013562468	106215	14
LEFTY2	1	8.2869e-07	8.319225e-05	106320	8
LELP1	1	5.6380999999999994e-08	0.0	112060	0
LEMD1	1	4.0840000000000003e-07	7.038795999999999e-05	113537	7
LENEP	1	1.5435e-07	8.83174e-06	110150	0
LEPR	1	2.4165e-06	4.407946e-05	110434	4
LEPRE1	1	1.9022e-06	0.00025661861	108749	27
LEPROT	1	2.2838e-07	0.0	102349	0
LGALS8	1	8.9039e-07	0.03323314687	110493	3672
LGR6	1	1.7675999999999998e-06	6.157411e-05	109718	6
LHX4	1	8.525399999999999e-07	2.6457129999999997e-05	111758	2
LHX8	1	8.8368e-07	8.80902e-06	106743	0
LHX9	1	8.515700000000002e-07	1.75852e-05	110585	1
LIN28A	1	4.4233e-07	1.82793e-05	109746	2
LIN9	1	1.9848e-06	2.20517e-05	103128	2
LINGO4	1	7.0509e-07	0.00012327614	111857	13
LIX1L	1	1.0276000000000001e-06	2.647147e-05	109458	2
LMNA	1	1.5794999999999999e-06	8.803439999999999e-06	103795	0
LMO4	1	3.3938e-07	0.0	109446	0
LMOD1	1	9.247399999999998e-07	8.852689999999998e-06	108019	0
LMX1A	1	1.32e-06	1.75892e-05	110819	1
LOR	1	1.891e-07	1.92467e-05	92896	1
LPAR3	1	3.4388000000000003e-07	8.80018e-06	111566	0
LPGAT1	1	1.1013e-06	1.77521e-05	109759	1
LPHN2	1	4.1988e-06	1.78173e-05	109629	1
LPPR4	1	1.7787e-06	1.807839e-05	110370	1
LPPR5	1	1.1536e-06	2.672696e-05	106989	2
LRIF1	1	1.2745999999999998e-06	7.934335999999999e-05	111370	8
LRIG2	1	2.795e-06	0.00033181437999999994	110570	36
LRP8	1	2.3405000000000003e-06	2.37328e-05	110992	2
LRRC39	1	1.0467e-06	0.00023127612000000002	109538	25
LRRC40	1	1.7694e-06	0.00026674528999999996	106305	28
LRRC41	1	2.129e-06	8.81601e-06	110012	0
LRRC42	1	1.2608e-06	0.00032743377	112314	36
LRRC47	1	6.594800000000001e-07	3.582156e-05	105585	3
LRRC52	1	5.1514e-07	0.00011446027	112646	12
LRRC53	1	1.007e-06	0.0	110125	0
LRRC7	1	3.8422e-06	9.769680000000001e-05	110511	10
LRRC71	1	1.4266999999999998e-06	0.00230924341	98113	226
LRRC8B	1	1.2675e-06	0.0	112426	0
LRRC8C	1	1.6815000000000001e-06	0.00012325855	112576	13
LRRC8D	1	1.3611000000000002e-06	2.6488270000000003e-05	113109	2
LRRIQ3	1	1.4884e-06	0.00030202027	105679	31
LRRN2	1	1.0368e-06	2.646505e-05	112301	2
LSM10	1	9.939999999999999e-08	2.6374990000000003e-05	113116	2
LURAP1	1	4.965e-07	3.744872e-05	105275	3
LUZP1	1	2.1278e-06	3.5277399999999995e-05	112504	3
LY9	1	1.6158e-06	0.00022245061000000002	110785	24
LYPD8	1	0.0	0.0	59694	0
LYPLA2	1	7.5243e-07	0.0	111451	0
LYPLAL1	1	4.3174e-07	5.3741309999999994e-05	108803	5
LYSMD1	1	4.6566e-07	5.2756499999999995e-05	110356	5
LYST	1	1.0362e-05	0.00016828817	111863	18
LZIC	1	4.3416e-07	3.5493820000000004e-05	111527	3
MAB21L3	1	8.3837e-07	0.00040546286	111812	45
MACF1	1	1.8636e-05	9.687870999999999e-05	111538	10
MAD2L2	1	5.5226e-07	7.082361e-05	109728	7
MAEL	1	1.696e-06	7.140825e-05	107662	7
MAGI3	1	3.3426999999999998e-06	8.866353000000001e-05	108521	9
MAGOH	1	5.8187e-07	8.81213e-06	107874	0
MAN1A2	1	1.7599e-06	8.8469e-06	108753	0
MAN1C1	1	1.8868e-06	4.416881e-05	108792	4
MANEAL	1	6.0364e-07	2.6892070000000004e-05	108427	2
MAP10	1	1.3968000000000001e-06	0.00015865018	108034	17
MAP1LC3C	1	2.2285999999999997e-07	0.00011441051000000002	112467	12
MAP3K6	1	2.9907e-06	0.00471432505	108898	513
MAP7D1	1	2.2732e-06	1.04826e-05	100872	1
MAPKAPK2	1	1.1962e-06	0.0	110522	0
MARC1	1	9.449600000000001e-07	0.00013471486	109923	14
MARC2	1	6.9211e-07	5.436985e-05	105887	5
MARCKSL1	1	1.8348e-07	1.7814849999999998e-05	106397	1
MARK1	1	3.1278e-06	5.473316e-05	107676	5
MASP2	1	1.3993e-06	0.0002859068	105597	30
MAST2	1	4.6124e-06	0.00025745776	110768	28
MATN1	1	7.022700000000001e-07	3.558266e-05	108047	3
MCL1	1	4.4931000000000004e-07	0.0	105158	0
MCOLN2	1	1.2818000000000002e-06	0.00021314202000000001	111256	23
MCOLN3	1	1.8669e-06	0.00015865642	111039	17
MDM4	1	1.3922e-06	0.0	109595	0
MDS2	1	2.0291e-07	9.159349999999999e-06	98864	0
MEAF6	1	8.245100000000001e-07	1.7837179999999998e-05	106755	1
MECR	1	1.1694e-06	9.963378e-05	107518	10
MED18	1	4.579e-07	3.51616e-05	111097	3
MED8	1	8.792e-07	0.00012512408	106125	13
MEF2D	1	1.3322e-06	9.1905e-06	103308	0
MEGF6	1	4.804e-06	0.00094876334	97239	92
METTL11B	1	4.829299999999999e-07	0.0002146666	61117	13
METTL13	1	1.9167e-06	0.00014322711000000002	109594	15
METTL18	1	5.1427e-07	4.404582999999999e-05	110934	4
MEX3A	1	5.9817e-07	0.0	107460	0
MFAP2	1	6.7816e-07	8.830485999999999e-05	104819	9
MFN2	1	2.0568e-06	1.835573e-05	113014	2
MFSD2A	1	1.4278e-06	4.401854e-05	110958	4
MFSD4	1	1.0581999999999999e-06	6.557697e-05	110592	7
MGST3	1	7.951999999999999e-07	5.274699000000001e-05	112658	5
MIA3	1	4.1257e-06	0.00011550408000000002	110655	12
MIB2	1	2.3672999999999998e-06	0.0012739933	98440	125
MIER1	1	2.0831e-06	3.562129e-05	107100	3
MIIP	1	1.2239e-06	0.00049836692	109514	54
MINOS1	1	2.1508000000000002e-07	0.0	109520	0
MINOS1-NBL1	1	2.4808000000000004e-07	3.6826199999999996e-05	108888	4
MIXL1	1	2.0168e-07	5.275389e-05	104097	5
MKNK1	1	1.4176e-06	0.00014971706	109586	16
MLK4	1	1.9061e-06	0.00013373817	110377	14
MLLT11	1	9.4558e-08	0.0	112542	0
MMACHC	1	1.0784000000000001e-06	0.00018557907	110326	20
MMEL1	1	2.9966000000000002e-06	0.00042262927000000005	106597	45
MMP23B	1	6.4322e-08	0.0	102792	0
MNDA	1	8.199e-07	0.00031903089	110138	35
MOB3C	1	6.9251e-07	0.47590154838	110664	52665
MORN1	1	1.2438e-06	0.00018559017	105715	19
MOV10	1	2.7262e-06	1.766397e-05	110424	1
MPC2	1	3.2169e-07	9.48857e-06	94852	0
MPL	1	2.2351e-06	0.00037152934999999996	110415	41
MPZ	1	5.2126e-07	1.770885e-05	110144	1
MPZL1	1	4.378100000000001e-07	2.645972e-05	110200	2
MR1	1	7.9777e-07	0.00022080799	111559	24
MROH7	1	3.2338e-06	0.00035843282	110176	39
MROH9	1	2.0689e-06	0.00016188463	107834	17
MRPL20	1	3.8465000000000005e-07	5.293887e-05	107472	5
MRPL24	1	8.142e-07	0.00015926981	110189	17
MRPL37	1	1.1509999999999999e-06	0.00014076562	110496	15
MRPL55	1	6.0468e-07	7.088378e-05	100387	7
MRPL9	1	6.436e-07	5.457943e-05	104971	5
MRPS14	1	4.486e-07	0.00012421138000000002	109041	13
MRPS15	1	9.923e-07	0.00037895400000000003	111810	42
MRPS21	1	2.4096e-07	8.810110000000001e-06	111584	0
MRTO4	1	6.3521e-07	0.0	109527	0
MSH4	1	2.263e-06	0.00037256408	105107	39
MSTO1	1	1.0919e-06	7.968185999999999e-05	105777	8
MT1HL1	1	0.0	0.0	113157	0
MTF1	1	1.9027e-06	2.640009e-05	111233	2
MTF2	1	1.6825e-06	9.345449999999999e-06	108920	1
MTFR1L	1	6.905e-07	1.76741e-05	110991	1
MTHFR	1	1.6716e-06	0.00017630665000000002	110237	19
MTMR11	1	2.7672000000000004e-06	0.00056198912	107714	60
MTOR	1	9.13e-06	9.693473e-05	111618	10
MTR	1	3.4994999999999997e-06	0.011509198909999999	111566	1284
MTX1	1	9.255500000000001e-07	3.6879590000000004e-05	106618	3
MUC1	1	9.861e-07	5.365014e-05	108107	5
MUL1	1	9.1057e-07	0.000108986	107756	11
MUTYH	1	1.8012e-06	0.00026595599999999997	110212	29
MXRA8	1	8.412799999999999e-07	8.694576999999999e-05	98925	8
MYBPH	1	1.2551e-06	0.00050005844	106221	53
MYBPHL	1	8.2916e-07	0.0020315004500000003	111454	226
MYCBP	1	2.5473e-07	0.0	107928	0
MYCL	1	8.464200000000001e-07	1.76788e-05	107090	1
MYOC	1	1.5796999999999999e-06	0.0018296757100000002	113088	206
MYOG	1	3.1182e-07	0.0	104117	0
MYOM3	1	4.3013e-06	0.00085277511	107487	91
MYSM1	1	2.6673000000000003e-06	0.00029451189	107624	31
NADK	1	1.5632e-06	0.00011697592	106402	12
NASP	1	1.6152e-06	8.82052e-06	104707	0
NAV1	1	4.1163e-06	1.780943e-05	110203	1
NBL1	1	3.2217e-07	3.6826199999999996e-05	107852	3
NBPF1	1	2.3473e-06	0.00402396529	105806	425
NBPF10	1	2.3867e-06	0.004696627070000001	100407	471
NBPF11	1	2.5105e-07	0.0	97894	0
NBPF12	1	7.3134e-07	0.036917369330000005	103299	3813
NBPF14	1	1.3113e-06	0.014066750359999998	100258	1410
NBPF15	1	2.9259e-07	0.0012013535	105631	126
NBPF20	1	6.7292e-07	0.00038227557	104858	40
NBPF24	1	1.1634999999999999e-07	0.0818235412	102016	8347
NBPF3	1	2.0073e-06	0.00082825781	110126	91
NBPF4	1	2.6048999999999997e-07	0.0	64297	0
NBPF6	1	2.0886e-07	0.0	63398	0
NBPF8	1	1.5345999999999997e-07	4.155561e-05	97233	4
NBPF9	1	1.1931e-06	0.00615074434	107490	661
NCDN	1	1.3403000000000001e-06	8.894739999999999e-06	108782	0
NCF2	1	1.7712999999999999e-06	0.00014947945	112107	16
NCMAP	1	1.1973e-07	3.5268520000000004e-05	113202	3
NCSTN	1	2.3347e-06	2.6614159999999997e-05	111750	2
NDC1	1	1.8156999999999998e-06	3.594261e-05	109457	3
NDUFS2	1	2.1024e-06	6.170393e-05	109838	6
NDUFS5	1	3.7171e-07	8.79059e-06	112518	0
NECAP2	1	8.9684e-07	7.09279e-05	109835	7
NEGR1	1	1.0388e-06	8.886989999999999e-06	111043	0
NEK2	1	1.8793000000000002e-06	0.00053049593	111040	58
NEK7	1	1.1564e-06	2.67967e-05	109033	2
NENF	1	3.059e-07	6.291922e-05	110938	6
NES	1	2.5615e-06	0.0001370586	109286	14
NEXN	1	2.5719999999999997e-06	0.00023178438	110403	25
NFASC	1	3.795e-06	3.5844970000000005e-05	108360	3
NFIA	1	2.0178999999999998e-06	0.0	105646	0
NFYC	1	1.3696e-06	5.887446999999999e-05	105988	6
NGF	1	3.2683e-07	0.0	113546	0
NHLH1	1	2.7994e-07	0.0	103715	0
NHLH2	1	1.1804e-07	0.0	94038	0
NID1	1	3.4242e-06	0.00013467303999999998	110672	14
NIPAL3	1	9.531e-07	5.287441e-05	110134	5
NIT1	1	1.0623e-06	0.00014201071	111843	15
NKAIN1	1	5.1525e-07	9.29316e-06	99431	0
NLRP3	1	2.2600999999999998e-06	7.038761999999999e-05	112207	7
NME7	1	1.1792e-06	0.00011623667	107478	12
NMNAT1	1	4.3896e-07	7.0347e-05	110007	7
NMNAT2	1	8.4434e-07	0.0	109743	0
NOC2L	1	2.1537000000000002e-06	0.00045689692000000005	105184	48
NOL9	1	1.4302e-06	8.853939e-05	108244	9
NOS1AP	1	1.3203999999999999e-06	2.6402140000000005e-05	110508	2
NOTCH2	1	5.435599999999999e-06	5.286808000000001e-05	111090	5
NOTCH2NL	1	3.7891e-07	0.01102244095	111222	1225
NPHP4	1	3.7659e-06	0.00038584409	106368	41
NPHS2	1	1.1598e-06	7.044384e-05	108411	7
NPL	1	7.8012e-07	0.00011441542	112192	12
NPPA	1	2.9802e-07	2.678138e-05	110393	2
NPPB	1	3.5005000000000004e-07	5.5202880000000005e-05	108243	5
NPR1	1	2.4922e-06	6.315408e-05	109146	6
NR0B2	1	4.5003999999999997e-07	8.974451e-05	106657	9
NR1I3	1	1.1611e-06	0.00035597686	111879	39
NR5A2	1	1.8134e-06	9.790059000000001e-05	108102	10
NRAS	1	6.056399999999999e-07	1.75801e-05	112166	1
NRD1	1	3.0431e-06	8.957106e-05	110750	9
NSL1	1	5.695600000000001e-07	2.674259e-05	109519	2
NSUN4	1	1.6204e-06	0.00033416227	110843	37
NT5C1A	1	9.4869e-07	0.00012347708999999998	110400	13
NTNG1	1	1.4319e-06	1.78409e-05	107236	1
NTPCR	1	4.3091e-07	4.3989099999999995e-05	102555	4
NTRK1	1	1.7611000000000002e-06	7.101612e-05	107308	7
NUAK2	1	1.3322e-06	0.00017688096999999997	107808	19
NUCKS1	1	8.774600000000001e-07	0.0	108883	0
NUDC	1	1.15e-06	8.79028e-06	111158	0
NUDT17	1	9.1072e-07	0.00010692110000000001	107184	11
NUF2	1	1.3126e-06	0.00038865998	108627	42
NUP133	1	3.5023000000000003e-06	9.872369e-05	108629	10
NUP210L	1	5.2139e-06	0.00022238058999999997	110108	24
NVL	1	3.2460000000000003e-06	0.00033170247000000004	110966	36
OAZ3	1	4.9239e-07	0.0002309241	107303	24
OBSCN	1	1.9009e-05	0.00830788233999999	104037	864
OCLM	1	0.0	0.0	106432	0
ODF2L	1	1.5031e-06	0.0004735294	103817	49
OLFM3	1	1.2836e-06	6.197425999999999e-05	110184	6
OLFML2B	1	2.0953e-06	0.0007429751400000001	109216	81
OLFML3	1	1.042e-06	0.00016790736000000002	109105	18
OMA1	1	1.4531000000000001e-06	0.00015008138000000001	110452	16
OPN3	1	8.4294e-07	3.560255e-05	112045	3
OPRD1	1	3.7669e-07	8.395326999999999e-05	104925	8
OPTC	1	4.775899999999999e-07	6.162626e-05	112162	6
OR10J1	1	3.1996999999999997e-07	0.1424157855	113100	16107
OR10J3	1	1.8983e-07	6.172708999999999e-05	112738	6
OR10J5	1	3.3531e-07	1.759588e-05	112137	1
OR10K1	1	1.7498000000000002e-07	0.0	112636	0
OR10K2	1	1.8582e-07	5.3057890000000005e-05	112202	5
OR10R2	1	1.9652999999999997e-07	0.0016481471100000002	111129	183
OR10T2	1	2.9904e-07	1.76445e-05	111953	1
OR10X1	1	1.9187e-07	0.45898181477	111036	50963
OR10Z1	1	2.2142e-07	0.00035299364	112521	39
OR11L1	1	3.9211e-07	2.6401e-05	112694	2
OR13G1	1	8.5836e-08	8.81539e-06	112429	0
OR14A16	1	0.0	0.0	110103	0
OR14A2	1	0.0	0.0	59986	0
OR14C36	1	0.0	0.0	110955	0
OR14I1	1	0.0	0.0	111024	0
OR14K1	1	0.0	0.0	109383	0
OR1C1	1	1.4895e-07	0.0	111944	0
OR2AJ1	1	2.0556999999999998e-07	0.0	65982	0
OR2AK2	1	0.0	0.0	107911	0
OR2B11	1	4.0814999999999996e-07	2.640796e-05	109979	2
OR2C3	1	3.6725999999999997e-07	3.5193309999999995e-05	113351	3
OR2G2	1	2.3054000000000002e-07	8.80375e-06	111249	0
OR2G3	1	1.8097e-07	0.0	111670	0
OR2G6	1	2.246e-07	9.715224e-05	112936	10
OR2L13	1	3.5866999999999997e-07	6.17283e-05	111293	6
OR2L2	1	0.0	0.0	112538	0
OR2L3	1	0.0	0.0	112251	0
OR2L5	1	0.0	0.0	112001	0
OR2L8	1	1.3794e-08	0.0	111872	0
OR2M2	1	0.0	0.0	112324	0
OR2M3	1	0.0	0.0	112919	0
OR2M4	1	2.778e-07	5.28257e-05	110986	5
OR2M5	1	0.0	0.0	112844	0
OR2M7	1	0.0	0.0	111177	0
OR2T1	1	4.0334e-07	7.056094e-05	111627	7
OR2T10	1	1.1329e-07	9.02022e-06	109481	0
OR2T11	1	3.0074000000000003e-07	0.00018888057000000002	110036	20
OR2T12	1	0.0	0.0	108515	0
OR2T2	1	1.1839e-07	8.798630000000001e-06	111036	0
OR2T27	1	1.4202999999999998e-07	0.00020329668000000002	103532	21
OR2T29	1	4.7975000000000004e-08	0.0227645	92141	2097
OR2T3	1	0.0	0.0	107052	0
OR2T33	1	6.2569e-08	0.0	110893	0
OR2T34	1	0.0	0.0	107382	0
OR2T35	1	1.7512e-07	0.0	102178	0
OR2T4	1	2.948e-07	8.79941e-06	112653	0
OR2T5	1	6.979099999999999e-08	0.0225349	103224	2326
OR2T6	1	2.0369e-07	8.8129e-06	110460	0
OR2T7	1	3.6354999999999994e-07	0.00010825434	110805	11
OR2T8	1	0.0	0.0	107564	0
OR2W3	1	3.4749000000000005e-07	1.76041e-05	111007	1
OR4F5	1	9.652999999999999e-08	1.4573e-05	70092	1
OR6F1	1	1.165e-07	8.8084e-06	112371	0
OR6K2	1	4.618600000000001e-07	7.93939e-05	112437	8
OR6K3	1	4.3319e-08	8.83299e-06	111683	0
OR6K6	1	2.6414000000000003e-07	1.759866e-05	112059	1
OR6N1	1	2.6531e-07	8.80541e-05	112215	9
OR6N2	1	4.871899999999999e-07	8.80559e-05	112252	9
OR6P1	1	2.2288e-07	0.0034059934999999997	61709	210
OR6Y1	1	3.7008000000000004e-07	3.537184e-05	112716	3
ORC1	1	3.0198000000000003e-06	0.00016713278	112899	18
OSBPL9	1	2.2782e-06	3.549306e-05	109789	3
OSCP1	1	1.3656e-06	0.00015861758	112308	17
OTUD3	1	1.0282e-06	8.032165e-05	110025	8
OTUD7B	1	2.2298e-06	7.075609e-05	111892	7
OVGP1	1	1.0051000000000001e-06	0.00014160415	111199	15
OXCT2	1	2.7375e-07	1.8530170000000002e-05	105002	1
PABPC4	1	1.5856000000000001e-06	0.0	111593	0
PADI1	1	1.5055e-06	0.00057680038	109480	63
PADI2	1	1.9251e-06	0.00287266608	109365	314
PADI3	1	1.4019999999999999e-06	0.00060084816	111125	66
PADI4	1	1.5628999999999999e-06	9.222265999999999e-05	109904	10
PAFAH2	1	1.1321e-06	0.0002324084	111376	25
PALMD	1	1.1084e-06	4.4325340000000003e-05	109731	4
PANK4	1	1.9079e-06	2.660261e-05	104675	2
PAPPA2	1	3.6281e-06	0.00017937554	111346	19
PAQR6	1	3.6168e-07	1.810725e-05	107484	1
PAQR7	1	6.368e-07	7.990093e-05	109448	8
PARK7	1	4.6443000000000004e-07	0.0	111627	0
PARP1	1	2.6113999999999997e-06	8.79897e-05	112241	9
PARS2	1	7.454399999999999e-07	3.524437e-05	112033	3
PAX7	1	8.9488e-07	1.765844e-05	108471	1
PBX1	1	1.3862e-06	8.81414e-06	110914	0
PBXIP1	1	1.5925e-06	0.00019507736000000001	106994	20
PCNXL2	1	5.3667e-06	0.00038548513	106287	40
PCP4L1	1	1.4378e-07	1.839129e-05	105106	1
PCSK9	1	1.2723999999999999e-06	0.00034297242999999994	104530	35
PDC	1	4.8699e-07	5.2833940000000005e-05	111011	5
PDE4B	1	1.8111000000000001e-06	2.641887e-05	109895	2
PDE4DIP	1	6.0264e-06	0.016255902340000003	112744	1832
PDIK1L	1	7.4469e-07	4.410457e-05	111679	4
PDPN	1	5.830300000000001e-07	4.51946e-05	107296	4
PDZK1	1	6.622399999999999e-07	0.0002910996	108593	31
PDZK1IP1	1	3.6959e-07	8.015746e-05	105846	8
PEA15	1	2.1989000000000002e-07	0.0	112589	0
PEAR1	1	3.0263e-06	0.00027952277	109090	30
PEF1	1	5.8255e-07	4.410083e-05	109327	4
PER3	1	2.7958999999999998e-06	0.00036313295	110445	40
PEX10	1	9.9306e-07	6.350903000000001e-05	108106	6
PEX11B	1	9.374799999999999e-07	4.93919e-05	103768	5
PEX14	1	1.0247e-06	3.583962e-05	109715	3
PEX19	1	6.695999999999999e-07	7.041648e-05	112501	7
PFDN2	1	5.395899999999999e-07	0.0	109606	0
PFKFB2	1	1.6944e-06	0.00012568253	110837	13
PGBD2	1	1.2698000000000001e-06	0.00016709675	112475	18
PGBD5	1	1.0919e-06	5.7535130000000006e-05	109468	6
PGD	1	1.2708e-06	3.5749940000000004e-05	111568	3
PGLYRP3	1	8.991899999999999e-07	5.384491e-05	111946	6
PGLYRP4	1	6.8588e-07	0.00014995419	112299	16
PGM1	1	1.4021e-06	0.015345288510000001	112038	1719
PHACTR4	1	2.017e-06	8.878156999999999e-05	111168	9
PHC2	1	1.774e-06	2.772413e-05	109634	3
PHF13	1	6.7991e-07	0.0	107253	0
PHGDH	1	1.0431e-06	8.111932e-05	111157	9
PHLDA3	1	1.4607e-07	1.85574e-05	108100	2
PHTF1	1	2.4987e-06	0.0006083287400000001	109089	66
PI4KB	1	2.8033e-06	3.589397e-05	109067	3
PIAS3	1	1.6461000000000002e-06	4.407835e-05	108189	4
PIFO	1	5.416700000000001e-07	0.00015054709	109593	16
PIGC	1	5.9104e-07	5.276507e-05	111725	5
PIGK	1	1.181e-06	9.691378000000001e-05	107549	10
PIGM	1	5.0519e-07	6.164016e-05	113536	6
PIGR	1	1.62e-06	3.616399e-05	109234	3
PIGV	1	9.5191e-07	0.00024658509	113454	27
PIK3C2B	1	4.6355e-06	9.538227e-05	108777	10
PIK3CD	1	2.812e-06	4.465142e-05	109875	4
PIK3R3	1	1.5944e-06	0.00026544621	110736	29
PINK1	1	1.3744e-06	0.00023828627	105975	25
PIP5K1A	1	1.8175e-06	7.044553e-05	112181	7
PITHD1	1	6.454600000000001e-07	4.4335959999999994e-05	112082	4
PKLR	1	1.3521000000000001e-06	0.00020464854	109865	22
PKN2	1	2.7574e-06	1.770012e-05	106463	1
PKP1	1	1.7290999999999999e-06	4.405264e-05	109866	4
PLA2G2A	1	2.0332e-07	0.0	113354	0
PLA2G2C	1	2.6694000000000003e-07	0.186522	111076	20718
PLA2G2D	1	2.8371e-07	0.0001056986	112851	11
PLA2G2E	1	3.0098000000000004e-07	0.0002919766	107628	31
PLA2G2F	1	3.0121e-07	1.9442220000000003e-05	105795	2
PLA2G4A	1	1.9541e-06	5.291187e-05	110711	5
PLA2G5	1	4.3597e-07	4.400405e-05	112790	4
PLCH2	1	2.3611e-06	0.00030385526	102787	31
PLD5	1	1.41e-06	6.181444999999999e-05	111211	6
PLEKHA6	1	2.7626e-06	9.166328000000001e-05	106806	9
PLEKHG5	1	2.4912999999999998e-06	0.00038546635999999997	103560	39
PLEKHM2	1	2.3348e-06	7.65653e-05	99193	7
PLEKHN1	1	1.5693000000000002e-06	0.00024928304	102280	25
PLEKHO1	1	1.1318000000000001e-06	8.810110000000001e-06	111546	0
PLK3	1	1.7726e-06	7.061991999999999e-05	105137	7
PLOD1	1	2.4476e-06	0.00023244772999999998	110990	25
PLXNA2	1	4.6072000000000005e-06	0.00015014792	111609	16
PM20D1	1	1.4794e-06	0.00019423856	109893	21
PMF1	1	6.969299999999999e-07	0.00014292506000000002	105998	15
PMF1-BGLAP	1	6.969299999999999e-07	0.00014292506000000002	105998	15
PMVK	1	5.2459e-07	0.0002348446	108700	25
PODN	1	1.6803999999999998e-06	0.00017006457999999998	106726	18
POGK	1	1.4345e-06	8.80995e-06	108975	0
POGZ	1	4.179e-06	8.7909e-06	110906	0
POLR3C	1	1.7188e-06	0.00025638908	107413	27
POLR3GL	1	6.7931e-07	0.00010690816000000001	107641	11
POMGNT1	1	2.7448000000000004e-06	0.0011106029699999998	111122	123
POU2F1	1	1.9000999999999998e-06	3.5383759999999995e-05	110566	3
POU3F1	1	2.8961e-07	0.0	106684	0
PPAP2B	1	6.092199999999999e-07	0.0	110255	0
PPCS	1	6.294e-07	1.765365e-05	107748	1
PPFIA4	1	1.8798e-06	8.090022e-05	102124	8
PPIAL4A	1	0.0	0.0	88366	0
PPIAL4G	1	0.0	0.0	112021	0
PPIE	1	8.2175e-07	8.79678e-06	109892	0
PPIH	1	5.1338e-07	1.760131e-05	112696	1
PPM1J	1	1.4847e-06	0.00010743415000000001	108135	11
PPOX	1	1.0272e-06	5.284933000000001e-05	112651	5
PPP1R12B	1	3.0888999999999998e-06	0.0001794032	109828	19
PPP1R15B	1	1.087e-06	2.638926e-05	113008	2
PPP1R8	1	6.2168e-07	0.0	104148	0
PPP2R5A	1	1.4423e-06	1.953661e-05	105028	2
PPT1	1	9.9017e-07	0.0007224005000000001	110277	79
PQLC2	1	9.6079e-07	0.00019880966	110751	22
PRAMEF1	1	4.5363e-07	0.00017673054	111671	19
PRAMEF10	1	2.8188000000000003e-07	3.661446e-05	100054	3
PRAMEF11	1	3.9474000000000005e-07	0.0172930833	108085	1869
PRAMEF12	1	6.6221e-07	1.761651e-05	112279	1
PRAMEF13	1	4.523899999999999e-09	0.0	100358	0
PRAMEF14	1	3.9331e-09	0.0	98494	0
PRAMEF16	1	6.716800000000001e-09	0.0	82588	0
PRAMEF17	1	2.225e-07	0.00017996	92985	16
PRAMEF18	1	9.275200000000001e-09	0.0	95983	0
PRAMEF19	1	9.275200000000001e-09	0.0	97387	0
PRAMEF2	1	4.718e-07	0.04733909343000001	111930	5298
PRAMEF20	1	7.8758e-08	5.7023509999999994e-05	97494	5
PRAMEF22	1	9.9103e-08	8.813989999999998e-06	110911	0
PRAMEF26	1	1.992e-07	1.796405e-05	109087	1
PRAMEF4	1	3.9016e-07	0.0012837128300000002	107371	137
PRAMEF6	1	2.0677e-07	0.0066231347700000005	108252	716
PRAMEF7	1	1.9391e-08	0.0	106100	0
PRCC	1	8.937299999999999e-07	8.80452e-06	105535	0
PRDM16	1	2.4247e-06	8.868389999999999e-06	108075	0
PRDM2	1	3.501e-06	0.0001035944	110220	11
PRDX1	1	3.6334e-07	0.00019485563000000002	111569	21
PRDX6	1	3.4623000000000005e-07	0.00017767993000000003	108911	19
PRELP	1	8.5146e-07	8.940261999999998e-05	111409	9
PRG4	1	1.7002e-06	7.080024e-05	112192	7
PRKAA2	1	1.6334000000000001e-06	0.00017772142	109783	19
PRKAB2	1	6.1349e-07	8.795689999999999e-06	106823	0
PRKACB	1	1.0673000000000001e-06	2.739228e-05	102060	2
PRKCZ	1	1.3997e-06	2.6559640000000005e-05	104845	2
PRMT6	1	5.5163e-07	6.226634e-05	105200	6
PROK1	1	3.7906999999999997e-07	7.032470000000001e-05	113198	7
PROX1	1	1.7866e-06	1.770015e-05	111510	1
PRPF3	1	3.2373000000000003e-06	0.0	112702	0
PRPF38A	1	1.5062e-06	1.7660420000000003e-05	110691	1
PRPF38B	1	2.8765e-06	6.181723000000001e-05	105910	6
PRRC2C	1	8.6463e-06	0.00019113631000000002	104525	19
PRRX1	1	7.529600000000001e-07	8.804680000000001e-06	110207	0
PRSS38	1	5.044e-07	4.419919e-05	110520	4
PRUNE	1	1.1287999999999999e-06	4.3960390000000006e-05	108111	4
PSEN2	1	9.107600000000001e-07	3.518156e-05	111371	3
PSMA5	1	7.0786e-07	0.0	109883	0
PSMB2	1	8.2981e-07	0.0	110701	0
PSMB4	1	9.689e-07	2.636987e-05	112315	2
PSMD4	1	8.894499999999999e-07	0.0	106733	0
PSRC1	1	1.3431000000000001e-06	0.00017394432	106352	18
PTAFR	1	3.16e-07	8.84674e-06	111678	0
PTBP2	1	1.6834999999999998e-06	8.87264e-06	104605	0
PTCH2	1	2.3778999999999997e-06	0.00023953297	110713	26
PTCHD2	1	3.1393e-06	0.00013769171000000002	108626	14
PTGER3	1	6.1909e-07	5.8525450000000004e-05	105600	6
PTGFR	1	7.626999999999999e-07	4.4244609999999994e-05	109752	4
PTGFRN	1	2.2017e-06	9.056176e-05	109343	9
PTGS2	1	1.5825e-06	2.665783e-05	110759	2
PTP4A2	1	6.756499999999999e-07	0.0	108115	0
PTPN14	1	3.6665e-06	4.4396270000000005e-05	111757	4
PTPN22	1	1.9867e-06	0.00044878952000000004	107758	48
PTPN7	1	1.8016e-06	0.00055265062	108893	60
PTPRC	1	3.463e-06	4.637438e-05	111029	5
PTPRF	1	4.5847e-06	0.00123757009	109668	135
PTPRU	1	4.14e-06	0.00014257856000000001	109722	15
PUM1	1	3.2502e-06	1.760842e-05	110364	1
PUSL1	1	5.5856e-07	0.00040112873999999997	100748	40
PVRL4	1	1.3012000000000001e-06	0.0001143584	111665	12
PYCR2	1	7.210899999999999e-07	5.310379e-05	111582	5
PYGO2	1	6.4058e-07	0.0	104157	0
PYHIN1	1	1.0354999999999999e-06	0.0007699528900000001	109283	84
QSOX1	1	2.0699000000000003e-06	4.49741e-05	109317	4
RAB13	1	7.398e-07	2.6410509999999998e-05	110748	2
RAB25	1	8.264499999999999e-07	0.00123618599	111705	138
RAB3B	1	3.5362999999999997e-07	1.771088e-05	112077	1
RAB3GAP2	1	4.2630000000000005e-06	7.093046999999999e-05	111085	7
RAB42	1	7.8103e-08	8.840639999999999e-06	102401	0
RAB4A	1	1.0101e-06	2.64015e-05	107756	2
RAB7L1	1	5.6147e-07	1.75799e-05	111382	1
RABGAP1L	1	2.5841000000000004e-06	0.00020110834999999998	108798	21
RABGGTB	1	9.2126e-07	4.409215e-05	110410	4
RABIF	1	1.9468e-07	3.587159e-05	107969	3
RAD54L	1	2.5743e-06	0.00057433142	112553	64
RALGPS2	1	2.0986e-06	7.952418e-05	108573	8
RAP1A	1	5.7752e-07	8.80949e-06	106827	0
RAP1GAP	1	1.9408e-06	6.442352e-05	101721	6
RASAL2	1	3.1049e-06	9.13534e-05	109953	10
RASSF5	1	7.464699999999999e-07	1.795414e-05	110306	1
RAVER2	1	1.759e-06	6.254695999999999e-05	109555	6
RBBP4	1	1.1342e-06	0.0	111458	0
RBBP5	1	1.9515e-06	8.80824e-06	108364	0
RBM15	1	2.58e-06	8.89142e-05	110722	9
RBM34	1	1.1185e-06	0.00018109733	108415	19
RBM8A	1	5.6157e-07	0.0	109444	0
RBMXL1	1	9.362799999999999e-07	4.398224e-05	112094	4
RBP7	1	2.7483e-07	0.0	108131	0
RC3H1	1	4.554700000000001e-06	4.4012470000000004e-05	111228	4
RCAN3	1	6.0175e-07	3.594092e-05	101565	3
RCC1	1	1.1079e-06	2.888715e-05	106157	3
RCC2	1	1.4863999999999999e-06	2.639344e-05	110481	2
RCOR3	1	1.1397e-06	8.79709e-06	109928	0
RCSD1	1	1.1193e-06	9.70316e-05	109493	10
RD3	1	3.9256e-07	7.148286e-05	108382	7
REG4	1	4.0178000000000004e-07	1.762503e-05	106423	1
REN	1	1.3452e-06	0.00015831965	110996	17
RER1	1	7.919899999999999e-07	8.83205e-06	109791	0
RERE	1	3.7721e-06	5.3175200000000005e-05	105384	5
RFWD2	1	2.6456e-06	6.43687e-05	107322	6
RFX5	1	1.8341e-06	0.00010593492	112092	11
RGL1	1	2.3099e-06	7.958993000000001e-05	111349	8
RGS1	1	4.577399999999999e-07	8.84314e-06	110834	0
RGS13	1	3.5555e-07	3.622643e-05	110002	3
RGS16	1	4.6051000000000004e-07	1.759186e-05	110368	1
RGS18	1	5.568100000000001e-07	3.7845609999999996e-05	106051	4
RGS2	1	4.7795e-07	8.794825000000001e-05	112998	9
RGS21	1	4.4598e-07	7.236171999999999e-05	109052	7
RGS4	1	6.368399999999999e-07	0.00040719872000000005	105114	42
RGS5	1	3.6813e-07	2.645922e-05	109713	2
RGS7	1	1.7322e-06	2.6388190000000005e-05	112605	2
RGS8	1	7.475499999999999e-07	1.75803e-05	112473	1
RGSL1	1	2.3156e-06	0.0002134507	61085	13
RHBDL2	1	6.8326e-07	0.00158334269	110552	175
RHBG	1	7.4399e-07	8.012012e-05	108713	8
RHCE	1	9.7495e-07	4.400129e-05	110238	4
RHD	1	9.562e-07	0.0001575824	95211	15
RHOC	1	5.3832e-07	1.8056099999999998e-05	109837	1
RHOU	1	4.2413000000000003e-07	3.847206e-05	108720	4
RIIAD1	1	1.9283000000000001e-07	3.35025e-05	59683	1
RIMKLA	1	7.326399999999999e-07	5.307854e-05	110397	5
RIMS3	1	7.701e-07	3.5304450000000004e-05	111788	3
RIT1	1	9.930500000000002e-07	3.523436e-05	108922	3
RLF	1	4.0155e-06	0.0	110556	0
RNASEL	1	1.3722e-06	0.0051287589100000005	112434	576
RNF11	1	3.5673e-07	9.297139999999999e-06	108440	1
RNF115	1	7.552899999999999e-07	2.642905e-05	107013	2
RNF186	1	1.9074000000000003e-07	0.00167059229	112614	188
RNF187	1	2.0134e-07	1.6687200000000002e-05	59992	1
RNF19B	1	1.2675e-06	3.525889e-05	111408	3
RNF2	1	1.0501000000000001e-06	0.0	110990	0
RNF207	1	1.8022999999999999e-06	0.00023510365000000002	104235	24
RNF220	1	1.6037e-06	0.0	110745	0
RNPC3	1	1.1465000000000002e-06	3.31554e-05	85728	2
RNPEP	1	1.4946e-06	0.0004848408900000001	112395	54
ROR1	1	1.6471e-06	1.7611529999999998e-05	112496	1
RORC	1	1.7604e-06	0.00367641	109942	404
RP11-126K1.2	1	6.8086e-08	0.0	111154	0
RP11-201K10.3	1	4.6303000000000004e-07	6.194885999999999e-05	107569	6
RP11-268J15.5	1	0.0	0.0	96388	0
RP11-426L16.10	1	1.0708e-06	6.32776e-05	109837	6
RP11-565P22.6	1	2.3718000000000004e-07	0.0	108088	0
RP4-559A3.7	1	1.1973e-06	6.900059e-05	109012	7
RP4-758J18.2	1	1.8e-07	0.0	109346	0
RP5-1052I5.2	1	9.623e-07	8.890789999999999e-06	105418	0
RPA2	1	7.126899999999999e-07	4.5609700000000005e-05	109684	5
RPAP2	1	1.4609e-06	0.00015341941	109988	16
RPE65	1	1.5419999999999998e-06	0.00031685882	112912	35
RPF1	1	9.494200000000001e-07	0.00017091909	108793	18
RPL11	1	5.0315e-07	0.0	109947	0
RPL22	1	2.5351999999999996e-07	1.781257e-05	100071	1
RPL5	1	1.1106e-06	0.0	101741	0
RPRD2	1	2.6035e-06	0.0	109473	0
RPS27	1	1.9616e-07	0.0	108810	0
RPS6KA1	1	1.6003e-06	7.430983e-05	109110	8
RPS6KC1	1	2.3322e-06	0.00014383163	110304	15
RPS8	1	8.5866e-07	0.0	109246	0
RPTN	1	6.110899999999999e-07	0.00032754437	112337	36
RRAGC	1	7.4845e-07	0.0	107821	0
RRNAD1	1	1.3126e-06	0.00017311794999999997	111291	19
RRP15	1	4.681e-07	8.82675e-06	112062	0
RSBN1	1	2.2381000000000002e-06	4.4025950000000005e-05	107092	4
RSC1A1	1	8.443799999999999e-07	0.00020308212	112065	22
RSG1	1	3.6771e-07	7.359079e-05	106706	7
RSPO1	1	5.9277e-07	8.871714e-05	112125	9
RTCA	1	1.1337e-06	5.3579189999999996e-05	108237	5
RUNX3	1	9.321299999999999e-07	9.19151e-06	101745	0
RUSC1	1	1.4312e-06	2.7054440000000002e-05	109763	2
RWDD3	1	4.582e-07	3.539185e-05	104529	3
RXFP4	1	4.3633000000000004e-07	1.777579e-05	107856	1
RXRG	1	1.3688e-06	1.769237e-05	111000	1
RYR2	1	1.3787e-05	0.00022323339	105729	23
S100A1	1	1.2014000000000002e-07	3.51843e-05	111726	3
S100A10	1	9.5906e-08	0.0	102413	0
S100A11	1	1.448e-07	5.305637e-05	112988	5
S100A12	1	7.4548e-08	0.0	112350	0
S100A13	1	1.3798e-07	0.0	111709	0
S100A14	1	1.7817999999999997e-07	8.874060000000001e-06	112667	0
S100A16	1	1.4087e-07	0.00021119299999999998	113088	23
S100A2	1	1.05e-07	0.00015842266000000001	112374	17
S100A3	1	1.4065e-07	0.0	112070	0
S100A4	1	1.2167e-07	0.000175932	112398	19
S100A5	1	9.958e-08	2.639468e-05	112613	2
S100A6	1	1.0170999999999999e-07	8.79198e-06	112299	0
S100A7	1	6.3199e-08	0.0	112674	0
S100A7A	1	6.7226e-08	0.0	113028	0
S100A7L2	1	1.1020999999999999e-07	8.91488e-06	103437	0
S100A8	1	7.7429e-08	8.798630000000001e-06	113036	0
S100A9	1	7.354899999999999e-08	0.0	106816	0
S100PBP	1	1.0148e-06	0.0	112530	0
S1PR1	1	5.4458e-07	8.838289999999999e-06	111376	0
SAMD11	1	1.3068000000000001e-06	0.00012401656999999999	103337	12
SAMD13	1	3.5368000000000003e-07	2.64204e-05	112132	2
SARS	1	1.7495e-06	8.80576e-06	108188	0
SASS6	1	1.9193e-06	9.010009e-05	108442	9
SCAMP3	1	1.1101e-06	8.812123e-05	110374	9
SCCPDH	1	1.0295e-06	0.0005860941799999999	108427	63
SCMH1	1	1.7872e-06	4.4323990000000004e-05	111601	4
SCNM1	1	1.2007e-06	0.00013373096000000002	110973	14
SCNN1D	1	1.7875e-06	0.00033619376000000004	101348	34
SCP2	1	1.3906e-06	0.00027290644	111572	30
SCYL3	1	1.7163999999999998e-06	0.00011455567	110465	12
SDC3	1	4.0042000000000003e-07	0.0	108918	0
SDCCAG8	1	2.0846e-06	0.00024684691000000005	112505	27
SDE2	1	1.3825e-06	0.00011487749	111861	12
SDF4	1	7.2768e-07	2.694343e-05	100276	2
SDHB	1	1.2415e-06	0.00011610386999999999	111381	12
SDHC	1	6.189e-07	8.965328000000001e-05	109702	9
SEC16B	1	3.2525e-06	0.00048331859	101409	49
SELE	1	1.5177e-06	0.00013295008999999997	110779	14
SELENBP1	1	1.4018e-06	0.00016715061000000003	108506	18
SELL	1	8.6398e-07	5.823354e-05	94789	5
SELP	1	2.094e-06	0.0014012919699999998	111628	156
SEMA4A	1	1.8466999999999998e-06	6.268003e-05	111392	6
SEMA6C	1	2.3035e-06	0.00011516073	108080	12
SEP15	1	3.1701e-07	1.0092699999999999e-05	107813	1
SEPN1	1	1.426e-06	0.00010677569	110714	11
SERBP1	1	1.9784e-06	2.6869699999999998e-05	106766	2
SERINC2	1	1.0388e-06	0.00012464615	108898	13
SERPINC1	1	1.2045e-06	0.0	113348	0
SERTAD4	1	8.9131e-07	0.0004620732	108166	49
SESN2	1	1.2816e-06	0.00012449601999999998	110967	13
SETDB1	1	4.0209e-06	5.2815150000000005e-05	111503	5
SF3A3	1	2.3645e-06	0.0	110499	0
SF3B4	1	9.364200000000001e-07	0.0	104516	0
SFN	1	5.4906e-07	8.8308e-06	111175	0
SFPQ	1	1.9722e-06	0.0	108632	0
SFT2D2	1	5.8141e-07	7.03445e-05	108772	7
SGIP1	1	2.391e-06	2.647672e-05	109667	2
SH2D1B	1	5.198e-07	5.29398e-05	112803	5
SH2D2A	1	8.612200000000001e-07	7.168256e-05	105307	7
SH2D5	1	1.0018999999999999e-06	0.00013544938999999998	103100	13
SH3BGRL3	1	4.231e-07	8.79384e-06	104373	0
SH3BP5L	1	1.2203e-06	2.647449e-05	106663	2
SH3D21	1	1.8497e-06	0.00022023435000000002	89731	19
SH3GLB1	1	8.274700000000001e-07	8.85598e-06	103748	0
SHC1	1	1.1871e-06	3.5944570000000006e-05	105991	3
SHCBP1L	1	1.2314e-06	0.00023652797000000002	105898	25
SHE	1	1.3629e-06	8.79028e-06	109233	0
SHISA4	1	4.2317e-07	5.2767480000000005e-05	112717	5
SIKE1	1	5.296e-07	2.6470949999999998e-05	110206	2
SIPA1L2	1	4.602799999999999e-06	4.4516729999999996e-05	110090	4
SKI	1	1.2275e-06	1.7685e-05	101330	1
SLAMF1	1	6.2788e-07	3.581417e-05	109817	3
SLAMF6	1	9.1521e-07	3.52798e-05	112210	3
SLAMF7	1	6.2956e-07	3.5390749999999997e-05	111179	3
SLAMF8	1	8.6556e-07	0.00021983196	103344	22
SLAMF9	1	7.1149e-07	4.48467e-05	111893	5
SLC16A1	1	1.1658e-06	8.79817e-06	112390	0
SLC16A4	1	9.7845e-07	8.810228000000001e-05	111169	9
SLC19A2	1	1.0516e-06	0.00010576778999999998	110032	11
SLC1A7	1	8.2866e-07	6.282307e-05	107329	6
SLC22A15	1	1.4347e-06	0.00018918668	108588	20
SLC25A24	1	1.4384999999999999e-06	0.00033070318	108093	35
SLC25A33	1	6.851600000000001e-07	7.231201e-05	110862	8
SLC25A34	1	7.4039e-07	0.00051765248	103378	53
SLC25A44	1	9.271e-07	6.226729e-05	110042	6
SLC26A9	1	1.6981e-06	3.531742e-05	111201	3
SLC27A3	1	1.3937e-06	0.00044073627	108914	48
SLC2A1	1	9.449500000000001e-07	0.0	106968	0
SLC2A5	1	9.9116e-07	0.00013278031000000002	107983	14
SLC2A7	1	1.231e-06	0.00041044977999999993	107736	44
SLC30A1	1	6.087100000000001e-07	0.0	108062	0
SLC30A10	1	5.7341e-07	0.0	103927	0
SLC30A2	1	8.6751e-07	4.404812e-05	111823	4
SLC30A7	1	8.5571e-07	0.00010622562	111623	11
SLC35A3	1	8.4476e-07	3.6856540000000005e-05	106171	3
SLC35D1	1	8.9961e-07	3.599808e-05	111014	3
SLC35E2	1	2.5345e-07	9.723369e-05	101509	9
SLC35E2B	1	6.5628e-07	1.75936e-05	94926	1
SLC35F3	1	1.1465000000000002e-06	1.759418e-05	107955	1
SLC39A1	1	4.945600000000001e-07	2.651215e-05	109555	2
SLC41A1	1	1.1916e-06	2.6419840000000004e-05	112828	2
SLC44A3	1	1.7704e-06	0.00031845591	108157	34
SLC44A5	1	2.5284000000000002e-06	0.00014219643999999998	109242	15
SLC45A1	1	1.3899e-06	0.00035821981	110330	39
SLC45A3	1	6.6417e-07	2.666818e-05	109147	2
SLC50A1	1	5.5583e-07	4.45403e-05	110447	4
SLC5A9	1	2.0406e-06	0.16252473513000001	111920	18189
SLC6A17	1	1.3197999999999998e-06	4.403627e-05	110210	4
SLC6A9	1	1.6652000000000002e-06	8.974934000000001e-05	110021	9
SLC9A1	1	1.7884e-06	4.427276e-05	108063	4
SLC9C2	1	2.6411e-06	0.00014113568000000002	107273	15
SLFNL1	1	7.096e-07	0.006996989499999999	107924	755
SMAP2	1	1.601e-06	0.0004144631299999999	111390	46
SMCP	1	0.0	0.0	112971	0
SMG5	1	3.1726999999999997e-06	5.421062e-05	109526	5
SMG7	1	3.6703e-06	7.537174e-05	111127	8
SMIM1	1	1.059e-07	0.0	113217	0
SMIM12	1	1.0864000000000001e-07	0.0	105161	0
SMPDL3B	1	9.4274e-07	0.00034350345	110477	37
SMYD2	1	1.2123e-06	4.8149099999999996e-05	109802	5
SMYD3	1	1.4075e-06	0.00011441639	111812	12
SNAP47	1	8.773700000000001e-07	2.639343e-05	107121	2
SNAPIN	1	4.6379e-07	4.399505999999999e-05	110338	4
SNIP1	1	1.2369e-06	2.7979679999999998e-05	109058	3
SNRNP40	1	9.086200000000001e-07	7.075259e-05	108824	7
SNRPE	1	3.3198e-07	0.0	112361	0
SNX27	1	2.0462999999999998e-06	1.7596e-05	110166	1
SNX7	1	8.7476e-07	9.3751e-05	108472	10
SOAT1	1	1.3098e-06	0.00021632935	110472	23
SORT1	1	2.2469e-06	2.6379190000000002e-05	111140	2
SOX13	1	1.597e-06	3.25648e-05	102375	3
SPAG17	1	5.8504e-06	0.0004719796400000001	109839	51
SPATA17	1	1.8511000000000002e-06	0.00015274075000000002	109185	16
SPATA21	1	1.0874e-06	0.00012510836000000002	107767	13
SPATA6	1	1.4877000000000002e-06	0.00025960446	107114	27
SPEN	1	8.7224e-06	3.57531e-05	110608	3
SPHAR	1	0.0	0.0	108025	0
SPOCD1	1	2.1491999999999997e-06	0.00017974258000000003	104599	18
SPRR1A	1	1.2527e-07	1.759124e-05	110924	1
SPRR1B	1	1.1763e-07	2.6379179999999995e-05	112642	2
SPRR2A	1	0.0	0.0	109989	0
SPRR2B	1	0.0	0.0	103271	0
SPRR2D	1	5.4527e-08	4.4543400000000005e-05	112708	5
SPRR2E	1	9.8174e-09	8.85802e-06	112510	0
SPRR2F	1	3.7165e-08	8.85457e-06	112308	0
SPRR2G	1	0.0	0.0	113452	0
SPRR3	1	0.0	0.0	109897	0
SPRR4	1	1.2365e-07	8.79245e-06	113343	0
SPRTN	1	9.3418e-07	0.0	111128	0
SPSB1	1	7.2329e-07	1.84373e-05	108158	1
SPTA1	1	8.4404e-06	0.00035424968	112421	39
SRGAP2	1	1.7548e-06	5.405146e-05	106949	5
SRM	1	6.8419e-07	1.789439e-05	104658	1
SRP9	1	2.9702e-07	0.0	105890	0
SRRM1	1	4.1054000000000005e-06	2.66255e-05	107462	2
SRSF11	1	1.8335e-06	8.85395e-06	110401	0
SRSF4	1	1.8497999999999998e-06	4.4833879999999996e-05	109959	4
SSBP3	1	1.796e-06	1.0403e-05	104457	1
SSBP3-AS1	1	0.0	0.0	111956	0
SSR2	1	7.6449e-07	3.517923e-05	110629	3
SSU72	1	4.8028e-07	8.8171e-06	101098	0
SSX2IP	1	1.9119e-06	0.00015310381000000002	109765	16
ST3GAL3	1	1.4429e-06	6.154152e-05	111207	6
ST6GALNAC3	1	8.293299999999999e-07	7.936261999999999e-05	106235	8
ST6GALNAC5	1	8.226899999999999e-07	1.834423e-05	109067	2
ST7L	1	1.5165e-06	9.700369e-05	109482	10
STIL	1	2.5331e-06	8.814819e-05	112332	9
STK40	1	9.7164e-07	8.81834e-06	108863	0
STMN1	1	5.3137e-07	0.0	104154	0
STPG1	1	9.7085e-07	3.5537209999999996e-05	110900	3
STRIP1	1	2.3455000000000002e-06	0.00013259534	109086	14
STX12	1	8.735799999999999e-07	0.0	102427	0
STX6	1	7.609300000000001e-07	4.468845e-05	110368	4
STXBP3	1	1.9589e-06	5.378031e-05	106110	5
SUCO	1	3.2905e-06	0.00018700431	106478	19
SUSD4	1	1.0241e-06	4.407684e-05	108523	4
SV2A	1	2.4603e-06	7.035563e-05	110607	7
SWT1	1	2.0191e-06	2.706792e-05	105859	2
SYCP1	1	2.7741000000000003e-06	9.97232e-05	101791	10
SYDE2	1	2.6327999999999996e-06	0.00068407523	108052	73
SYF2	1	6.950100000000001e-07	8.82426e-06	110182	0
SYNC	1	1.0876e-06	5.385214e-05	93225	5
SYPL2	1	6.317199999999999e-07	3.561663e-05	107954	3
SYT11	1	6.286e-07	0.0	112188	0
SYT14	1	1.2143000000000002e-06	1.65278e-05	108113	1
SYT2	1	6.9914e-07	0.0	111636	0
SYT6	1	7.050199999999999e-07	4.434684e-05	110303	4
SYTL1	1	1.4848e-06	0.00019893283	106607	21
SZRD1	1	3.8546999999999997e-07	0.0	106096	0
SZT2	1	1.1726e-05	0.00039830195	108881	43
TACSTD2	1	2.4827e-07	2.8570209999999997e-05	103856	2
TADA1	1	9.038299999999999e-07	0.00038724446	109968	42
TAF12	1	4.851699999999999e-07	0.0	111423	0
TAF13	1	5.7076e-07	8.79353e-06	106225	0
TAF1A	1	1.1927e-06	0.00022418183999999998	109400	24
TAF5L	1	1.4969999999999998e-06	1.7647e-05	111749	1
TAGLN2	1	6.6928e-07	3.520974e-05	105353	3
TAL1	1	4.1238999999999995e-07	0.0	101802	0
TARBP1	1	3.3472000000000003e-06	0.00042076947	106332	44
TARDBP	1	9.2333e-07	8.78966e-06	109665	0
TARS2	1	2.2548e-06	0.00018500165000000002	112646	20
TAS1R1	1	1.3499000000000002e-06	0.0018972235000000001	108849	206
TAS1R2	1	1.3522e-06	0.00014148659	112419	15
TAS1R3	1	1.4194e-06	0.00045427664000000003	104104	47
TATDN3	1	7.2454e-07	0.00025207192000000004	109418	27
TBCE	1	1.6657e-06	0.00029092722999999996	112221	32
TBX15	1	1.2187999999999999e-06	3.535529e-05	111452	3
TBX19	1	9.626299999999999e-07	0.00018545389	111558	20
TCEA3	1	8.546799999999999e-07	0.00013511815	109005	14
TCEANC2	1	5.6738e-07	5.520249e-05	109077	6
TCEB3	1	2.7213e-06	0.0	109020	0
TCHH	1	2.7668e-06	0.00028334257999999997	112185	31
TCHHL1	1	1.1365e-07	0.0	112775	0
TCTEX1D1	1	4.2558e-07	0.14092711929	108915	15349
TCTEX1D4	1	2.947e-07	0.0	104524	0
TDRD10	1	9.8011e-07	0.00078002194	111100	86
TDRD5	1	3.1481e-06	4.4508109999999996e-05	110371	4
TDRKH	1	1.3243e-06	1.776989e-05	111521	1
TEDDM1	1	1.9163e-07	3.522807e-05	112857	3
TEKT2	1	1.3214e-06	0.0001014491	110935	11
TESK2	1	1.9077e-06	0.00015950043	111109	17
TEX35	1	6.989399999999999e-07	0.00017695128	105131	18
TEX38	1	3.8073e-07	0.0001323518	70819	9
TFAP2E	1	7.2857e-07	3.8694770000000006e-05	109574	4
TFB2M	1	1.062e-06	0.00017430061	109699	19
TGFB2	1	9.150499999999999e-07	0.0	108781	0
TGFBR3	1	2.1658e-06	5.4615749999999996e-05	111483	6
THAP3	1	2.8302e-07	2.6710040000000003e-05	108150	2
THBS3	1	3.5112e-06	0.00047706443	109727	52
THEM4	1	4.3559e-07	6.234787e-05	111639	6
THEM5	1	4.4608000000000003e-07	0.00020395465	111348	22
THEMIS2	1	9.289100000000001e-07	0.00013296281999999998	110568	14
THRAP3	1	3.4621e-06	0.0	99952	0
TIE1	1	3.0233e-06	0.00021078957999999998	107241	22
TIMM17A	1	6.6648e-07	9.2188e-06	112343	1
TINAGL1	1	1.6574e-06	7.680818e-05	105894	8
TIPRL	1	7.695600000000001e-07	8.7926e-06	108142	0
TLR5	1	1.0894e-06	0.06224204203	113412	7059
TM2D1	1	6.9877e-07	6.392309e-05	103014	6
TMCC2	1	9.1899e-07	2.87104e-05	108778	3
TMCO1	1	1.0968e-06	0.00020136383999999998	108528	21
TMCO2	1	5.3217e-07	7.042082e-05	112097	7
TMCO4	1	1.8854e-06	0.00049693694	109086	54
TMED5	1	6.149499999999999e-07	7.057509e-05	105890	7
TMEM125	1	1.3865000000000001e-07	5.7600590000000005e-05	103056	5
TMEM167B	1	1.5827999999999999e-07	0.0	102300	0
TMEM183A	1	1.3099000000000002e-06	8.992639999999999e-06	106450	0
TMEM200B	1	4.6742e-07	8.89284e-06	106737	0
TMEM201	1	1.437e-06	0.0	100967	0
TMEM206	1	8.1333e-07	0.00022172407000000004	111595	24
TMEM222	1	4.525e-07	5.419683000000001e-05	109016	5
TMEM234	1	4.3325000000000004e-07	3.663442e-05	106140	3
TMEM240	1	3.1533e-07	0.0	103595	0
TMEM39B	1	1.4213999999999999e-06	7.826421e-05	104733	8
TMEM50A	1	5.2907e-07	8.82145e-06	110566	0
TMEM51	1	5.1644e-07	8.793060000000001e-06	110505	0
TMEM52	1	1.9164000000000001e-07	9.16053e-06	105930	0
TMEM53	1	4.7527e-07	4.45563e-05	110661	4
TMEM54	1	3.6743e-07	0.00034727915000000003	100282	34
TMEM56	1	5.0756e-07	8.81446e-06	109503	0
TMEM56-RWDD3	1	5.4636e-07	1.7609839999999998e-05	106988	1
TMEM57	1	1.8179e-06	2.6409240000000004e-05	107322	2
TMEM59	1	8.3609e-07	0.00032538492	109081	35
TMEM61	1	2.972e-07	4.50696e-05	106496	4
TMEM63A	1	1.8436000000000002e-06	0.00010630818000000001	109963	11
TMEM69	1	2.9272e-07	2.6494120000000002e-05	103674	2
TMEM79	1	7.705800000000001e-07	0.00010569232	108833	11
TMEM81	1	2.7565e-07	0.00017638251000000001	111990	19
TMEM82	1	6.3672e-07	9.914603999999999e-05	103751	10
TMEM9	1	4.6655e-07	2.641592e-05	109655	2
TMOD4	1	1.2703e-06	0.00011437313	110767	12
TNFAIP8L2	1	1.1640999999999998e-07	2.6632970000000002e-05	111834	2
TNFRSF14	1	6.0517e-07	8.872169999999999e-06	105938	0
TNFRSF18	1	2.7184000000000003e-07	8.943889000000001e-05	100302	8
TNFRSF1B	1	9.1499e-07	1.9334160000000003e-05	106517	2
TNFRSF25	1	1.2217e-06	3.6259809999999995e-05	102624	3
TNFRSF4	1	4.2223e-07	6.430441e-05	100485	6
TNFRSF8	1	1.9053e-06	3.5807090000000004e-05	108220	3
TNFRSF9	1	6.9753e-07	6.157433000000001e-05	110952	6
TNFSF18	1	2.9487e-07	0.0037042776700000005	108755	402
TNFSF4	1	1.3859999999999998e-07	1.0216e-05	110101	1
TNN	1	2.9663999999999997e-06	0.00072505526	108999	79
TNNI1	1	6.551899999999999e-07	5.391588000000001e-05	107147	5
TNNI3K	1	2.9886e-06	0.00099624788	109529	109
TNNT2	1	1.3463e-06	5.274460999999999e-05	108608	5
TNR	1	4.365e-06	6.229446999999999e-05	111429	6
TOE1	1	1.3278e-06	0.00018530473000000002	110809	20
TOMM20	1	4.4215e-07	8.82581e-06	108231	0
TOMM40L	1	7.659899999999999e-07	1.7605179999999997e-05	109989	1
TOR1AIP1	1	1.6563e-06	0.00018614417	107739	20
TOR1AIP2	1	7.4796e-07	0.00010811246000000002	109008	11
TOR3A	1	6.666100000000001e-07	0.00030439377	105624	32
TP53BP2	1	2.9206e-06	0.00010431156	109208	11
TP73	1	1.5597999999999999e-06	8.94118e-06	102588	0
TPM3	1	1.0372e-06	4.425986e-05	111535	4
TPR	1	7.5799e-06	4.4857820000000004e-05	109711	4
TPRG1L	1	5.697600000000001e-07	0.00281410309	107031	301
TRABD2B	1	6.3735e-07	0.0	61930	0
TRAF3IP3	1	2.1034e-06	0.00013300143	110009	14
TRAF5	1	1.4559000000000001e-06	7.198213000000001e-05	111274	8
TRAPPC3	1	3.1607e-07	8.79585e-06	108886	0
TRIM11	1	7.8669e-07	2.644515e-05	106923	2
TRIM17	1	1.0122e-06	0.00023613392999999997	108467	25
TRIM33	1	2.8564e-06	0.0	108911	0
TRIM45	1	1.1207e-06	0.0016972174399999998	111132	188
TRIM46	1	2.047e-06	1.864876e-05	107661	2
TRIM58	1	7.9494e-07	0.0001601989	109141	17
TRIM62	1	8.839299999999999e-07	9.209131999999999e-05	106440	9
TRIM63	1	8.731299999999999e-07	0.00072343685	110262	79
TRIM67	1	1.3162e-06	3.5727e-05	106326	3
TRIT1	1	1.361e-06	0.0009697598	110737	107
TRMT13	1	1.2883000000000002e-06	0.00012528112	109759	13
TRMT1L	1	2.0062999999999997e-06	8.197398000000001e-05	107042	8
TRNAU1AP	1	9.9595e-07	4.436376e-05	110337	4
TRNP1	1	3.8658999999999996e-08	0.0	85688	0
TROVE2	1	1.2606999999999998e-06	2.6603140000000002e-05	107590	2
TSACC	1	2.0569000000000004e-07	8.79121e-06	109763	0
TSEN15	1	3.9966e-07	1.76224e-05	107886	1
TSHB	1	1.4505999999999998e-07	4.39998e-05	113465	4
TSNAX	1	7.797399999999999e-07	2.6971420000000002e-05	109354	2
TSPAN1	1	5.8695e-07	8.790033000000002e-05	112110	9
TSPAN2	1	6.5598e-07	6.15625e-05	106509	6
TSSK3	1	3.2158e-07	1.7631389999999998e-05	111799	1
TSTD1	1	2.0425000000000002e-07	0.0	104931	0
TTC13	1	2.8611e-06	0.00010573188	109334	11
TTC22	1	1.0112e-06	0.00020235328999999999	99508	20
TTC24	1	1.3441e-06	2.680348e-05	102190	2
TTC39A	1	1.6036000000000002e-06	0.0001245606	103521	12
TTC4	1	9.9735e-07	0.00016121533000000002	107856	17
TTF2	1	3.5502e-06	0.00051993224	110384	57
TTLL10	1	1.2353e-06	0.00033108008000000004	95977	31
TTLL7	1	3.4282e-06	9.900721e-05	110228	10
TUFT1	1	1.2505e-06	5.9115360000000004e-05	108862	6
TXLNA	1	1.2495e-06	1.24344e-05	106789	1
TXNDC12	1	5.5772e-07	4.445067e-05	110100	4
TXNIP	1	1.1067e-06	3.5210820000000007e-05	112834	3
TYW3	1	5.382199999999999e-07	3.6410690000000006e-05	111401	4
UAP1	1	1.6671e-06	4.413187e-05	110773	4
UBAP2L	1	3.2446e-06	2.29887e-05	111027	2
UBE2J2	1	6.0108e-07	0.0	109299	0
UBE2Q1	1	1.2447e-06	0.0	110467	0
UBE2T	1	8.441e-07	4.4623240000000006e-05	112163	5
UBE2U	1	6.2217e-07	2.657526e-05	109381	2
UBE4B	1	3.5805000000000003e-06	5.390919e-05	111015	5
UBIAD1	1	4.6053000000000006e-07	1.7674879999999998e-05	113106	1
UBL4B	1	9.8342e-08	8.79941e-06	107931	0
UBQLN4	1	1.2405e-06	8.80437e-06	107846	0
UBR4	1	1.2902000000000001e-05	8.907916999999999e-05	111118	9
UBXN10	1	5.184e-07	0.0033229815	112157	372
UBXN11	1	1.6182e-06	0.00041352837	106304	43
UCHL5	1	1.2067e-06	2.7077309999999996e-05	105240	2
UCK2	1	6.4762e-07	0.0	111938	0
UFC1	1	7.445900000000001e-07	4.395375e-05	112436	4
UHMK1	1	8.9051e-07	2.6419970000000002e-05	109844	2
UQCRH	1	4.9566e-07	1.758458e-05	110170	1
URB2	1	2.9095e-06	0.00039750049	112126	44
UROD	1	1.0869e-06	0.00013189549	109878	14
USF1	1	1.3637e-06	0.00181810635	108673	197
USH2A	1	1.1995e-05	0.0016427645	112543	184
USP1	1	1.4432e-06	2.018976e-05	107510	2
USP21	1	3.1544e-06	8.812139e-05	112616	9
USP24	1	8.2747e-06	6.669799e-05	100899	6
USP33	1	2.8458999999999997e-06	5.324126999999999e-05	108391	5
USP48	1	3.2535000000000003e-06	2.6434640000000005e-05	108534	2
UTP11L	1	9.8762e-07	0.00015079495000000002	110443	16
UTS2	1	2.5501999999999996e-07	0.0	111187	0
VAMP3	1	5.0066e-07	6.160203e-05	107729	6
VAMP4	1	4.9103e-07	8.807780000000001e-06	108547	0
VANGL1	1	1.204e-06	5.287182e-05	112574	5
VANGL2	1	1.5545e-06	8.808089999999999e-06	111459	0
VASH2	1	5.8238e-07	1.83429e-05	103058	1
VAV3	1	3.0963e-06	0.00016866964	109685	18
VCAM1	1	1.3108000000000002e-06	1.8019010000000002e-05	109890	1
VHLL	1	0.0	0.0	106952	0
VPS13D	1	1.1983e-05	0.00024816517999999994	111601	27
VPS45	1	2.0794e-06	8.927068000000001e-05	110187	9
VPS72	1	1.2839e-06	5.275603e-05	112185	5
VSIG8	1	1.0397e-06	4.7723549999999995e-05	103379	4
VTCN1	1	6.030399999999999e-07	6.172892e-05	111360	6
VWA1	1	5.952700000000001e-07	4.533696e-05	104992	4
VWA5B1	1	2.7163e-06	0.0005300362000000001	60448	32
WARS2	1	8.4439e-07	4.447027e-05	110510	4
WASF2	1	1.0776999999999999e-06	8.79291e-06	110768	0
WDR26	1	1.8331999999999999e-06	0.0	107255	0
WDR3	1	2.8995e-06	0.0004814271	111100	53
WDR47	1	2.1466e-06	3.543882e-05	109751	3
WDR63	1	2.7894999999999997e-06	0.00037608889	109412	41
WDR64	1	3.4713e-06	0.00031614903	108227	34
WDR65	1	1.3506999999999998e-06	0.00023075488	109931	25
WDR77	1	8.981700000000001e-07	5.347343000000001e-05	104475	5
WDR78	1	2.701e-06	0.00066043511	108608	71
WDTC1	1	1.7503e-06	8.79384e-06	110096	0
WI2-3308P17.2	1	0.0	0.0	112892	0
WLS	1	1.4168000000000001e-06	4.3979209999999995e-05	111649	4
WNT2B	1	1.5447e-06	3.5173179999999996e-05	108598	3
WNT3A	1	6.3527e-07	0.0	103397	0
WNT4	1	7.0396e-07	2.6449209999999998e-05	109676	2
WNT9A	1	6.7153e-07	8.79941e-06	106088	0
WRAP73	1	1.25e-06	9.745372e-05	109206	10
XCL1	1	2.4014e-07	8.824880000000001e-06	112294	0
XCL2	1	2.3559e-07	3.9066040000000005e-05	109873	4
XKR8	1	7.5745e-07	6.194069e-05	110636	6
XPR1	1	2.3552e-06	1.7587839999999997e-05	110349	1
YARS	1	1.3665e-06	6.159692e-05	109222	6
YBX1	1	1.0793e-06	8.81057e-06	105824	0
YIPF1	1	8.931299999999998e-07	0.0030300889899999997	109971	333
YOD1	1	4.2373999999999995e-07	6.74042e-05	108046	7
YRDC	1	3.3540999999999996e-07	3.517176e-05	112863	3
YTHDF2	1	1.0085e-06	0.0	109130	0
YY1AP1	1	1.3312999999999999e-06	0.00019351167	111272	21
ZBTB17	1	1.8947e-06	2.013001e-05	107543	2
ZBTB18	1	9.7913e-07	0.0	112795	0
ZBTB37	1	1.2067e-06	1.759635e-05	105914	1
ZBTB40	1	2.4617e-06	0.00022937182999999996	112631	25
ZBTB41	1	2.1871e-06	5.3076180000000004e-05	109019	5
ZBTB48	1	1.7031999999999998e-06	4.642939999999999e-05	109009	5
ZBTB7B	1	1.0459e-06	1.760768e-05	110551	1
ZBTB8A	1	1.1857e-06	2.644468e-05	111749	2
ZBTB8B	1	8.6719e-07	4.92642e-05	60888	2
ZBTB8OS	1	6.1938e-07	1.845172e-05	108259	1
ZC3H11A	1	2.4048e-06	2.7382370000000002e-05	110776	3
ZC3H12A	1	1.3993e-06	3.54251e-05	109126	3
ZCCHC11	1	4.9545e-06	1.7934029999999997e-05	108222	1
ZCCHC17	1	8.261399999999999e-07	6.190708000000001e-05	110157	6
ZDHHC18	1	1.0771e-06	3.5229670000000004e-05	112810	3
ZFP69	1	9.590100000000001e-07	0.00178902745	111969	200
ZFP69B	1	7.999600000000001e-07	0.00028574196	108704	31
ZFYVE9	1	2.6588e-06	4.4531369999999996e-05	111172	4
ZMPSTE24	1	1.2907e-06	0.0001763739	112891	19
ZMYM1	1	2.372e-06	0.00015442411	109242	16
ZMYM4	1	4.4836e-06	5.599953000000001e-05	110424	6
ZMYM6	1	3.173e-06	0.0001413343	108125	15
ZMYM6NB	1	1.2999000000000001e-07	0.0	103702	0
ZMYND12	1	9.400299999999999e-07	9.999593e-05	109681	10
ZNF124	1	1.6445999999999998e-07	5.2796099999999994e-05	109262	5
ZNF281	1	1.2774e-06	0.0	110946	0
ZNF326	1	1.8021e-06	8.82753e-06	107836	0
ZNF362	1	8.2546e-07	8.80887e-06	108721	0
ZNF436	1	1.135e-06	7.038789000000001e-05	110444	7
ZNF496	1	1.1666e-06	1.758954e-05	109919	1
ZNF593	1	3.1976999999999996e-07	3.175769e-05	101818	3
ZNF644	1	2.8197000000000003e-06	8.79507e-06	112870	0
ZNF648	1	6.339e-07	0.00099603091	103737	103
ZNF669	1	3.0684e-07	4.405582e-05	106788	4
ZNF670	1	2.0301e-07	1.794899e-05	111615	2
ZNF672	1	9.421899999999999e-07	1.1808900000000001e-05	99662	1
ZNF678	1	5.2801e-08	9.01811e-06	108324	0
ZNF683	1	7.7783e-07	0.00011884983999999999	106046	12
ZNF684	1	5.4166e-07	0.0001416733	110320	15
ZNF687	1	1.6406e-06	7.671615e-05	108530	8
ZNF691	1	4.992199999999999e-07	8.79368e-06	108812	0
ZNF692	1	9.6897e-07	0.00014724141	101418	14
ZNF695	1	1.9464000000000003e-07	1.937471e-05	109754	2
ZNF697	1	7.011700000000001e-07	2.8373600000000002e-05	99603	2
ZNHIT6	1	1.2756000000000001e-06	7.999096e-05	108501	8
ZP4	1	1.7265000000000001e-06	0.0005299133900000001	112257	59
ZRANB2	1	1.8171000000000001e-06	8.83954e-06	109887	0
ZSCAN20	1	2.1561e-06	7.964804e-05	109906	8
ZSWIM5	1	3.2183999999999995e-06	4.415882e-05	110458	4
ZYG11A	1	1.8382e-06	0.0003459438	71126	24
ZYG11B	1	1.9307e-06	2.666545e-05	110164	2
ZZZ3	1	2.7214999999999997e-06	8.815700000000001e-06	108518	0
