SYMBOL	chromosome	mu_lof	AF_nfe	AN_nfe	NFE_k
AAMDC	11	3.7921e-07	6.162098000000001e-05	109228	6
AASDHPPT	11	6.2563e-07	2.76369e-05	107672	2
ABCC8	11	4.5578e-06	0.00053962102	108967	58
ABCG4	11	1.3765e-06	0.00017686792000000002	112451	19
ABTB2	11	2.2434e-06	5.3149669999999995e-05	106166	5
AC103801.2	11	0.0	0.0	112845	0
ACAD8	11	1.5557e-06	0.0002269227	109284	24
ACAT1	11	9.7667e-07	8.821863000000002e-05	111139	9
ACCS	11	1.1086e-06	0.00014995537	110665	16
ACCSL	11	1.3738999999999999e-06	0.00032704238	111880	36
ACER3	11	9.7178e-07	4.581871e-05	107590	4
ACP2	11	1.1212e-06	7.959642e-05	110053	8
ACRV1	11	5.0902e-07	0.0001144142	113148	12
ACY3	11	5.5348e-07	4.440855e-05	106536	4
ADAMTS15	11	1.5109e-06	0.00012247083	106370	13
ADAMTS8	11	1.6875e-06	0.00028397605	107684	30
ADM	11	2.9475e-07	2.0435699999999998e-05	108596	2
ADRBK1	11	2.2406e-06	1.764229e-05	109908	1
AGBL2	11	2.7032e-06	0.00038828589999999997	110786	43
AHNAK	11	4.192e-06	6.164833e-05	112988	6
AIP	11	9.384600000000001e-07	3.590419e-05	105620	3
AKIP1	11	3.8094e-07	0.0001245634	107921	13
ALDH3B1	11	8.436e-07	0.00010369023000000001	100977	10
ALDH3B2	11	6.839399999999999e-07	0.0011085889599999998	110814	122
ALG8	11	1.9674e-06	0.0005096273	105502	53
ALG9	11	1.3675e-06	5.3013199999999996e-05	111375	5
ALKBH3	11	1.3174e-06	0.00214768759	111928	240
ALKBH8	11	1.2896000000000001e-06	5.751135e-05	87603	5
ALX4	11	9.9926e-07	1.00874e-05	104823	1
AMBRA1	11	3.0504e-06	7.216656e-05	108253	7
AMICA1	11	8.0783e-07	0.00166209891	113082	187
AMOTL1	11	2.7269e-06	7.186451e-05	105465	7
AMPD3	11	2.1767e-06	0.00026745449	110981	29
ANAPC15	11	4.1476000000000004e-07	0.0	92156	0
ANGPTL5	11	8.746e-07	0.00023161967	110182	25
ANKK1	11	1.2424e-06	0.00117302729	102993	120
ANKRD13D	11	1.4471e-06	8.81881e-06	104633	0
ANKRD42	11	1.0585e-06	0.00019556284	106567	20
ANKRD49	11	5.0401e-07	5.451788000000001e-05	108124	5
ANO1	11	2.9374e-06	7.151196999999999e-05	104725	7
ANO3	11	3.5411000000000003e-06	0.0002129416	109800	23
ANO5	11	3.2802999999999997e-06	0.00045101985	111675	50
ANO9	11	2.3224e-06	0.00031048899	104491	32
AP000721.4	11	1.9772999999999998e-07	0.0	93100	0
AP000758.1	11	4.3518e-08	0.0	110112	0
AP000867.1	11	0.0	0.0	106209	0
AP000889.3	11	2.4619e-07	6.196582e-05	102637	6
AP001350.1	11	0.0	0.0	107214	0
AP001362.1	11	2.2055999999999998e-07	8.96845e-06	103716	0
AP002884.3	11	6.4152e-07	0.00019343699	110979	21
AP002956.1	11	2.9352e-08	0.0	112528	0
AP003068.23	11	5.6169000000000005e-08	0.0	105667	0
AP003733.1	11	0.0	0.0	108459	0
AP006621.5	11	0.0	0.0	102621	0
AP2A2	11	2.319e-06	0.0	102199	0
AP5B1	11	1.1490000000000001e-06	0.00012198126	102159	12
APBB1	11	1.5891e-06	8.78966e-06	108623	0
API5	11	1.8817e-06	8.79446e-06	109991	0
APIP	11	5.4122e-07	0.00283369916	103895	294
APLNR	11	4.0413000000000006e-07	0.0	111124	0
APLP2	11	1.9533e-06	3.532215e-05	111907	3
APOA1	11	3.8427e-07	1.787358e-05	108452	1
APOA4	11	8.0098e-07	0.00013344613	112375	14
APOA5	11	6.901800000000001e-07	0.00024876391	110238	27
APOC3	11	2.4494e-07	0.002848476	108780	309
AQP11	11	3.8154e-07	0.00029461827	108529	31
ARAP1	11	3.8914e-06	0.00010749799999999999	105838	11
ARCN1	11	1.9938999999999997e-06	0.0	110931	0
ARFGAP2	11	1.5919e-06	5.2809009999999996e-05	109738	5
ARFIP2	11	1.0846e-06	1.7592320000000002e-05	110449	1
ARHGAP1	11	9.519200000000001e-07	5.304483e-05	109120	5
ARHGAP20	11	2.3284e-06	6.187585e-05	110675	6
ARHGAP32	11	4.4725e-06	5.597092e-05	109932	6
ARHGAP42	11	2.9405e-06	0.0	72707	0
ARHGEF12	11	5.1717e-06	5.361089e-05	110140	5
ARHGEF17	11	4.715400000000001e-06	8.227485000000001e-05	109883	9
ARL14EP	11	3.7871000000000003e-07	0.0	112123	0
ARL2	11	4.7471000000000005e-07	1.8284610000000002e-05	105898	1
ARNTL	11	1.9497e-06	3.536897e-05	109367	3
ARRB1	11	1.1072e-06	8.798939999999999e-06	107267	0
ART1	11	9.6989e-07	0.0014321080900000002	103209	147
ART5	11	7.5722e-07	8.643712e-05	102944	8
ASCL3	11	2.6454999999999997e-07	0.00103732164	111138	115
ASRGL1	11	4.3222e-07	2.730553e-05	109491	2
ATG13	11	1.1858e-06	8.88526e-06	111715	0
ATG16L2	11	1.7667e-06	0.00027639355	108094	29
ATG2A	11	4.7252e-06	0.00014858211000000002	105390	15
ATHL1	11	1.8991e-06	0.0006386172499999999	106830	68
ATL3	11	1.7386000000000002e-06	9.773627e-05	109196	10
ATM	11	9.1112e-06	0.00098103926	111953	109
ATP5L	11	2.8648e-07	1.766818e-05	108485	1
B3GAT1	11	9.2384e-07	2.777864e-05	102581	2
B3GAT3	11	9.391200000000001e-07	9.915645e-05	110506	10
B3GNT1	11	8.0596e-07	6.39772e-05	108749	6
B3GNT6	11	4.4674e-07	0.0001298128	96721	12
B4GALNT4	11	2.6823e-06	0.00036838435	102905	37
BACE1	11	1.3301e-06	2.7746390000000002e-05	111523	3
BAD	11	2.4966e-07	7.181741e-05	104201	7
BANF1	11	1.9721e-07	0.0	111766	0
BARX2	11	5.612699999999999e-07	2.670863e-05	107579	2
BATF2	11	1.1595999999999999e-07	0.0	102370	0
BBOX1	11	8.4626e-07	0.00018827130000000002	109175	20
BBS1	11	1.9446999999999998e-06	0.00014129035	111609	15
BCL9L	11	2.2059e-06	4.5318359999999993e-05	106279	4
BCO2	11	1.6262e-06	0.00039614512000000004	111288	44
BDNF	11	8.9285e-07	9.13275e-06	109037	0
BEST1	11	8.528100000000001e-07	9.675644e-05	110266	10
BET1L	11	3.2684e-07	0.0	107779	0
BIRC2	11	1.4231e-06	0.000210631	111176	23
BIRC3	11	1.158e-06	3.604393e-05	109779	3
BLID	11	0.0	0.0	111713	0
BRMS1	11	9.5877e-07	6.157068e-05	103870	6
BRSK2	11	1.7587e-06	0.0	101550	0
BSCL2	11	1.5321000000000001e-06	5.1692650000000004e-05	107217	5
BSX	11	2.9896e-07	0.00109443	104424	114
BTBD10	11	1.7977000000000002e-06	7.085785e-05	110272	7
BTBD18	11	1.2886e-06	0.0	87315	0
BTG4	11	4.4427e-07	2.107955e-05	108517	2
BUD13	11	1.6118e-06	0.00016739596999999998	109775	18
C11orf1	11	5.7652e-07	0.00026004577	108741	28
C11orf16	11	8.219400000000001e-07	0.00031428197	110056	34
C11orf21	11	3.6149e-07	1.67673e-05	79722	1
C11orf24	11	2.9208e-07	3.555815e-05	112547	4
C11orf30	11	2.9768e-06	8.82363e-06	110470	0
C11orf31	11	1.5642999999999998e-07	0.00011830443000000001	91779	10
C11orf35	11	1.3641e-06	0.00046288985	102469	47
C11orf40	11	2.5226e-07	0.05934683802	106167	6300
C11orf42	11	9.2006e-07	7.129089e-05	108127	7
C11orf45	11	1.7381e-07	8.9886e-06	108401	0
C11orf48	11	5.7345e-07	3.574913e-05	107475	3
C11orf49	11	1.3034999999999999e-06	0.00015192862	109875	16
C11orf52	11	3.1611e-07	5.2757259999999994e-05	112422	5
C11orf53	11	3.2538e-07	2.70485e-05	111404	3
C11orf54	11	6.0911e-07	0.00035257778	108714	38
C11orf57	11	5.2725e-07	1.765621e-05	110421	1
C11orf58	11	6.1059e-07	1.772839e-05	112254	1
C11orf63	11	1.84e-06	0.00030784949	110310	33
C11orf65	11	7.3782e-07	0.00174150146	110230	191
C11orf68	11	3.1984000000000004e-07	1.784773e-05	108933	1
C11orf70	11	9.340899999999999e-07	0.00011704614	107174	12
C11orf71	11	1.2517e-07	4.56791e-05	108605	4
C11orf72	11	0.0	0.0	109667	0
C11orf73	11	5.381300000000001e-07	1.7757979999999997e-05	106625	1
C11orf74	11	3.5501999999999996e-07	0.00013318169	111499	14
C11orf80	11	1.3002e-06	7.989049e-05	103593	8
C11orf82	11	1.5377000000000001e-06	0.00029641925	111596	33
C11orf83	11	1.0357000000000001e-07	0.0	109495	0
C11orf84	11	6.9602e-07	0.0	108823	0
C11orf85	11	5.9407e-07	0.00019356889	107616	20
C11orf87	11	1.6444000000000004e-07	0.0	110178	0
C11orf88	11	4.8565e-07	7.066895000000001e-05	109858	7
C11orf89	11	0.0	0.0	108732	0
C11orf94	11	1.2703e-07	1.54088e-05	107141	1
C1QTNF4	11	3.5152e-07	1.0280899999999998e-05	97539	1
C1QTNF5	11	2.5528000000000005e-07	0.0	109272	0
C2CD2L	11	1.5733e-06	4.4233630000000005e-05	109795	4
C2CD3	11	4.7862e-06	0.0009855312300000002	111061	109
CABP2	11	6.9946e-07	0.0011089795	107623	119
CABP4	11	1.1284999999999999e-06	0.00021514052000000004	107269	23
CADM1	11	1.0958e-06	8.84095e-06	109833	0
CALCA	11	1.9436e-07	1.75812e-05	113444	1
CALCB	11	2.0252e-07	8.8372e-06	112864	0
CAPN1	11	2.573e-06	7.181275e-05	105021	7
CAPN5	11	1.8975999999999998e-06	0.00038178796000000004	109059	41
CAPRIN1	11	2.4491e-06	7.139052e-05	110305	7
CARD16	11	2.9451e-07	8.801110000000002e-06	112982	0
CARD17	11	3.1712e-07	0.00030190830000000003	112320	33
CARD18	11	2.2427e-07	1.7761400000000002e-05	111342	1
CARNS1	11	1.2789e-06	0.000129159	101251	13
CARS	11	2.1584e-06	5.7715519999999995e-05	110810	6
CASP1	11	8.6836e-07	6.202191e-05	110001	6
CASP4	11	9.798899999999999e-07	0.00060937986	111364	67
CASP5	11	1.1674e-06	0.0025411611399999996	109492	278
CAT	11	1.2959e-06	7.071813e-05	111574	7
CATSPER1	11	1.4844e-06	0.0002284993	108284	24
CBL	11	2.6832e-06	6.162024e-05	112051	6
CCDC15	11	2.2099000000000002e-06	0.00037491574	101895	38
CCDC153	11	8.092699999999999e-07	0.0005218036	106237	55
CCDC34	11	7.5092e-07	7.629143e-05	109240	8
CCDC67	11	1.9074e-06	0.00072680096	102469	74
CCDC73	11	2.041e-06	0.00018245997	106972	19
CCDC81	11	2.2637e-06	0.00030302918	107752	32
CCDC82	11	1.5297e-06	9.857818999999999e-05	107943	10
CCDC83	11	1.0655e-06	0.0001524869	108843	16
CCDC84	11	1.2679e-06	0.0002077338	109700	22
CCDC85B	11	1.8019000000000003e-07	0.0	105953	0
CCDC86	11	8.998200000000002e-07	0.00058993597	103849	61
CCDC87	11	9.348e-07	0.00255208459	108251	276
CCDC88B	11	3.8914e-06	0.00039169241	101069	39
CCDC89	11	5.269300000000001e-07	0.00027310612	112757	30
CCDC90B	11	7.1465e-07	2.690009e-05	106270	2
CCKBR	11	1.3990999999999999e-06	7.965901e-05	109926	8
CCND1	11	4.9349e-07	8.82472e-06	106916	0
CCS	11	7.669499999999999e-07	0.00017944984000000001	107625	19
CD151	11	8.338e-07	9.77565e-05	105016	10
CD248	11	8.97e-07	4.4420190000000005e-05	104843	4
CD3D	11	5.5443e-07	0.0001054917	107646	11
CD3E	11	8.742299999999999e-07	8.801651e-05	111535	9
CD3G	11	7.006999999999999e-07	0.00012111657	109951	13
CD44	11	2.0625e-06	0.00025551017000000005	109230	27
CD5	11	1.3922e-06	0.00017048263	104303	17
CD59	11	1.2342e-07	0.0	111084	0
CD6	11	1.3529e-06	0.00011426825	104864	11
CD81	11	5.4169e-07	0.0	109370	0
CD82	11	9.943700000000002e-07	0.00012377438999999998	111469	13
CDC42BPG	11	3.9838e-06	0.0003193044	106487	34
CDC42EP2	11	1.1816e-07	8.81694e-06	111836	0
CDCA5	11	4.37e-07	5.5962659999999996e-05	109037	6
CDHR5	11	1.469e-06	0.00024797014	102296	25
CDK2AP2	11	2.1686e-07	0.0	107952	0
CDKN1C	11	2.4344e-07	0.0	75698	0
CDON	11	3.2701e-06	0.00055553876	111460	61
CELF1	11	1.3515e-06	0.0	110928	0
CEND1	11	1.7111e-07	0.0	99541	0
CEP164	11	4.3360000000000005e-06	0.0019957664	109134	217
CEP57	11	1.8021e-06	5.293045e-05	110109	5
CFL1	11	2.788e-07	1.10125e-05	108627	1
CHEK1	11	1.2862e-06	0.00012315702	108908	13
CHID1	11	1.2947999999999999e-06	0.00016721486	109101	18
CHKA	11	1.3005e-06	3.533084e-05	109188	3
CHORDC1	11	1.0377e-06	1.778255e-05	106678	1
CHRDL2	11	1.0073999999999999e-06	8.910509e-05	108528	9
CHRM1	11	7.5609e-07	0.0	112379	0
CHRM4	11	5.874800000000001e-07	0.0	104408	0
CHRNA10	11	9.749e-07	0.0001361564	103098	14
CHST1	11	8.447399999999999e-07	1.76308e-05	109828	1
CKAP5	11	5.7033e-06	8.021519e-05	111225	8
CLCF1	11	4.8597e-07	0.0	111485	0
CLDN25	11	3.5126999999999994e-07	7.081793000000001e-05	111508	7
CLMP	11	1.4386e-06	0.0001440999	110435	15
CLNS1A	11	6.225899999999999e-07	2.6801059999999997e-05	104965	2
CLP1	11	1.2758e-06	4.397481e-05	110922	4
CLPB	11	2.068e-06	0.000149606	110826	16
CNGA4	11	1.2572e-06	0.00084704817	111405	94
CNIH2	11	4.1265e-07	0.0	107852	0
CNTF	11	3.8399e-07	4.508395000000001e-05	109135	4
CNTN5	11	2.8444e-06	0.00012431153	107154	13
COA4	11	1.2854e-07	0.0	111789	0
COLCA1	11	0.0	0.0	89416	0
COLCA2	11	1.9297999999999997e-07	0.0	89416	0
COMMD9	11	3.9136e-07	8.80716e-06	103227	0
COPB1	11	2.7902999999999998e-06	0.00035684594	109252	38
CORO1B	11	1.2515e-06	3.634574e-05	105396	3
COX8A	11	6.2124e-08	0.0	103461	0
CPSF7	11	1.5711e-06	0.0	109410	0
CPT1A	11	2.7787e-06	7.930761e-05	110884	8
CREB3L1	11	1.0722e-06	9.08727e-06	97106	0
CREBZF	11	3.9271000000000003e-07	8.94071e-06	108852	0
CRTAM	11	9.3006e-07	0.00012400453	111481	13
CRY2	11	1.8340000000000001e-06	4.5790150000000004e-05	108413	4
CRYAB	11	2.2986e-07	6.21681e-05	108012	6
CSNK2A3	11	1.2241e-06	0.00028141624	112447	31
CSRP3	11	5.0442e-07	8.801633e-05	113408	9
CST6	11	2.4995e-07	0.0	97664	0
CSTF3	11	2.8707999999999997e-06	6.258871999999999e-05	105009	6
CTD-3074O7.11	11	1.985e-06	0.00015740275	111546	17
CTNND1	11	2.7727999999999995e-06	4.5098509999999996e-05	107389	4
CTR9	11	3.6108e-06	1.761976e-05	109795	1
CTSC	11	1.0419e-06	0.00015138716999999998	109047	16
CTSD	11	8.8541e-07	3.547358e-05	110361	3
CTSF	11	1.2122e-06	7.049026e-05	107525	7
CTSW	11	8.307899999999999e-07	7.03939e-05	110558	7
CTTN	11	2.0330000000000003e-06	3.822448e-05	107625	4
CUL5	11	2.8829000000000004e-06	9.07836e-06	105911	0
CWC15	11	6.5077e-07	0.0	96328	0
CWF19L2	11	1.9111000000000002e-06	0.00013768743999999997	100145	13
CXCR5	11	3.6693000000000007e-07	9.43556e-06	107663	1
CYB561A3	11	4.9799e-07	8.791669999999999e-06	111281	0
CYB5R2	11	6.501100000000001e-07	0.00011641071000000001	110346	12
CYP2R1	11	1.3358000000000002e-06	0.00012486154	108578	13
DAGLA	11	2.1304e-06	1.7715150000000003e-05	110304	1
DAK	11	1.1416e-06	0.00017039056	109790	18
DBX1	11	5.2894e-07	3.694245e-05	103119	3
DCDC1	11	8.6977e-07	0.00010008779000000001	107941	10
DCHS1	11	6.369299999999999e-06	2.044113e-05	108041	2
DCPS	11	8.355e-07	4.409156e-05	110530	4
DCUN1D5	11	6.468399999999999e-07	0.0	106939	0
DDB1	11	2.9973e-06	5.287647e-05	111152	5
DDB2	11	1.3841999999999998e-06	0.00011477659	112501	12
DDI1	11	9.103600000000001e-07	0.00012319355	112252	13
DDX10	11	2.2586000000000003e-06	0.00029432062999999996	110395	32
DDX25	11	1.8663999999999998e-06	0.00030376357	103911	31
DDX6	11	1.5561000000000002e-06	0.0	106462	0
DEAF1	11	1.3441e-06	8.821644e-05	106965	9
DEFB108B	11	4.2237e-08	2.84758e-05	107239	3
DENND5A	11	3.4855e-06	9.726372999999999e-05	111772	10
DEPDC7	11	1.5725e-06	0.00034159953	105884	36
DGAT2	11	1.3601e-06	0.0009706177499999999	108028	104
DGKZ	11	4.0415e-06	6.972389e-05	103601	7
DHCR7	11	9.417499999999999e-07	0.007819537440000001	109022	852
DIXDC1	11	2.4305000000000003e-06	0.0002905185	105237	30
DKK3	11	1.0083e-06	3.5342620000000004e-05	108587	3
DLAT	11	1.3492e-06	0.00010568041	110592	11
DLG2	11	3.7231999999999998e-06	4.4234949999999996e-05	107568	4
DNAJB13	11	1.0057e-06	6.230411e-05	108168	6
DNAJC24	11	3.3094e-07	2.652364e-05	107438	2
DNAJC4	11	7.215600000000001e-07	0.0001158752	105491	12
DNHD1	11	1.2089e-05	0.0037774352799999997	88538	334
DPAGT1	11	6.9393e-07	3.520324e-05	110612	3
DPF2	11	2.0242e-06	8.86352e-06	111725	0
DPP3	11	2.0372e-06	0.00026474582	109864	29
DRAP1	11	4.1333e-07	0.0	108933	0
DRD2	11	1.0186e-06	8.842050000000001e-06	110912	0
DRD4	11	3.7838000000000003e-07	6.215507e-05	97038	6
DSCAML1	11	4.4405e-06	7.157073e-05	107907	7
DTX4	11	1.2789e-06	6.208261e-05	108117	6
DUSP8	11	5.3797e-07	2.14348e-05	102306	2
DYNC2H1	11	1.2654000000000001e-05	0.00110660815	102899	113
E2F8	11	2.1068e-06	2.6438579999999996e-05	111876	2
EED	11	1.3249e-06	1.91124e-05	105325	2
EEF1G	11	1.5883000000000001e-06	0.0	109816	0
EFCAB4A	11	5.642e-07	0.00029432112	100638	29
EFEMP2	11	1.1291e-06	2.649467e-05	108732	2
EHBP1L1	11	3.5419e-06	0.00021714321	104681	22
EHD1	11	8.158800000000001e-07	8.79477e-06	108009	0
EHF	11	1.1872e-06	2.6536999999999997e-05	111795	2
EI24	11	1.2295e-06	0.0	102401	0
EIF1AD	11	3.7629e-07	5.2804359999999996e-05	111766	5
EIF3F	11	7.3837e-07	8.78966e-06	107235	0
EIF3M	11	1.0677e-06	8.82332e-06	109163	0
EIF4G2	11	3.3029e-06	0.0	111532	0
ELF5	11	9.5272e-07	4.4057120000000003e-05	110997	4
ELMOD1	11	8.395200000000001e-07	1.82126e-05	99456	1
ELP4	11	9.801899999999999e-07	8.955082e-05	107928	9
EML3	11	2.5126e-06	0.00014754335	109588	16
ENDOD1	11	7.7334e-07	0.00027572162999999996	110522	30
EPS8L2	11	1.9941e-06	9.562482e-05	102312	9
ESAM	11	7.5908e-07	8.8483e-06	108184	0
ESRRA	11	9.2337e-07	0.0	105683	0
ETS1	11	1.397e-06	8.79554e-06	109742	0
EXPH5	11	3.4856e-06	0.0005911859400000001	111367	65
EXT2	11	2.1558e-06	0.00015868167	112918	17
F2	11	2.0784e-06	7.194222e-05	109291	7
FADD	11	9.2864e-08	0.0	105408	0
FADS1	11	1.2903e-06	3.5352059999999994e-05	108984	3
FADS2	11	1.2652e-06	9.01307e-06	110687	0
FADS3	11	1.1697e-06	6.407898e-05	106019	6
FAM111A	11	6.0122e-08	1.863234e-05	112420	2
FAM111B	11	4.8094e-08	0.0	111466	0
FAM118B	11	1.037e-06	1.770359e-05	112222	1
FAM160A2	11	2.6302e-06	1.7687039999999998e-05	109493	1
FAM168A	11	6.421e-07	0.0	110167	0
FAM180B	11	5.095799999999999e-07	0.0	105861	0
FAM181B	11	1.6864e-07	0.0	96711	0
FAM76B	11	9.2059e-07	3.57103e-05	106403	3
FAM86C1	11	3.6126999999999995e-07	0.00020193731	108377	21
FAM89B	11	1.4487e-07	1.845749e-05	105540	1
FANCF	11	6.911299999999999e-08	0.0	112845	0
FAR1	11	1.3272e-06	1.771057e-05	108271	1
FAT3	11	7.446699999999999e-06	9.911155e-05	110395	10
FAU	11	2.6738000000000006e-07	0.0	106156	0
FBXO3	11	2.0078e-06	2.641094e-05	109497	2
FCHSD2	11	2.5227e-06	8.384673000000001e-05	104855	8
FDX1	11	1.8679000000000002e-07	8.82379e-06	110051	0
FDXACB1	11	1.012e-06	0.00025284493	108799	27
FEN1	11	7.505299999999999e-07	3.524595e-05	110828	3
FERMT3	11	2.0730000000000003e-06	0.00032203846000000003	107367	34
FEZ1	11	1.088e-06	1.828781e-05	110461	2
FGF19	11	1.0901e-07	0.0	103713	0
FGF3	11	3.5327e-07	6.153155e-05	103341	6
FGF4	11	3.3155000000000003e-07	1.809705e-05	109183	1
FIBIN	11	2.2e-07	8.84596e-06	110554	0
FIBP	11	8.2869e-07	9.601378e-05	110065	10
FJX1	11	3.9953000000000003e-07	0.0	93431	0
FKBP2	11	3.0175999999999997e-07	9.25189e-06	107043	0
FLI1	11	1.0614e-06	3.5832259999999996e-05	105422	3
FLRT1	11	5.6604e-07	8.85567e-06	110671	0
FNBP4	11	3.0589e-06	0.0	108369	0
FOLH1	11	1.9672999999999998e-06	0.00017492307	106617	18
FOLR1	11	7.7109e-07	0.00231357608	113619	262
FOLR2	11	4.6876e-07	5.339533e-05	108323	5
FOLR3	11	3.5584000000000004e-07	0.00241453829	110495	266
FOLR4	11	5.783600000000001e-07	0.0012161015	109784	133
FOSL1	11	6.6345e-07	8.791669999999999e-06	105188	0
FOXR1	11	9.532999999999999e-07	9.763925e-05	106149	10
FOXRED1	11	1.624e-06	0.000204038	111250	22
FRMD8	11	1.1363e-06	9.879083000000001e-05	104719	10
FSHB	11	1.8906e-07	8.81554e-06	112909	0
FTH1	11	5.9296e-07	2.6551609999999996e-05	109756	2
FUT4	11	6.9119e-07	0.00019689897	101089	19
FXYD2	11	2.2059999999999998e-07	0.000105029	94879	9
FXYD6	11	3.0943000000000004e-07	8.796929999999999e-06	108524	0
FXYD6-FXYD2	11	4.5196999999999994e-07	8.79538e-06	101056	0
FZD4	11	6.6321e-07	8.866510000000001e-06	110953	0
GAB2	11	2.0014e-06	1.3699400000000001e-05	108463	1
GAL	11	5.0451e-07	1.977094e-05	108228	2
GAL3ST3	11	4.0930999999999995e-07	9.177998999999999e-05	107027	9
GALNT18	11	1.3527000000000002e-06	6.187261e-05	108143	6
GANAB	11	4.0209e-06	4.396069000000001e-05	112345	4
GAS2	11	1.1021e-06	4.413695e-05	111678	4
GDPD4	11	1.2463e-06	0.00028263793999999996	107757	30
GDPD5	11	1.3889e-06	4.0383059999999993e-05	105893	4
GIF	11	9.2715e-07	0.00034347260000000004	112766	38
GLB1L2	11	1.9431e-06	0.00033526932999999995	111149	37
GLB1L3	11	2.1109e-06	0.00032128519	105401	33
GLYAT	11	4.3387e-07	0.00020327944	111486	22
GLYATL1	11	6.3066e-07	0.00074976181	111844	83
GLYATL2	11	3.9073e-07	3.541828e-05	110401	3
GNG3	11	9.6936e-08	0.0	99590	0
GPHA2	11	4.4883000000000003e-07	0.00034445269999999994	109335	37
GPR137	11	1.1626e-06	1.785124e-05	109436	1
GPR152	11	3.5574e-07	7.137997e-05	106443	7
GPR83	11	6.6748e-07	6.163869e-05	109507	6
GRAMD1B	11	2.1708e-06	3.828803e-05	99225	3
GRIA4	11	2.8045e-06	6.171036999999999e-05	110840	6
GRIK4	11	2.0765e-06	5.290036999999999e-05	109885	5
GRM5	11	2.2331e-06	9.05059e-06	106330	0
GSTP1	11	5.339e-07	2.120114e-05	106899	2
GTF2H1	11	1.6966e-06	2.6585809999999996e-05	109705	2
GUCY1A2	11	1.8550999999999998e-06	6.605923e-05	107711	7
GYLTL1B	11	1.6100999999999998e-06	0.00014308546999999998	107897	15
H2AFX	11	1.0413000000000001e-07	8.888889999999998e-06	109498	0
HARBI1	11	9.612200000000001e-07	0.00016753696	112247	18
HBB	11	1.6336999999999999e-07	0.0009060610000000001	113534	102
HBD	11	1.6882999999999998e-07	7.923718000000001e-05	110744	8
HBE1	11	2.1412e-07	8.80669e-06	111873	0
HBG1	11	1.0789000000000001e-07	0.0	108882	0
HBG2	11	1.5315999999999998e-07	0.0	111543	0
HEPACAM	11	8.985200000000001e-07	8.810110000000001e-06	111786	0
HEPHL1	11	3.3423e-06	0.00070121783	107868	75
HEPN1	11	0.0	0.0	111763	0
HINFP	11	1.6050999999999999e-06	2.6435549999999998e-05	112084	2
HIPK3	11	3.0537e-06	6.208267e-05	111101	6
HMBS	11	1.2529000000000001e-06	8.790130000000001e-06	109786	0
HNRNPUL2	11	2.9255e-06	3.704092e-05	109734	4
HPS5	11	2.5771e-06	0.00026543804	112202	29
HPX	11	1.2919999999999999e-06	0.00017707432000000001	111125	19
HRAS	11	4.5381e-07	4.4113549999999994e-05	110630	4
HRASLS2	11	2.3346999999999999e-07	6.15973e-05	112944	6
HRASLS5	11	6.0206e-07	4.3983e-05	110401	4
HSD17B12	11	6.745000000000001e-07	6.27158e-05	110254	6
HSPA8	11	1.2606999999999998e-06	0.0	110770	0
HSPB2	11	6.8015e-07	8.7909e-06	108522	0
HTATIP2	11	5.5645e-07	0.00012493056999999998	109080	13
HTR3A	11	1.2938e-06	7.915847e-05	110274	8
HTR3B	11	1.1278e-06	8.807306e-05	112274	9
HYLS1	11	1.1798000000000001e-06	0.0002813278	108329	30
HYOU1	11	3.0267e-06	1.763576e-05	111166	1
IFITM1	11	7.7859e-08	8.844860000000001e-06	110332	0
IFITM10	11	3.4486999999999994e-07	0.0	109838	0
IFITM2	11	1.1542e-07	1.776299e-05	111047	1
IFITM3	11	1.0081e-07	8.85159e-06	110905	0
IFITM5	11	3.1221e-07	0.0001116947	107811	12
IFT46	11	8.160600000000001e-07	4.401246e-05	111004	4
IGF2	11	2.9081999999999995e-07	0.0011318663000000001	102181	115
IGHMBP2	11	2.8251e-06	0.00061652811	109577	67
IGSF22	11	3.0631999999999997e-06	0.00480140835	108063	518
IGSF9B	11	3.6488e-06	6.602453e-05	103456	6
IL10RA	11	1.0222e-06	1.758443e-05	111784	1
IL18	11	2.4969999999999997e-07	2.7250840000000003e-05	103960	2
IL18BP	11	4.791399999999999e-07	0.00012457913	109825	13
ILK	11	1.9381e-06	0.00010565971000000001	110278	11
IMMP1L	11	6.583400000000001e-07	0.00022393266	110586	24
INCENP	11	2.442e-06	0.00011506222999999999	108498	12
INPPL1	11	2.9008999999999996e-06	5.332754e-05	108608	5
INS	11	2.7046e-07	0.0	99196	0
INS-IGF2	11	4.3603e-07	0.0	102620	0
INSC	11	1.5015000000000002e-06	0.00047915998	109587	52
INTS4	11	3.0389e-06	0.00027359645	109695	30
INTS5	11	2.029e-06	4.4016450000000004e-05	112987	4
IPO7	11	2.8680000000000003e-06	1.805588e-05	108661	1
IRF7	11	8.2473e-07	0.00034183748999999994	103869	35
JAM3	11	8.6155e-07	7.041763e-05	110655	7
JRKL	11	1.0902e-06	6.317274000000001e-05	108423	6
KAT5	11	1.6388999999999999e-06	4.402116e-05	108440	4
KBTBD3	11	1.215e-06	8.130177e-05	110292	8
KBTBD4	11	1.1844e-06	0.00011049061000000001	107799	11
KBTBD4	11	6.8845e-09	0.00011049061000000001	107799	11
KCNA4	11	8.8226e-07	8.838289999999999e-06	111588	0
KCNC1	11	8.6675e-07	0.0	107514	0
KCNE3	11	6.8805e-08	0.0	112421	0
KCNJ1	11	6.507e-07	0.00019515447	113305	22
KCNJ11	11	3.3011e-07	1.759511e-05	112547	1
KCNJ5	11	6.9325e-07	3.51698e-05	110333	3
KCNK4	11	7.1764e-07	9.480555000000001e-05	102617	9
KCNK7	11	3.9162e-07	4.044336e-05	98102	3
KCNQ1	11	1.5241e-06	0.00029032887	107154	31
KCTD14	11	1.9001999999999998e-07	5.5263299999999997e-05	109100	6
KCTD21	11	2.1791e-07	4.396715999999999e-05	112350	4
KDELC2	11	1.1096e-06	0.0005310975099999999	110515	58
KDM2A	11	4.1601e-06	0.0	108462	0
KDM4D	11	5.4558e-08	0.0	109282	0
KDM4E	11	8.677999999999999e-08	0.0	101843	0
KIAA1377	11	2.4149e-06	0.00023831088	110156	26
KIAA1549L	11	3.7507e-06	0.00012491709	108697	13
KIAA1731	11	5.6e-06	0.0003605035	75035	27
KIF18A	11	2.5207e-06	9.876776e-05	107779	10
KIRREL3	11	1.8491999999999998e-06	0.00018822928	102967	19
KLC2	11	1.7095e-06	3.9544899999999995e-05	107624	4
KLHL35	11	5.647e-07	0.00023836142000000003	102922	24
KMT2A	11	1.0325e-05	6.198725e-05	111716	6
KRTAP5-1	11	1.9847e-07	0.00189638	111012	210
KRTAP5-10	11	5.0431e-08	3.5503299999999996e-05	110481	3
KRTAP5-11	11	3.9569999999999996e-08	0.0	113003	0
KRTAP5-2	11	1.4714e-07	1.759247e-05	111350	1
KRTAP5-3	11	1.0036e-07	8.832360000000001e-06	112615	0
KRTAP5-4	11	6.4261e-08	2.6648330000000002e-05	110160	2
KRTAP5-5	11	1.9272000000000002e-07	1.773299e-05	107010	1
KRTAP5-6	11	5.5477999999999996e-08	0.0	113517	0
KRTAP5-7	11	4.3271e-08	0.0	112153	0
KRTAP5-8	11	4.694e-08	8.81881e-06	112810	0
KRTAP5-9	11	5.0462e-08	8.88399e-06	112930	1
LAMTOR1	11	4.4387e-07	1.03875e-05	98138	1
LAYN	11	1.0155e-06	0.00014506252	111094	16
LDHA	11	7.922800000000001e-07	8.79353e-06	110089	0
LDHAL6A	11	6.3563e-07	0.0016313429000000001	110373	180
LDHC	11	5.749600000000001e-07	0.00024889198	108179	26
LDLRAD3	11	6.369899999999999e-07	2.643002e-05	111262	2
LGALS12	11	7.990600000000001e-07	0.0004928156299999999	112239	55
LGR4	11	1.9941e-06	0.00013259253	109490	14
LIN7C	11	6.988800000000001e-07	2.637455e-05	111795	2
LIPT2	11	1.336e-07	0.0	60586	0
LMO1	11	4.0198999999999996e-07	0.0	106490	0
LMO2	11	2.5912e-07	0.0	110237	0
LPXN	11	9.139399999999999e-07	5.368036999999999e-05	108365	5
LRFN4	11	6.8141e-07	8.86368e-06	98870	0
LRP4	11	5.542999999999999e-06	0.00028398847	112145	31
LRP5	11	3.4648000000000003e-06	8.000028e-05	110844	8
LRRC32	11	7.7375e-07	4.60642e-05	111533	5
LRRC4C	11	9.1738e-07	8.93368e-06	111763	0
LRRC55	11	7.111799999999999e-07	4.69953e-05	107932	5
LRRC56	11	8.353e-07	0.00015510549999999998	103895	16
LRRN4CL	11	1.7186e-07	0.0	109452	0
LRTOMT	11	8.440799999999999e-07	8.345219999999999e-05	100995	8
LSP1	11	9.817e-07	6.366639e-05	106246	6
LSP1	11	9.817e-07	0.0	106400	0
LTBP3	11	3.0264e-06	8.956378000000001e-05	104890	9
LUZP2	11	1.0328e-06	0.00018236276999999997	104045	18
LYVE1	11	6.5596e-07	0.00015869383	112129	17
MACROD1	11	7.0083e-07	1.956497e-05	107255	2
MADD	11	5.227799999999999e-06	0.06105579442000001	111024	6778
MAML2	11	2.7348e-06	4.5443760000000004e-05	107583	4
MAP3K11	11	2.3859e-06	7.363743e-05	103228	7
MAP4K2	11	2.6696e-06	0.00032862635999999997	105581	34
MAP6	11	5.8864e-07	8.993939999999998e-06	110074	0
MAPK8IP1	11	1.7330000000000002e-06	9.08216e-06	106613	0
MARK2	11	2.4479e-06	5.3103e-05	107660	5
MCAM	11	1.7944e-06	3.52608e-05	111897	3
MDK	11	3.1346999999999996e-07	8.906619999999998e-06	104764	0
ME3	11	1.7747e-06	0.00022045415	110138	24
MED17	11	2.0794999999999997e-06	0.0001497333	111037	16
MED19	11	2.1095e-07	0.0	109998	0
MEN1	11	1.4716999999999998e-06	8.81042e-06	107197	0
METTL12	11	5.0131e-07	0.00012362919	107849	13
METTL15	11	1.015e-06	0.00011518415000000001	99831	11
MFRP	11	1.4471999999999999e-06	0.00050969359	109272	55
MICAL2	11	2.8991000000000003e-06	8.076751999999999e-05	111708	9
MICALCL	11	1.8178e-06	0.0015876557699999998	109957	174
MMP1	11	1.0691e-06	0.0028424568400000003	111567	317
MMP10	11	1.0156999999999999e-06	0.02281319492	111383	2541
MMP13	11	1.2329999999999999e-06	0.00023875968999999996	112409	26
MMP20	11	9.4133e-07	0.00197471849	112801	222
MMP26	11	5.822e-07	0.00012326403	109919	13
MMP27	11	1.2308e-06	0.00039541671000000003	110441	43
MMP3	11	1.1173e-06	0.00018728301	111273	20
MMP7	11	8.2166e-07	0.0001055052	110647	11
MMP8	11	1.2712e-06	0.0014104033999999999	108220	152
MOB2	11	5.845300000000001e-07	0.0	104499	0
MOGAT2	11	8.517499999999999e-07	3.5203540000000005e-05	111743	3
MPEG1	11	1.1672e-06	0.00019461391999999998	111198	21
MPPED2	11	7.8574e-07	0.0	110565	0
MPZL2	11	6.9369e-07	0.00027326208	112721	30
MPZL3	11	5.226300000000001e-07	0.00040502184	111830	45
MRE11A	11	2.3952e-06	0.00035267510000000003	111129	39
MRGPRD	11	0.0	0.0	106434	0
MRGPRE	11	0.0	0.0	99540	0
MRGPRF	11	4.9132e-07	3.76581e-05	92653	3
MRGPRG	11	0.0	0.0	59925	0
MRGPRX1	11	0.0	0.0	112070	0
MRGPRX2	11	0.0	0.0	113141	0
MRGPRX3	11	0.0	0.0	112713	0
MRGPRX4	11	0.0	0.0	112870	0
MRPL11	11	2.69e-07	0.00012323629	110369	13
MRPL16	11	6.9954e-07	6.217335e-05	112249	6
MRPL17	11	2.5389e-07	8.81554e-06	111030	0
MRPL21	11	7.4925e-07	0.00020503345000000002	109073	22
MRPL23	11	3.6865e-07	3.5565559999999994e-05	106970	3
MRPL48	11	7.499600000000001e-07	4.276228e-05	97820	4
MRPL49	11	4.3149999999999997e-07	0.00015036651000000003	108096	16
MRVI1	11	2.2046e-06	0.00011202031000000001	107042	11
MS4A1	11	4.7857e-07	3.538026e-05	110987	3
MS4A10	11	5.072600000000001e-07	0.00015204767	110438	16
MS4A12	11	4.3603e-07	0.45963473166999996	110715	50888
MS4A13	11	3.9843000000000005e-07	5.428051e-05	109164	5
MS4A14	11	3.5172e-07	0.00013270726	111655	14
MS4A15	11	4.1427e-07	9.674936e-05	106772	10
MS4A2	11	4.5873000000000003e-07	0.0027536926399999995	112182	308
MS4A3	11	4.3511000000000004e-07	4.454705e-05	108979	4
MS4A4A	11	5.7142e-07	7.076081e-05	109650	7
MS4A4E	11	1.4207e-07	1.7821199999999998e-05	93772	1
MS4A5	11	4.2663000000000006e-07	0.00011440438999999998	108559	12
MS4A6A	11	3.7845e-07	8.814507e-05	112044	9
MS4A6E	11	2.4795e-07	1.7588139999999998e-05	113383	1
MS4A7	11	4.3137000000000003e-07	7.935572e-05	111344	8
MS4A8	11	4.307100000000001e-07	4.448481e-05	111149	4
MSANTD2	11	1.142e-06	2.644542e-05	104423	2
MSANTD4	11	1.258e-06	4.413123e-05	110312	4
MTA2	11	2.0898e-06	0.00074187684	109352	81
MTCH2	11	1.3391e-06	5.304297e-05	109152	5
MTL5	11	1.0044e-06	6.393651999999999e-05	108060	6
MTMR2	11	2.745e-06	8.823204e-05	110948	9
MTNR1B	11	4.831800000000001e-07	8.79214e-06	109020	0
MTRNR2L8	11	0.0	0.0	113526	0
MUC15	11	6.3531e-07	3.7596090000000003e-05	109272	4
MUC2	11	5.8829e-06	0.00019053023999999997	103592	19
MUC5AC	11	1.6441e-06	0.00012229848	103496	12
MUC5B	11	7.8447e-06	0.00015029731	103417	15
MUC6	11	4.5358e-06	0.00258043906	102279	263
MUS81	11	1.8781999999999999e-06	0.00022397992000000003	109804	24
MYBPC3	11	3.2929000000000003e-06	0.00017876633000000003	101370	18
MYEOV	11	8.6023e-08	2.69445e-05	108487	2
MYO7A	11	5.2664e-06	0.0006365776200000001	100681	64
MYOD1	11	2.5348e-07	3.9412399999999996e-05	97564	3
MYRF	11	2.6449000000000003e-06	8.868860000000001e-06	103461	0
NAA40	11	1.0354999999999999e-06	7.034899e-05	109776	7
NAALAD2	11	2.0805000000000002e-06	0.00023028432	109956	25
NAALADL1	11	1.8413e-06	0.00040512198	108822	44
NADSYN1	11	2.4274000000000003e-06	0.00040265177000000003	109207	43
NAP1L4	11	1.4522e-06	0.00015038767	108931	16
NARS2	11	1.516e-06	0.00011455133999999998	110781	12
NAT10	11	3.2936e-06	0.00041715242999999997	112218	46
NAV2	11	4.9756e-06	9.822818000000001e-05	110575	10
NCAM1	11	2.7683999999999996e-06	4.1644099999999997e-05	104443	4
NCAPD3	11	4.3811e-06	0.00015010763999999998	110625	16
NDUFC2	11	1.5437999999999998e-07	0.0	105886	0
NDUFC2-KCTD14	11	1.4417999999999998e-07	0.0	107477	0
NDUFS3	11	5.6987e-07	4.45999e-05	106952	4
NDUFS8	11	5.3815e-07	2.6469570000000003e-05	105106	2
NDUFV1	11	1.2086e-06	0.00017671221	110254	19
NELL1	11	2.6035e-06	0.00010607111	111587	11
NEU3	11	8.089399999999999e-07	0.00011745066	110579	12
NFRKB	11	3.3049e-06	8.306091e-05	109996	9
NLRP10	11	6.881999999999999e-07	0.00010145679	112291	11
NLRP14	11	1.907e-06	0.00035267315	113145	39
NLRP6	11	1.5255e-06	0.00018783436	103926	19
NLRX1	11	2.1932e-06	0.0010288698300000001	110257	113
NNMT	11	3.3534999999999994e-07	5.4311700000000004e-05	112438	6
NOX4	11	2.1313e-06	0.00013585315	108534	14
NPAS4	11	1.4466e-06	8.79709e-06	110408	0
NPAT	11	2.7539e-06	6.215285e-05	111871	6
NR1H3	11	1.0043e-06	3.51942e-05	111451	3
NRGN	11	7.9522e-08	0.0	107629	0
NRIP3	11	6.954600000000001e-07	4.3988760000000005e-05	113332	4
NRXN2	11	3.585e-06	5.282199e-05	108404	5
NTM	11	6.8479e-07	0.00027189123	107982	29
NUCB2	11	1.0858e-06	0.00012589813999999998	105989	13
NUDT22	11	7.540899999999999e-07	0.00045883910999999994	105786	48
NUDT8	11	2.4569e-07	0.0	107281	0
NUMA1	11	5.7130999999999996e-06	5.3016009999999996e-05	111679	5
NUP160	11	4.7507e-06	0.00011451856000000002	110036	12
NUP98	11	4.6251e-06	3.538822e-05	110792	3
NXF1	11	2.4988e-06	2.642239e-05	106372	2
NXPE1	11	5.0834e-07	4.4902200000000005e-05	111521	5
NXPE2	11	8.4902e-07	0.0018622052399999997	86024	160
NXPE4	11	9.956999999999998e-07	0.00013458733000000001	110263	14
OAF	11	3.7836e-07	5.631826999999999e-05	106060	5
ODF3	11	5.1359e-07	7.069510000000001e-05	104956	7
OLFML1	11	1.1026e-06	8.851030999999999e-05	111375	9
OMP	11	2.192e-07	9.792186999999999e-05	109020	10
OOSP2	11	2.4226e-07	9.810389999999999e-05	111034	10
OPCML	11	7.5984e-07	1.7634349999999998e-05	112019	1
OR10A2	11	2.2241999999999998e-07	5.2776000000000004e-05	112288	5
OR10A3	11	4.6303000000000004e-07	0.0002555422	110968	28
OR10A4	11	3.6499000000000004e-07	8.83845e-06	112073	0
OR10A5	11	2.2946e-07	1.760985e-05	112206	1
OR10A6	11	4.998399999999999e-07	0.00011484187	111896	12
OR10AG1	11	1.8983e-07	3.673145e-05	110191	4
OR10G4	11	1.7429e-07	3.5266090000000004e-05	110860	3
OR10G7	11	1.9807000000000003e-07	0.0002553814	112298	28
OR10G8	11	2.0460999999999998e-07	6.169559e-05	112367	6
OR10G9	11	1.9771000000000001e-07	1.7612779999999997e-05	110446	1
OR10Q1	11	2.4159000000000003e-07	5.29025e-05	113108	5
OR10S1	11	2.1515999999999998e-07	7.0386e-05	112340	7
OR10V1	11	3.3969e-07	0.01072110058	111835	1198
OR10W1	11	1.8961e-07	3.558026e-05	110898	3
OR1S1	11	2.1180999999999996e-07	2.6384259999999998e-05	113195	2
OR1S2	11	2.4653e-07	3.519423e-05	112743	3
OR2AG1	11	2.1123000000000002e-07	7.939090999999999e-05	112636	8
OR2AG2	11	1.9442e-07	1.76783e-05	112322	1
OR2AT4	11	2.2341e-07	2.6404920000000003e-05	111607	2
OR2D2	11	4.7667e-07	0.00040810827	112102	45
OR2D3	11	2.9313000000000003e-07	1.7592599999999998e-05	108800	1
OR4A15	11	0.0	0.0	111957	0
OR4A16	11	2.4686e-07	7.936926e-05	110752	8
OR4A47	11	2.4236e-07	0.00022325400000000001	111829	24
OR4A5	11	2.079e-07	0.0007051760000000001	110803	78
OR4B1	11	2.5443000000000004e-07	0.00014953017	112562	16
OR4C11	11	2.1326999999999998e-07	0.14099747994	101514	14313
OR4C12	11	1.9791e-07	1.760581e-05	112526	1
OR4C13	11	2.0067999999999997e-07	0.00010577511999999999	111423	11
OR4C15	11	2.3967e-07	9.761566999999999e-05	111796	10
OR4C16	11	2.2274000000000002e-07	0.2668737771	111377	29723
OR4C3	11	1.9492e-07	2.639761e-05	111285	2
OR4C46	11	9.081400000000001e-08	7.94188e-05	111706	8
OR4C5	11	2.1401e-07	0.0	69680	0
OR4C6	11	1.1289999999999999e-07	1.7688199999999998e-05	112319	1
OR4D10	11	2.9556e-07	0.01144911949	110669	1267
OR4D11	11	2.1163e-07	2.8022620000000003e-05	111272	3
OR4D5	11	3.33e-07	7.049915e-05	111919	7
OR4D6	11	3.4122e-07	4.3961499999999996e-05	112389	4
OR4D9	11	4.4056999999999993e-07	0.000273102	112178	30
OR4P4	11	1.9608e-07	0.14892650878	101296	15085
OR4S1	11	1.6454999999999997e-07	6.167733e-05	112954	6
OR4S2	11	2.228e-07	0.00193844985	103739	201
OR4X1	11	3.1115e-07	0.00015893118999999999	112277	17
OR4X2	11	2.4338e-07	0.13515840691	112770	15241
OR51A2	11	0.0	0.0	92262	0
OR51A4	11	9.3935e-08	8.79353e-06	111053	0
OR51A7	11	1.8145e-07	8.828618e-05	112048	9
OR51B2	11	1.7315e-07	1.766879e-05	111662	1
OR51B4	11	3.2924e-07	8.79214e-06	110437	0
OR51B5	11	4.0008e-07	0.00077027556	109775	84
OR51B6	11	2.9532e-07	7.927982e-05	112197	8
OR51D1	11	3.3479e-07	1.7590770000000002e-05	112834	1
OR51E1	11	2.0985e-07	2.655413e-05	112654	2
OR51E2	11	4.7397e-07	8.795096e-05	113450	9
OR51F1	11	2.4623e-07	0.00042293	108872	46
OR51F2	11	5.5989e-07	0.00045886702000000004	109932	50
OR51G1	11	4.5434e-07	0.0031898861	110813	353
OR51G2	11	3.2242e-07	9.753434999999999e-05	111821	10
OR51I1	11	3.6113e-07	0.021873847180000003	112770	2466
OR51I2	11	5.0967e-07	4.401821e-05	110907	4
OR51L1	11	3.69e-07	2.638537e-05	112562	2
OR51M1	11	2.4824e-07	0.0020531924	111563	229
OR51Q1	11	3.3277000000000003e-07	0.38718705904	112810	43678
OR51S1	11	4.7521000000000003e-07	7.077104e-05	111718	7
OR51T1	11	3.6356e-07	7.932491e-05	112153	8
OR51V1	11	4.5803999999999994e-07	4.419609e-05	111448	4
OR52A1	11	2.3500999999999998e-07	8.796160000000001e-06	109391	0
OR52A5	11	6.0206e-07	0.00013193934	112188	14
OR52B2	11	4.5174999999999995e-07	0.00042692377	112203	47
OR52B4	11	2.8504e-07	6.226141e-05	111075	6
OR52B6	11	3.1879e-07	0.0	110172	0
OR52D1	11	4.0632e-07	6.189281e-05	112643	6
OR52E2	11	2.8476e-07	4.6133850000000006e-05	107346	4
OR52E4	11	3.1022e-07	3.527047e-05	111376	3
OR52E6	11	1.1634999999999999e-07	0.0	110972	0
OR52E8	11	2.7101999999999995e-07	1.7622100000000002e-05	110921	1
OR52H1	11	3.1116e-07	8.85332e-06	112380	0
OR52I1	11	2.2909000000000002e-07	0.0	111726	0
OR52I2	11	2.3816999999999997e-07	8.80065e-06	113129	0
OR52J3	11	2.1093000000000002e-07	1.764884e-05	111715	1
OR52K1	11	1.7882e-07	0.0005369984500000001	112755	60
OR52K2	11	3.0965e-07	0.00015868358	109929	17
OR52L1	11	4.4075e-07	6.199566999999998e-05	110420	6
OR52M1	11	3.1368000000000004e-07	0.00336455277	110558	371
OR52N1	11	2.859e-07	6.18911e-05	109638	6
OR52N2	11	1.6239999999999997e-07	0.00018608615000000002	111960	20
OR52N4	11	2.1693000000000002e-07	0.23984933461999997	112562	26998
OR52N5	11	2.1550000000000002e-07	2.897364e-05	104293	3
OR52R1	11	4.7908e-07	0.00070621281	112490	79
OR52W1	11	3.3283e-07	5.28156e-05	112718	5
OR56A1	11	2.3320999999999998e-07	0.0	111260	0
OR56A3	11	4.9064e-07	0.00017646443	112383	19
OR56A4	11	2.9375e-07	3.581032e-05	111569	3
OR56B1	11	2.7101999999999995e-07	0.00020281118000000002	113011	22
OR56B3P	11	3.4082999999999996e-07	0.00054436855	102108	55
OR56B4	11	2.4515e-07	7.921081e-05	112910	8
OR5A1	11	6.443699999999999e-07	0.00014092078000000003	112910	15
OR5A2	11	0.0	0.0	112355	0
OR5AK2	11	3.2279000000000005e-07	0.00017766849999999997	111715	19
OR5AN1	11	2.2224e-07	6.171869e-05	111908	6
OR5AP2	11	2.9749e-07	8.79059e-06	112243	0
OR5AR1	11	3.1022e-07	0.6906578901	112291	77555
OR5AS1	11	1.6899e-07	3.5357440000000004e-05	107840	3
OR5B12	11	2.8156e-07	4.397615e-05	111581	4
OR5B17	11	5.7453000000000005e-08	5.32633e-05	110900	5
OR5B2	11	1.6468e-07	2.650882e-05	111960	2
OR5B21	11	1.8884000000000002e-07	2.654061e-05	112207	2
OR5B3	11	2.093e-07	3.5212070000000006e-05	111459	3
OR5D13	11	0.0	0.0	110645	0
OR5D14	11	1.8344e-07	2.6401320000000002e-05	111845	2
OR5D16	11	0.0	0.0	111570	0
OR5D18	11	2.2569000000000003e-07	5.279111999999999e-05	111790	5
OR5F1	11	1.0187000000000001e-07	2.6601279999999997e-05	111071	2
OR5I1	11	2.1245e-07	4.519622e-05	109355	4
OR5J2	11	1.9885e-07	1.7643800000000002e-05	111024	1
OR5L1	11	0.0	0.0	111408	0
OR5L2	11	1.737e-07	0.00023796895	112051	26
OR5M1	11	1.769e-07	4.445142e-05	111495	4
OR5M10	11	2.8079e-08	0.0	111990	0
OR5M11	11	1.9583999999999999e-07	0.08712465659	111799	9740
OR5M3	11	4.6681000000000004e-07	0.00197037126	108566	213
OR5M8	11	2.3109000000000001e-07	4.396009e-05	111505	4
OR5M9	11	2.1991e-07	1.7728e-05	111359	1
OR5P2	11	2.8863e-07	0.0	109868	0
OR5P3	11	2.0124000000000002e-07	0.0	111424	0
OR5R1	11	2.8825e-07	3.522989e-05	110981	3
OR5T1	11	0.0	0.0	111566	0
OR5T2	11	1.9890999999999997e-07	8.028225e-05	108620	8
OR5T3	11	2.1239e-07	0.00014983169	111514	16
OR5W2	11	2.2285999999999997e-07	0.00014653909	111459	16
OR6A2	11	2.3011e-07	8.813060000000001e-06	113081	0
OR6M1	11	3.096e-07	0.00019518261999999998	112139	21
OR6Q1	11	4.0292999999999997e-07	8.835346999999999e-05	112789	9
OR6T1	11	4.819399999999999e-07	0.00012343757	111919	13
OR6X1	11	3.8029e-07	0.00010567785	110786	11
OR8A1	11	2.5125e-07	8.800030000000001e-06	112456	0
OR8B12	11	1.4425e-07	8.83096e-06	111577	0
OR8B2	11	5.2891e-08	0.00010586809999999999	110688	11
OR8B3	11	1.7577000000000002e-07	0.0	110111	0
OR8B4	11	3.2418e-07	2.644915e-05	112135	2
OR8B8	11	1.8287e-07	7.99034e-05	112828	9
OR8D1	11	0.0	0.0	107956	0
OR8D2	11	1.2032e-07	0.0	109450	0
OR8D4	11	2.2483e-07	8.84846e-06	111219	0
OR8G1	11	2.2199000000000002e-07	0.540201	110978	59950
OR8G5	11	2.0187999999999998e-07	1.776058e-05	110412	1
OR8H1	11	1.2220999999999998e-07	8.79214e-06	112514	0
OR8H2	11	1.5049000000000002e-07	4.399769e-05	111251	4
OR8H3	11	1.691e-07	8.8039e-06	111807	0
OR8I2	11	2.5151999999999997e-07	1.766758e-05	110680	1
OR8J1	11	3.56e-07	8.070238e-05	100183	8
OR8J3	11	2.3706e-08	8.78997e-06	111872	0
OR8K1	11	2.1611e-07	2.6461279999999995e-05	111644	2
OR8K3	11	3.5395e-07	0.00013218187	111674	14
OR8K5	11	4.029e-07	0.00044989487999999995	112058	50
OR8U1	11	3.2948e-07	7.117531e-05	107588	7
OR9G1	11	2.2396999999999999e-07	3.536145e-05	111348	3
OR9G4	11	3.6847e-07	7.038795999999999e-05	109054	7
OR9I1	11	1.9660999999999999e-07	8.83908e-06	111908	0
OR9Q1	11	2.5501999999999996e-07	5.285803000000001e-05	108861	5
OR9Q2	11	5.928899999999999e-07	0.00011435806999999998	112060	12
ORAOV1	11	3.1683e-07	1.758582e-05	106129	1
OSBP	11	2.898e-06	2.6488909999999997e-05	112056	2
OSBPL5	11	2.4776e-06	0.00013749149	103114	14
OTOG	11	6.6117e-06	0.0	111384	0
OTUB1	11	7.388600000000001e-07	0.0	99690	0
OVCH2	11	1.1697e-06	0.00036710242999999997	101227	37
OVOL1	11	6.3352e-07	8.832360000000001e-06	108134	0
P2RX3	11	1.0298e-06	6.164397e-05	109264	6
P2RY2	11	4.6299e-07	1.888239e-05	108921	2
P2RY6	11	2.838e-07	0.00012382198999999998	112051	13
P4HA3	11	1.5891e-06	0.00011555368	108844	12
PAAF1	11	1.0963e-06	7.998253e-05	111634	8
PACS1	11	2.3736e-06	3.525776e-05	109462	3
PACSIN3	11	1.2215e-06	2.6568259999999995e-05	108833	2
PAFAH1B2	11	7.8507e-07	0.0	109085	0
PAK1	11	1.7477e-06	5.374463000000001e-05	109078	5
PAMR1	11	2.5052e-06	0.00071311234	110072	78
PANX1	11	7.7385e-07	0.00014211751	111336	15
PANX3	11	8.758799999999999e-07	0.00010590405000000001	105616	11
PARVA	11	1.1818e-06	4.076681e-05	101314	4
PATE1	11	2.4179e-07	0.00019484021	112695	21
PATE2	11	2.3054000000000002e-07	6.201565e-05	112667	6
PATE3	11	2.2151e-07	0.0	59642	0
PATL1	11	2.9151e-06	1.770523e-05	103875	1
PAX6	11	1.7121999999999999e-06	0.0	109589	0
PC	11	2.6689999999999998e-06	7.454994999999999e-05	106318	7
PCF11	11	4.6454000000000004e-06	0.0	107430	0
PCNXL3	11	4.8374000000000005e-06	0.0002359148	102128	24
PCSK7	11	1.8041e-06	0.00184863465	110113	203
PDDC1	11	4.2363e-07	1.844145e-05	106793	1
PDE2A	11	2.6600999999999997e-06	3.553466e-05	104203	3
PDE3B	11	2.5180000000000003e-06	0.0011834467	106169	125
PDGFD	11	1.0862e-06	4.4199989999999996e-05	111707	4
PDHX	11	1.302e-06	0.00014985423999999998	109698	16
PDZD3	11	1.2473000000000001e-06	0.0010873003199999998	107663	117
PELI3	11	1.1021e-06	2.8557640000000002e-05	107502	3
PEX16	11	9.8917e-07	4.443170999999999e-05	108026	4
PGA3	11	2.5693e-07	0.0	105401	0
PGA5	11	4.8121e-07	8.878238000000002e-05	111643	9
PGAP2	11	5.593899999999999e-07	0.0	108157	0
PGM2L1	11	1.4975999999999999e-06	6.246286e-05	109313	6
PGR	11	1.6522999999999998e-06	1.7898689999999998e-05	103017	1
PHF21A	11	1.9205e-06	0.0	109476	0
PHLDA2	11	8.775e-08	0.0	105141	0
PHLDB1	11	3.4948e-06	6.149659000000001e-05	105218	6
PHOX2A	11	2.5473e-07	8.8447e-06	106308	0
PHRF1	11	3.9151e-06	7.220595e-05	104285	7
PICALM	11	1.4001e-06	8.836260000000001e-06	108189	0
PIDD	11	1.8978999999999999e-06	0.00028051743999999996	100073	28
PIH1D2	11	6.873300000000001e-07	7.977317e-05	108404	8
PIK3C2A	11	5.1241e-06	0.00024749689	109924	27
PITPNM1	11	3.0302999999999996e-06	7.264456999999999e-05	106137	7
PIWIL4	11	2.1718e-06	7.071495e-05	110461	7
PKNOX2	11	1.0664e-06	8.87233e-06	109769	0
PKP3	11	1.6201e-06	0.00034810765	103203	35
PLA2G16	11	2.7996e-07	8.814858e-05	111649	9
PLCB3	11	3.5567e-06	7.958625e-05	106468	8
PLEKHA7	11	4.5234e-06	0.00017557300999999998	110576	19
PLEKHB1	11	7.0581e-07	7.178647e-05	101549	7
PLET1	11	4.4968000000000004e-07	0.000150125	60745	9
PNPLA2	11	8.5194e-07	8.79229e-06	102138	0
POLA2	11	2.2499000000000003e-06	0.00012553608	111268	13
POLD3	11	1.6022999999999999e-06	8.80933e-06	109523	0
POLD4	11	2.4928e-07	9.410700000000001e-06	100026	0
POLR2G	11	6.5505e-07	7.978295e-05	111536	8
POLR2L	11	9.430500000000001e-08	1.0031900000000001e-05	107855	1
POU2AF1	11	5.453e-07	2.6454099999999998e-05	106581	2
POU2F3	11	1.4633e-06	6.162117e-05	112054	6
PPFIA1	11	4.2074e-06	0.0	110147	0
PPFIBP2	11	2.961e-06	0.00032561868	111713	36
PPME1	11	1.3341999999999999e-06	0.0	106250	0
PPP1CA	11	8.7152e-07	0.0	107064	0
PPP1R14B	11	2.4139e-07	0.00017391301	107119	18
PPP1R32	11	1.4458000000000002e-06	0.00037954309	109887	41
PPP2R1B	11	1.7893000000000002e-06	0.00027431647	110912	30
PPP2R5B	11	1.1965000000000001e-06	8.7909e-06	108592	0
PPP6R3	11	2.9821e-06	3.545095e-05	108146	3
PRCP	11	1.1404000000000001e-06	0.00022095141	107868	23
PRDM10	11	3.5376e-06	7.462342e-05	110158	8
PRDM11	11	1.0270999999999999e-06	1.97754e-05	110939	2
PRDX5	11	5.8539e-07	0.00012033	107492	12
PRG2	11	5.0885e-07	4.413879e-05	109247	4
PRG3	11	4.900899999999999e-07	0.00010818149	108483	11
PRKCDBP	11	2.5323e-07	0.00013334168	91033	12
PRKRIR	11	1.7419e-06	1.767003e-05	105833	1
PRMT3	11	1.5073e-06	0.00019958482	109313	21
PRPF19	11	1.2824e-06	0.0	108420	0
PRR5L	11	8.7339e-07	8.070709e-05	109777	8
PRRG4	11	3.8756e-07	1.76179e-05	109942	1
PRSS23	11	1.1769e-06	3.525303e-05	112655	3
PSMA1	11	8.574600000000001e-07	1.97859e-05	103364	2
PSMC3	11	1.1626e-06	2.63775e-05	108026	2
PSMD13	11	1.4223e-06	0.0	109930	0
PTDSS2	11	1.6106999999999999e-06	0.00010634421999999999	108334	11
PTGDR2	11	2.0753e-07	9.35769e-06	100892	0
PTH	11	2.5668000000000005e-07	1.760394e-05	113144	1
PTPMT1	11	3.3794e-07	1.7900329999999997e-05	108099	1
PTPN5	11	1.6065e-06	7.510584e-05	105482	7
PTPRCAP	11	9.7239e-08	0.0	106408	0
PTPRJ	11	3.193e-06	0.00015880853999999999	111983	17
PTS	11	3.544e-07	0.00012553827	106025	13
PUS3	11	1.4202000000000002e-06	8.815757e-05	107036	9
PVRL1	11	1.1454999999999999e-06	3.6123930000000004e-05	110034	3
PYGM	11	2.3782e-06	0.00268611592	108600	291
QSER1	11	3.4357999999999998e-06	0.00010373960999999999	110621	11
RAB1B	11	6.690800000000001e-07	0.0	105651	0
RAB30	11	8.728e-07	1.75898e-05	112046	1
RAB38	11	4.1159e-07	2.668474e-05	109917	2
RAB39A	11	6.8589e-07	2.63879e-05	107722	2
RAB3IL1	11	1.1694e-06	0.00021083767000000005	102126	21
RAB6A	11	7.2342e-07	0.0	107400	0
RAD9A	11	7.349500000000001e-07	5.284553000000001e-05	109251	5
RAG1	11	1.5126e-06	7.065844e-05	113264	8
RAG2	11	6.714e-07	9.671390999999999e-05	113490	10
RAPSN	11	8.425399999999999e-07	2.6650040000000003e-05	100009	2
RARRES3	11	2.6404e-07	0.00014135861	112294	15
RASGRP2	11	1.5505e-06	5.3146199999999996e-05	106255	5
RASSF7	11	8.8331e-07	9.839069999999999e-05	102591	10
RBM14	11	1.0954000000000001e-06	0.0	109334	0
RBM14-RBM4	11	6.3753e-07	0.0	110006	0
RBM4	11	7.5755e-07	0.0	111256	0
RBM4B	11	9.0363e-07	6.179023e-05	112722	6
RBM7	11	5.0639e-07	1.758396e-05	109201	1
RBMXL2	11	9.9646e-07	9.00901e-06	105219	0
RCE1	11	6.2912e-07	8.796469999999999e-06	108766	0
RCN1	11	6.3543e-07	4.1957159999999996e-05	107772	4
RCOR2	11	1.7881e-06	6.932409000000001e-05	103567	7
RDX	11	2.4559e-06	5.280365e-05	110236	5
RELA	11	1.6255000000000001e-06	9.38298e-06	106470	0
RELT	11	1.0894e-06	8.013328e-05	109710	8
REXO2	11	7.6039e-07	3.554467e-05	107439	3
RHOD	11	4.4335e-07	4.4560540000000004e-05	108986	4
RHOG	11	2.2949999999999998e-07	0.0	109862	0
RIC3	11	8.4973e-07	5.3052919999999996e-05	109481	5
RIC8A	11	1.176e-06	6.290428000000001e-05	108942	6
RIN1	11	1.2757e-06	6.296366e-05	103099	6
RNASEH2C	11	2.7258e-07	4.3964979999999995e-05	110125	4
RNF121	11	1.2522e-06	1.2357899999999999e-05	106914	1
RNF141	11	6.624800000000001e-07	6.199229e-05	110591	6
RNF169	11	1.5014e-06	7.953262e-05	109057	8
RNF214	11	1.7256999999999998e-06	6.305935e-05	111223	7
RNF26	11	7.5454e-07	2.64164e-05	111312	2
RNH1	11	1.048e-06	0.00016440286	106536	17
ROBO3	11	3.1021e-06	0.00010353626	105463	10
ROBO4	11	2.2422999999999997e-06	0.00051087448	108664	55
ROM1	11	6.9619e-07	8.044095000000001e-05	110249	8
RP11-113D6.10	11	1.0692999999999999e-07	0.00018492216	111156	20
RP11-113D6.6	11	2.16e-07	0.010843483000000001	111561	1209
RP11-1167A19.2	11	6.7268e-08	0.0	106838	0
RP11-286N22.8	11	3.2872e-07	0.0001056398	110398	11
RP11-295K3.1	11	5.3924e-07	8.88668e-06	110361	0
RP11-664I21.6	11	4.652e-08	0.0	109667	0
RP11-712L6.5	11	3.4077e-08	0.0	107448	0
RP11-770J1.4	11	2.0511e-07	0.0	93160	0
RP11-770J1.5	11	6.5626e-08	9.34213e-06	108686	1
RP11-831H9.11	11	2.3386999999999996e-07	0.0	110532	0
RP11-849H4.2	11	5.646500000000001e-07	0.0	90562	0
RP11-867G23.8	11	7.276e-08	0.0102801841	107140	1101
RP11-872D17.8	11	3.4785e-07	3.539107e-05	110245	3
RPL27A	11	4.1332e-07	0.0	111393	0
RPLP2	11	1.5133e-07	0.0	111157	0
RPS13	11	6.8709e-07	8.864930000000001e-06	109457	0
RPS25	11	3.1494e-07	0.0	111813	0
RPS3	11	6.5735e-07	8.81539e-06	111440	0
RPS6KA4	11	2.0943e-06	0.0	101320	0
RPS6KB2	11	1.2676000000000002e-06	0.00062738425	105542	66
RPUSD4	11	7.215000000000001e-07	0.00230991223	111539	257
RRAS2	11	4.778e-07	0.0	108297	0
RRM1	11	2.5243e-06	8.98214e-06	109077	0
RRP8	11	1.0931e-06	0.00041133139	108192	44
RSF1	11	4.2656e-06	0.0	109930	0
RTN3	11	1.4824e-06	7.063532e-05	110860	7
RTN4RL2	11	5.7368e-07	0.0	103950	0
SAA1	11	3.4076e-07	4.4071809999999994e-05	108561	4
SAA2	11	2.7037e-07	5.297268e-05	112526	5
SAA4	11	1.7434e-07	0.0	111035	0
SAAL1	11	1.1522e-06	0.00047119059999999995	107810	50
SAC3D1	11	3.2874e-07	5.343263000000001e-05	107994	5
SART1	11	2.6683e-06	2.649405e-05	105415	2
SBF2	11	5.2291e-06	0.00019394127	112588	21
SC5D	11	6.7263e-07	4.404594e-05	108524	4
SCGB1A1	11	1.264e-07	7.0455e-05	108939	7
SCGB1C1	11	2.7221000000000003e-07	7.230213000000001e-05	104322	7
SCGB1D1	11	1.5192e-07	0.00040577445	111815	45
SCGB1D2	11	1.5199000000000003e-07	0.0	112947	0
SCGB1D4	11	1.5087999999999999e-07	0.0	112191	0
SCGB2A1	11	1.3320999999999999e-07	0.0	107648	0
SCGB2A2	11	1.6305999999999998e-07	8.80204e-06	111521	0
SCN2B	11	3.2499e-07	2.649868e-05	113188	2
SCN3B	11	5.9668e-07	8.80949e-06	113158	0
SCN4B	11	4.4973999999999995e-07	7.958084e-05	110026	8
SCT	11	1.5874e-07	4.7195e-05	100760	4
SCUBE2	11	3.1436000000000003e-06	0.0008120836099999998	112533	91
SCYL1	11	2.3314e-06	8.931281999999999e-05	106870	9
SDHAF2	11	3.089e-07	0.00014082461	112167	15
SDHD	11	5.2585e-07	8.815700000000001e-06	110762	0
SERGEF	11	1.296e-06	0.0027248173600000003	109694	298
SERPING1	11	6.544499999999999e-07	0.0	111422	0
SERPINH1	11	8.0108e-07	2.7119190000000002e-05	109743	2
SESN3	11	1.4978999999999999e-06	3.5454279999999996e-05	109108	3
SF1	11	1.334e-06	0.0	107337	0
SF3B2	11	3.0472000000000002e-06	0.00027386676	109657	30
SHANK2	11	4.59e-06	7.451995e-05	97134	7
SIAE	11	1.2332e-06	0.00012316833	111764	13
SIDT2	11	2.6225e-06	0.00013347178999999998	111417	14
SIGIRR	11	9.286100000000001e-07	5.483361e-05	106114	5
SIK2	11	2.7172000000000004e-06	5.548446999999999e-05	110777	6
SIK3	11	2.7474e-06	3.1541399999999996e-05	109536	3
SIPA1	11	1.7644999999999998e-06	5.297685e-05	101589	5
SIRT3	11	6.737e-07	9.674989e-05	106327	10
SLC15A3	11	9.292299999999999e-07	0.00028519337000000003	106268	30
SLC17A6	11	1.1837e-06	5.3640219999999996e-05	110406	5
SLC1A2	11	1.1268000000000002e-06	1.759031e-05	110320	1
SLC22A10	11	1.3196e-06	0.57602320529	110609	63713
SLC22A11	11	9.196200000000001e-07	0.00398354802	108724	433
SLC22A12	11	1.2002e-06	2.6591009999999997e-05	108590	2
SLC22A18	11	6.2527e-07	9.809564e-05	105963	10
SLC22A18AS	11	2.866e-07	1.66567e-05	90971	1
SLC22A24	11	1.1939e-06	0.8177486979	72595	59365
SLC22A25	11	1.0095e-06	0.00941788625	111395	1049
SLC22A6	11	1.1717e-06	4.463658e-05	108731	4
SLC22A8	11	9.029099999999999e-07	3.635599e-05	110070	4
SLC22A9	11	1.0787000000000001e-06	0.00030981747	110605	34
SLC25A22	11	6.456699999999999e-07	1.0491400000000001e-05	101147	1
SLC25A45	11	7.5545e-07	0.0001769477	111377	19
SLC29A2	11	1.0229e-06	0.00020003095000000002	107670	21
SLC35C1	11	4.0771e-07	1.767144e-05	111177	1
SLC35F2	11	6.8994e-07	0.0003265163	108413	35
SLC36A4	11	9.7777e-07	0.00024773294999999996	105233	26
SLC37A2	11	1.5074000000000002e-06	0.00066572686	108693	72
SLC37A4	11	9.8347e-07	0.00014272579	106620	15
SLC39A13	11	8.045e-07	9.829845999999999e-05	108309	10
SLC3A2	11	1.2314e-06	7.831089e-05	107360	8
SLC43A1	11	1.4224000000000001e-06	0.00010609472	109688	11
SLC43A3	11	1.227e-06	7.093118e-05	111505	7
SLC5A12	11	1.8944999999999998e-06	0.00010643572	109176	11
SLC6A5	11	1.9616999999999998e-06	0.00026961106	110757	29
SLCO2B1	11	1.8975e-06	0.00011446908000000001	109906	12
SLN	11	2.5995e-09	0.0	112539	0
SMCO4	11	4.9662e-08	3.516174e-05	111842	3
SMPD1	11	1.2946e-06	0.00016901200000000001	108707	18
SMTNL1	11	9.6677e-07	0.00018952852	107296	20
SNX15	11	1.0475e-06	0.00016623544999999997	108487	18
SNX19	11	2.0616999999999997e-06	0.00017640218999999998	112428	19
SNX32	11	1.6075e-06	0.00018657673999999998	109715	20
SORL1	11	6.7184e-06	0.00030010618999999996	111716	33
SOX6	11	2.2188e-06	3.522273e-05	110956	3
SPA17	11	3.6018e-07	9.748589e-05	110512	10
SPATA19	11	9.0323e-07	0.00017622565	112928	19
SPCS2	11	3.529e-07	0.0	100302	0
SPDYC	11	7.3931e-07	3.832117e-05	107930	4
SPI1	11	5.2402e-07	0.0	95973	0
SPTBN2	11	7.6288e-06	0.00011577496	110001	12
SPTY2D1	11	2.4678e-06	2.641256e-05	112529	2
SRPR	11	1.2101999999999999e-06	3.568082e-05	112019	3
SSH3	11	1.7976e-06	0.00039272932	107013	42
SSRP1	11	2.0352e-06	3.5213520000000006e-05	112436	3
SSSCA1	11	4.6763000000000007e-07	2.6419699999999997e-05	107394	2
ST14	11	2.0482e-06	8.79075e-06	107975	0
ST3GAL4	11	1.0121e-06	5.8881769999999994e-05	108204	6
ST5	11	3.4594e-06	3.546484e-05	108983	3
STARD10	11	8.777e-07	0.00016806775000000003	109126	18
STIM1	11	1.7297e-06	2.6672090000000004e-05	107459	2
STIP1	11	2.5632999999999997e-06	8.79121e-06	111773	0
STK33	11	1.1078e-06	0.00013935361000000002	106904	14
STT3A	11	2.5677e-06	5.2798180000000004e-05	110247	5
STX3	11	1.205e-06	6.426578000000001e-05	109874	7
STX5	11	9.104000000000001e-07	8.800030000000001e-06	107426	0
SUV420H1	11	2.2847e-06	0.0	109281	0
SVIP	11	1.9293e-07	0.00010599620000000001	98264	10
SWAP70	11	1.5752000000000002e-06	4.817205e-05	104729	5
SYT12	11	7.136700000000001e-07	0.00014699018999999997	110080	16
SYT13	11	8.1715e-07	3.611241e-05	107995	3
SYT7	11	9.8569e-07	8.934310000000001e-06	110075	0
SYT8	11	1.0198e-06	0.00361688799	106208	384
SYT9	11	1.2763e-06	2.651993e-05	112118	2
SYTL2	11	2.2718e-06	0.00034639193	110315	38
SYVN1	11	1.4637999999999999e-06	8.7943e-06	108841	0
TAF10	11	2.9098000000000003e-07	0.0	112396	0
TAF1D	11	6.793600000000001e-07	6.275054e-05	105987	6
TAF6L	11	1.3329e-06	5.682135e-05	103574	5
TAGLN	11	3.6228000000000004e-07	1.7588289999999998e-05	108302	1
TALDO1	11	8.937200000000001e-07	6.172284000000001e-05	110187	6
TBC1D10C	11	1.3295e-06	4.532563e-05	101606	4
TBCEL	11	1.1894e-06	0.0	110202	0
TBRG1	11	9.1911e-07	0.00013485261	101743	13
TBX10	11	7.5703e-07	3.5324759999999995e-05	108691	3
TCIRG1	11	2.4163e-06	0.0006450625700000001	105954	68
TCN1	11	8.217399999999999e-07	0.00024691313	112870	27
TCP11L1	11	1.1749e-06	3.530706e-05	111486	3
TEAD1	11	1.33e-06	0.0	112779	0
TECTA	11	5.3071e-06	0.00044593659000000005	112454	50
TENM4	11	5.38e-06	4.44871e-05	103465	4
TEX12	11	2.178e-07	1.919746e-05	109830	2
TEX40	11	4.4702e-07	0.0	99250	0
TH	11	1.4586e-06	7.28404e-05	99329	7
THRSP	11	2.1195999999999997e-07	6.28427e-05	107829	6
THY1	11	4.756e-07	0.0	107131	0
THYN1	11	5.5336e-07	0.00012326292	109202	13
TIGD3	11	1.0664e-06	0.00022072551	112497	24
TIMM10	11	2.4906999999999994e-07	0.00012327199	113147	13
TIMM10B	11	2.5851e-07	7.505459e-05	110449	8
TIMM8B	11	1.4723e-07	0.00012492578000000001	110663	13
TIRAP	11	2.5972e-07	0.000317724	107302	34
TM7SF2	11	1.1883e-06	8.95655e-05	104198	9
TMEM109	11	9.2536e-07	0.00013371218	108228	14
TMEM123	11	3.1801e-07	0.0	106976	0
TMEM126A	11	3.9709e-07	3.521755e-05	112409	3
TMEM126B	11	2.8704e-07	2.678328e-05	106227	2
TMEM132A	11	1.7911e-06	0.00012605409	107357	13
TMEM133	11	0.0	0.0	97853	0
TMEM134	11	5.035199999999999e-07	0.0073699738299999994	96745	713
TMEM135	11	1.3037000000000001e-06	1.761373e-05	111271	1
TMEM136	11	5.019699999999999e-07	4.422778e-05	105272	4
TMEM138	11	2.9725e-07	1.758319e-05	110150	1
TMEM151A	11	5.4042e-07	4.885064999999999e-05	100004	4
TMEM179B	11	4.9323e-07	6.383528000000001e-05	101559	6
TMEM216	11	4.0681e-07	0.84885433428	111135	94338
TMEM218	11	2.5667e-07	3.553345e-05	106044	3
TMEM223	11	4.2722000000000004e-07	0.00010448840000000001	102521	10
TMEM225	11	3.1078000000000003e-07	1.783533e-05	109517	1
TMEM25	11	7.4735e-07	0.00012447562	109975	13
TMEM258	11	1.7892e-07	3.539015e-05	110570	3
TMEM262	11	1.9324999999999999e-07	0.0	109881	0
TMEM41B	11	5.2792e-07	3.636586e-05	102064	3
TMEM45B	11	5.9903e-07	0.00021996336	109900	24
TMEM80	11	2.2055e-07	0.00037997080000000004	109908	41
TMEM86A	11	4.6842e-07	3.72263e-05	103638	3
TMEM9B	11	6.044600000000001e-07	2.8126590000000002e-05	105374	2
TMPRSS13	11	1.3882e-06	0.00020394256000000002	107559	21
TMPRSS4	11	1.1066e-06	0.00012964339	109682	14
TMPRSS5	11	1.1262000000000001e-06	0.00039733396	89185	35
TMX2	11	7.9197e-07	1.7616070000000004e-05	93757	1
TNKS1BP1	11	3.1301999999999997e-06	9.155959000000001e-05	109389	10
TNNI2	11	4.2793999999999995e-07	5.3813230000000004e-05	106208	5
TNNT3	11	1.207e-06	6.21185e-05	106450	6
TOLLIP	11	6.3174e-07	4.57328e-05	103870	4
TP53AIP1	11	1.4774e-07	0.0013871669	99080	137
TP53I11	11	4.1624e-07	8.797710000000001e-06	103835	0
TPCN2	11	2.6459e-06	0.00022052507000000003	110748	24
TPH1	11	1.3068000000000001e-06	0.00034361871	112063	38
TPP1	11	1.4846000000000002e-06	0.00138149612	109397	151
TRAF6	11	1.2853e-06	0.0	110176	0
TRAPPC4	11	5.4875e-07	3.516595999999999e-05	108918	3
TREH	11	1.8294e-06	0.00137815141	98962	136
TRIM21	11	1.0654e-06	0.00015608933	108721	16
TRIM22	11	8.979e-07	0.00055972043	110784	62
TRIM29	11	1.125e-06	8.823214e-05	111035	9
TRIM3	11	1.7894e-06	8.80561e-06	110691	0
TRIM34	11	8.7869e-07	0.00013197385	109908	14
TRIM44	11	6.877500000000001e-07	4.466925e-05	106797	4
TRIM48	11	7.8137e-07	0.0009714481699999999	105845	102
TRIM49	11	3.3141999999999993e-07	1.88296e-05	106352	2
TRIM49B	11	6.481999999999999e-07	6.239805e-05	110570	6
TRIM49C	11	2.7674e-07	3.02875e-05	98389	2
TRIM5	11	7.2362e-07	0.0001507972	108491	16
TRIM51	11	7.015399999999999e-07	0.00043645193	111684	48
TRIM6	11	1.8247999999999999e-06	0.00023307759	111342	25
TRIM6-TRIM34	11	2.5577e-06	0.00036552303	110709	40
TRIM64B	11	5.0747e-07	0.0190523766	60583	1154
TRIM64C	11	8.904099999999999e-07	3.29313e-05	61147	2
TRIM66	11	2.9637e-06	0.0003638728	60342	21
TRIM68	11	1.5273e-06	0.00028179945	112054	31
TRIM77	11	5.0364e-07	3.31131e-05	60804	2
TRMT112	11	2.5286e-07	1.759169e-05	107492	1
TRPC6	11	2.069e-06	0.0001386349	109642	15
TRPM5	11	2.5630000000000003e-06	0.0006045573200000001	99526	60
TRPT1	11	6.9462e-07	0.0001602028	105762	16
TSG101	11	1.1929e-06	9.1998e-06	109267	1
TSKU	11	3.5799999999999995e-07	0.0	111202	0
TSPAN18	11	6.9368e-07	0.0	108912	0
TSPAN32	11	9.4538e-07	5.4805830000000005e-05	89551	4
TSPAN4	11	6.8684e-07	0.00016141122	107144	17
TSSC4	11	1.2806e-07	9.015019999999999e-06	104556	0
TTC12	11	2.0408e-06	0.00055555952	111201	61
TTC17	11	3.3393e-06	9.949471e-05	108494	10
TTC36	11	4.9187e-07	8.79368e-06	109975	0
TTC9C	11	6.4178e-07	8.858955e-05	107380	9
TUB	11	1.7488999999999999e-06	0.00011500042999999999	110373	12
TUT1	11	2.3627000000000003e-06	0.00017774895	109697	19
TYR	11	1.1983e-06	0.0003090894	112429	34
UBASH3B	11	1.9154e-06	3.5248590000000006e-05	110482	3
UBE2L6	11	3.8814e-07	8.79325e-05	111160	9
UBE4A	11	2.9970999999999996e-06	7.276113e-05	110281	8
UBQLN3	11	8.113800000000001e-07	0.00041473187999999995	112416	46
UBQLNL	11	8.905200000000001e-07	0.0009345537	112577	105
UBXN1	11	8.501e-07	0.0	109691	0
UCP2	11	1.0918e-06	0.00033596234	110710	37
UCP3	11	5.7293e-07	0.00044742974	111518	49
UEVLD	11	1.0731e-06	0.0009285383099999999	107091	99
UNC93B1	11	9.9316e-07	2.7620059999999997e-05	103019	2
UPK2	11	4.748e-07	0.00021209370999999999	112155	23
USH1C	11	2.9721e-06	0.00042264087	108684	45
USP2	11	2.3830000000000003e-06	7.114836999999999e-05	109734	7
USP28	11	3.9542e-06	0.00020298754	111348	22
USP35	11	1.431e-06	0.00017126725	108430	18
USP47	11	3.6438e-06	2.691804e-05	108568	2
UVRAG	11	1.8947e-06	1.7841500000000002e-05	110792	1
VEGFB	11	3.9097999999999997e-07	0.00024677256	106435	26
VPS11	11	2.6189e-06	0.00011573142	109401	12
VPS26B	11	8.0097e-07	8.98005e-06	110528	0
VPS37C	11	4.5248000000000004e-07	0.0	107069	0
VPS51	11	1.2633e-06	6.219035e-05	105401	6
VSIG2	11	6.0807e-07	2.8375949999999997e-05	108822	3
VSTM5	11	3.4993e-07	0.00019827889999999998	60751	12
VWA5A	11	1.7931e-06	0.00045119720000000004	110485	49
VWCE	11	2.6507999999999997e-06	0.00018870006999999997	106969	20
WDR74	11	1.0262e-06	0.0002987856	103221	30
WEE1	11	1.6441999999999999e-06	0.0	108102	0
WNT11	11	8.0421e-07	1.760084e-05	102385	1
WT1	11	1.3878999999999999e-06	0.0	108648	0
XRRA1	11	1.7481e-06	0.00018135273999999996	106699	19
YAP1	11	1.3766999999999999e-06	9.80354e-06	108871	1
YIF1A	11	5.871899999999999e-07	0.00010648292	108802	11
YPEL4	11	3.3747e-07	8.797239999999999e-06	103673	0
ZBED5	11	1.2683e-06	0.0	59665	0
ZBTB16	11	1.3218e-06	8.79415e-06	112667	0
ZBTB3	11	9.8324e-07	2.638152e-05	112620	2
ZBTB44	11	1.4206e-06	0.0	107912	0
ZC3H12C	11	2.3421999999999998e-06	9.0022e-06	109469	0
ZDHHC13	11	1.7465000000000001e-06	0.00038266151	104155	39
ZDHHC24	11	4.0898000000000005e-07	6.849973e-05	98715	6
ZDHHC5	11	2.2542e-06	0.0	110718	0
ZFP91	11	1.5974000000000002e-06	0.029685900000000005	105877	3143
ZFPL1	11	9.2726e-07	2.6494879999999998e-05	109972	2
ZNF143	11	1.4922e-06	6.168229e-05	109472	6
ZNF195	11	4.8718e-07	8.811660000000001e-06	107572	0
ZNF202	11	1.4744999999999998e-06	2.6394859999999998e-05	110999	2
ZNF214	11	1.1289000000000001e-06	0.00019448131999999998	111871	21
ZNF215	11	1.5982e-06	0.0025984034600000003	110795	287
ZNF259	11	1.5512e-06	0.00010552478000000002	109571	11
ZNF408	11	1.5747e-06	0.00014328245000000002	109876	15
ZNHIT2	11	5.253e-07	0.00010280828000000002	106474	10
ZP1	11	1.9161e-06	0.00017148578	110506	18
ZW10	11	1.5677e-06	7.943625e-05	111085	8
