SYMBOL	chromosome	mu_lof	AF_nfe	AN_nfe	NFE_k
A2M	12	4.026e-06	0.00033177035	106651	35
A2ML1	12	3.9735e-06	0.0022686496	111873	253
AAAS	12	2.2446e-06	0.00044009629999999995	112466	49
AACS	12	1.626e-06	0.00025564817	112795	28
ABCB9	12	1.2667e-06	6.339155e-05	103583	6
ABCC9	12	4.2551999999999995e-06	0.00030521452000000003	112483	34
ABCD2	12	1.4158e-06	0.00010704957	109439	11
AC004466.1	12	3.696e-08	0.000110889	106160	11
AC005841.1	12	3.2193e-07	0.0	110270	0
AC026310.1	12	0.0	0.0	109575	0
AC068987.1	12	6.7457e-08	0.0	109169	0
AC073569.1	12	1.0647e-08	0.0	104995	0
AC073610.5	12	1.6821999999999998e-07	0.0	109439	0
AC121757.1	12	5.6703e-08	0.0	110072	0
ACACB	12	6.8166999999999995e-06	0.00089533371	110728	99
ACAD10	12	3.5043e-06	0.0007421350900000001	110499	82
ACADS	12	9.9171e-07	0.00010604235000000001	107519	11
ACRBP	12	1.6659e-06	0.00010579466	111494	11
ACSM4	12	1.8371000000000002e-06	0.04527151032	107013	4844
ACSS3	12	1.7728e-06	0.00027521053	109763	30
ACTR6	12	1.0189e-06	0.00011771413999999999	108323	12
ACVR1B	12	1.641e-06	0.0	111080	0
ACVRL1	12	1.0772e-06	7.952271e-05	107456	8
ADAMTS20	12	6.1965e-06	0.00107906654	105937	114
ADCY6	12	2.3657e-06	6.268268e-05	108635	6
ADIPOR2	12	9.277700000000001e-07	1.824335e-05	108357	1
AEBP2	12	1.2876e-06	0.0	94472	0
AGAP2	12	2.9193e-06	1.758149e-05	106227	1
AGAP2-AS1	12	5.9395e-07	0.0	106271	0
AICDA	12	6.778e-07	6.842474e-05	111778	7
AKAP3	12	1.2051000000000001e-06	0.00017875448	111582	19
AL021546.6	12	3.2601e-07	0.00014534072	110933	16
ALDH1L2	12	2.4e-06	0.00137471782	111145	152
ALDH2	12	1.037e-06	0.00030396322	108783	33
ALG10	12	6.4828e-07	0.00011443106000000002	113366	12
ALG10B	12	6.505500000000001e-07	0.00052854131	113315	59
ALKBH2	12	4.5488e-07	4.491871e-05	108413	4
ALX1	12	9.096600000000001e-07	8.79507e-06	111674	0
AMDHD1	12	9.4705e-07	0.00023011972	110839	25
AMHR2	12	2.1838e-06	0.00017514217	110208	19
AMIGO2	12	5.6655e-07	8.79028e-06	112919	0
AMN1	12	6.164999999999999e-07	1.878414e-05	106139	1
ANAPC5	12	1.8786000000000001e-06	0.00014131641000000002	110449	15
ANAPC7	12	1.4499e-06	1.778528e-05	107109	1
ANKLE2	12	2.0354e-06	0.00022371727999999998	107690	24
ANKRD13A	12	1.9936000000000003e-06	9.097654e-05	110179	10
ANKRD33	12	8.551799999999999e-07	0.00017845866	109817	19
ANKRD52	12	2.823e-06	8.9025e-06	106883	0
ANKS1B	12	3.1663e-06	1.88296e-05	107906	2
ANO2	12	3.0364999999999996e-06	0.0007700694500000001	106628	82
ANO4	12	3.6923e-06	0.00011621819999999999	110910	12
ANO6	12	3.2967e-06	0.00067035302	111972	75
ANP32D	12	0.0	0.0	113506	0
APAF1	12	3.2244e-06	0.00016723396000000002	111756	18
APOBEC1	12	5.999000000000001e-07	0.00953973819	111996	1068
APOF	12	3.8315e-07	0.0002756144	112033	30
APOLD1	12	2.6995999999999996e-07	4.47567e-05	106584	4
APPL2	12	1.7723e-06	0.0018043548999999999	112361	202
AQP2	12	5.536399999999999e-07	8.514333e-05	107576	9
AQP5	12	3.1138e-07	2.653409e-05	109159	2
AQP6	12	4.3964e-07	3.749679e-05	106951	4
ARF3	12	5.2478e-07	1.800339e-05	110841	1
ARHGAP9	12	1.9933e-06	0.00040813474	109456	44
ARHGDIB	12	4.66e-07	4.398826e-05	111298	4
ARHGEF25	12	1.8232e-06	9.685620000000001e-05	107923	10
ARID2	12	3.9445999999999995e-06	1.763364e-05	110528	1
ARL1	12	8.128699999999999e-07	3.139791e-05	106772	3
ARL6IP4	12	8.5568e-07	4.501617e-05	104422	4
ARNTL2	12	1.5888e-06	0.00034458618999999997	111432	38
ARPC3	12	4.807699999999999e-07	1.856662e-05	112115	2
ART4	12	5.3207e-07	4.405396e-05	110290	4
ASB8	12	7.2658e-07	5.278781e-05	112673	5
ASCL1	12	3.4455e-07	8.87626e-06	104982	0
ASCL4	12	1.7598e-07	1.26381e-05	93903	1
ASIC1	12	1.7315e-06	3.5186809999999994e-05	108963	3
ASUN	12	2.4871e-06	5.318425e-05	109974	5
ATF1	12	9.260799999999999e-07	1.7695999999999998e-05	111172	1
ATF7	12	1.3221e-06	0.0	107387	0
ATF7IP	12	2.9923e-06	2.691652e-05	110242	2
ATN1	12	2.4696e-06	2.141391e-05	108937	2
ATP2A2	12	2.7378e-06	3.520727e-05	112282	3
ATP2B1	12	3.051e-06	0.0	109041	0
ATP5B	12	9.4882e-07	0.0	108717	0
ATP5G2	12	4.5441e-07	0.0001148298	106290	12
ATP6V0A2	12	2.3989e-06	0.00010627518	111485	11
ATXN2	12	2.672e-06	0.00013293668	109428	14
ATXN7L3B	12	8.3056e-08	2.14505e-05	71098	1
AVIL	12	2.8413e-06	0.00031685842999999996	110985	35
AVPR1A	12	6.8947e-07	7.071436e-05	110862	7
B3GNT4	12	6.482899999999999e-07	0.00016382893	109034	17
B4GALNT1	12	1.1284999999999999e-06	5.2809069999999993e-05	107468	5
B4GALNT3	12	2.9802999999999997e-06	0.0006375116	110458	70
BAZ2A	12	5.0814999999999995e-06	1.782176e-05	107761	1
BBS10	12	9.013e-07	0.00014130681	111491	15
BCAT1	12	1.0887e-06	0.00018763555	108232	20
BCDIN3D	12	7.225e-07	0.00014415073	110768	15
BCL2L14	12	6.542499999999999e-07	3.529316e-05	112365	3
BCL7A	12	7.3393e-07	2.546923e-05	109351	2
BEST3	12	1.3778e-06	0.00018654807	110382	20
BHLHE41	12	6.8218e-07	0.0	101326	0
BICD1	12	2.3481e-06	8.03207e-05	109817	8
BIN2	12	1.6677000000000001e-06	8.839207000000001e-05	112397	9
BLOC1S1	12	3.8978000000000004e-07	9.13075e-06	109243	0
BRAP	12	1.9913999999999997e-06	0.00010624612	109611	11
BRI3BP	12	4.1832999999999996e-07	1.55875e-05	109056	1
BTBD11	12	2.1381e-06	8.79121e-06	109293	0
BTG1	12	2.7588e-07	0.0	104985	0
C12orf10	12	1.3449e-06	0.00023428416	111412	26
C12orf23	12	1.4994e-07	1.8292579999999997e-05	111885	2
C12orf29	12	6.9367e-07	0.00017910476999999998	100725	18
C12orf36	12	1.7780999999999998e-07	1.855784e-05	108774	2
C12orf39	12	6.4176e-07	9.66914e-05	106527	10
C12orf4	12	1.7794e-06	0.00016136554	107563	17
C12orf40	12	1.1715000000000001e-06	0.00011074010000000001	107157	11
C12orf42	12	4.2388999999999997e-07	5.6084940000000005e-05	107679	6
C12orf43	12	4.7918e-07	3.5858979999999995e-05	110735	3
C12orf44	12	3.0870999999999996e-07	8.791519999999998e-06	112774	0
C12orf45	12	3.1602e-07	4.4455209999999995e-05	105475	4
C12orf49	12	4.3535e-07	0.00018539336	104502	19
C12orf5	12	3.6659e-07	9.40698e-06	110170	1
C12orf50	12	1.7147999999999999e-06	0.00018619273999999998	110453	20
C12orf54	12	5.6263e-07	7.922885e-05	111813	8
C12orf55	12	7.015599999999999e-06	0.00042358362	108053	45
C12orf56	12	9.3461e-07	0.00094144534	102164	96
C12orf57	12	2.2238000000000004e-07	1.771953e-05	109943	1
C12orf60	12	1.326e-07	0.0	110085	0
C12orf61	12	0.0	0.0	93495	0
C12orf65	12	4.802300000000001e-07	2.683453e-05	112430	3
C12orf66	12	6.9032e-07	8.88115e-06	110836	0
C12orf68	12	1.7569000000000003e-07	5.6592569999999995e-05	101388	5
C12orf71	12	2.0072e-07	8.997339999999999e-06	102119	0
C12orf73	12	8.7728e-08	0.0038850607	99124	385
C12orf74	12	2.5997e-07	1.777453e-05	109962	1
C12orf75	12	1.3689e-07	0.0	59678	0
C12orf76	12	2.5173000000000004e-07	8.790439999999999e-06	108418	0
C12orf77	12	3.321e-07	7.96868e-05	110252	8
C12orf79	12	2.5962e-07	0.0	104985	0
C1QL4	12	2.2725999999999998e-07	0.0	109267	0
C1R	12	1.1498e-06	8.85473e-06	105027	0
C1RL	12	8.095499999999999e-07	4.529964e-05	104733	4
C1S	12	1.6384999999999999e-06	7.03626e-05	111254	7
C2CD5	12	2.7496e-06	0.00017845262	109027	19
C3AR1	12	7.018000000000001e-07	0.00021144161	112944	23
CABP1	12	1.4716e-06	1.75911e-05	108092	1
CACNA1C	12	5.3517e-06	2.902304e-05	105333	3
CACNA2D4	12	3.9098e-06	0.00139355531	105667	147
CACNB3	12	1.4625e-06	8.840322e-05	110991	9
CALCOCO1	12	2.2446e-06	9.081131999999999e-05	108505	9
CAMKK2	12	1.6232e-06	0.00010740757	105666	11
CAND1	12	2.4058000000000003e-06	0.0	109666	0
CAPRIN2	12	2.9153e-06	0.00010567343999999999	110933	11
CAPS2	12	2.0996e-06	0.00042415552000000004	99926	42
CAPZA3	12	6.0581e-07	6.179424e-05	112143	6
CASC1	12	2.2600999999999998e-06	0.00028580444	109822	31
CBX5	12	3.5731e-07	0.0	109881	0
CCDC38	12	1.4984000000000001e-06	0.00028281408	110798	31
CCDC41	12	2.3226e-06	0.00044468542	106613	47
CCDC42B	12	8.238500000000001e-07	1.65082e-05	94617	1
CCDC53	12	4.0289000000000003e-07	0.00013618111999999998	97509	13
CCDC59	12	6.973399999999999e-07	7.966428000000001e-05	109350	8
CCDC60	12	1.5768999999999999e-06	9.825643e-05	111256	10
CCDC62	12	1.7344999999999999e-06	0.00020346807000000002	111695	22
CCDC63	12	2.0003e-06	0.00067026926	111993	75
CCDC64	12	1.9121e-06	3.3448990000000004e-05	107582	3
CCDC65	12	1.3983e-06	8.830081000000001e-05	109250	9
CCDC77	12	1.7881999999999999e-06	0.0004842389	112327	54
CCDC91	12	1.147e-06	0.00011885953000000002	106729	12
CCDC92	12	7.0266e-07	1.776854e-05	110766	1
CCER1	12	8.725100000000001e-07	1.785319e-05	109646	1
CCND2	12	5.608100000000001e-07	0.0	109541	0
CCNT1	12	1.3985e-06	6.606293e-05	111382	7
CCT2	12	1.4577e-06	1.762784e-05	107884	1
CD163	12	2.6169999999999997e-06	0.00013250004999999999	111162	14
CD163L1	12	4.0667e-06	0.00229618048	111045	254
CD27	12	5.845899999999999e-07	3.6170520000000003e-05	108457	3
CD4	12	9.940100000000002e-07	6.170116e-05	108302	6
CD63	12	6.3919e-07	4.5306980000000004e-05	111889	5
CD69	12	5.212699999999999e-07	2.6390440000000003e-05	110737	2
CD9	12	6.6837e-07	2.645437e-05	109244	2
CDCA3	12	7.3274e-07	2.7291069999999998e-05	109352	2
CDK17	12	2.1051e-06	1.76395e-05	106922	1
CDK2	12	9.415700000000001e-07	8.7909e-06	110041	0
CDK2AP1	12	2.3579999999999998e-07	8.79105e-06	112621	0
CDK4	12	1.1204000000000001e-06	1.758149e-05	109646	1
CDKN1B	12	3.1870999999999997e-07	0.0	110870	0
CELA1	12	6.2723e-07	5.7252440000000004e-05	105925	6
CEP290	12	6.3874e-06	0.00158549034	98768	156
CERS5	12	1.4628e-06	0.00016949647	107393	18
CHD4	12	6.585599999999999e-06	3.5348029999999996e-05	110184	3
CHFR	12	1.5937999999999999e-06	0.00018523985	106005	19
CHPT1	12	8.034100000000001e-07	2.656639e-05	107281	2
CHST11	12	7.6139e-07	1.759511e-05	111552	1
CIT	12	6.9945000000000005e-06	0.00015687298999999999	110341	17
CKAP4	12	6.461799999999999e-07	0.0	112797	0
CLEC12A	12	5.352300000000001e-07	0.00223319532	106899	238
CLEC12B	12	7.4113e-07	0.00011560603	107540	12
CLEC1A	12	6.612899999999999e-07	0.00020023292	110673	22
CLEC1B	12	5.7147e-07	8.848029e-05	111128	9
CLEC2A	12	2.9144e-07	3.23708e-05	61207	1
CLEC2B	12	4.8557e-07	3.547137e-05	108691	3
CLEC2D	12	4.905e-07	0.0	111242	0
CLEC4A	12	5.651899999999999e-07	0.00019439757	106223	20
CLEC4C	12	8.728399999999999e-07	0.00018484765	112292	20
CLEC4D	12	4.8606e-07	0.00018656326000000001	110883	20
CLEC4E	12	5.1299e-07	0.0002202025	111162	24
CLEC6A	12	5.005e-07	8.032387e-05	111309	8
CLEC7A	12	4.6953000000000005e-07	0.00013787443	105241	14
CLEC9A	12	5.5196e-07	7.958566e-05	109726	8
CLECL1	12	1.4637e-07	0.0	110404	0
CLIP1	12	3.5645999999999997e-06	0.00036844047	110102	40
CLLU1	12	2.667e-07	8.86572e-06	107903	0
CLLU1OS	12	1.8815e-07	1.809847e-05	107903	1
CLSTN3	12	1.9491e-06	2.6735990000000002e-05	106635	2
CMAS	12	1.4626e-06	2.647632e-05	108018	2
CMKLR1	12	3.1886e-07	0.0	110194	0
CNOT2	12	1.8137e-06	1.7682220000000003e-05	110191	1
CNPY2	12	7.9285e-07	7.9132e-05	112920	8
CNTN1	12	3.3886e-06	6.188555e-05	111852	6
COL2A1	12	4.9334e-06	1.7667809999999998e-05	107875	1
COPS7A	12	8.0676e-07	2.6438170000000002e-05	111868	2
COPZ1	12	7.3288e-07	0.0	107828	0
COQ10A	12	7.330400000000001e-07	4.427828e-05	111479	4
COQ5	12	8.681200000000001e-07	3.516591e-05	110608	3
CORO1C	12	1.2051000000000001e-06	0.0	112154	0
COX14	12	2.8532999999999998e-08	0.0	109021	0
COX6A1	12	1.9622e-07	0.00010767943000000001	112275	12
CPM	12	1.0221e-06	7.311444000000001e-05	111064	8
CPNE8	12	1.4671000000000001e-06	0.00013754739	104276	14
CPSF6	12	2.1683e-06	9.03293e-06	104359	0
CRADD	12	2.9359e-07	0.0	112249	0
CREBL2	12	6.1088e-07	9.04617e-06	108890	0
CRY1	12	2.1427000000000003e-06	0.00015243072	108383	16
CS	12	2.0875999999999997e-06	0.0	110455	0
CSAD	12	1.4043e-06	0.00071186541	109226	77
CSRNP2	12	1.2016e-06	1.759078e-05	110700	1
CSRP2	12	5.2806e-07	7.934944e-05	111477	8
CTD-2140B24.4	12	1.0384999999999999e-06	8.655633e-05	95872	8
CTDSP2	12	5.811600000000001e-07	4.420007e-05	110943	4
CUX2	12	3.0532999999999996e-06	1.9326589999999998e-05	104584	2
CYP27B1	12	9.9487e-07	5.3240080000000004e-05	108000	5
DAO	12	1.3126e-06	0.00029959838	112397	33
DAZAP2	12	3.7878e-07	0.0	109650	0
DBX2	12	5.635e-07	5.402585e-05	103258	5
DCD	12	3.7082e-07	9.495316e-05	104516	9
DCN	12	1.0501000000000001e-06	0.0	112475	0
DCP1B	12	1.2228e-06	0.00013403147	109585	14
DCTN2	12	1.0786e-06	0.0	106584	0
DDIT3	12	2.9909e-07	8.790130000000001e-06	110055	0
DDN	12	9.946600000000001e-07	1.8782829999999998e-05	104554	1
DDX11	12	3.0232e-06	0.0008073391099999999	105394	85
DDX23	12	3.7799e-06	0.0001143508	112578	12
DDX47	12	2.0189e-06	0.00027296536	111654	30
DDX51	12	1.7847e-06	0.00081196666	107363	87
DDX54	12	2.7424e-06	0.00018142381000000002	105703	19
DDX55	12	1.4761000000000001e-06	0.00036940708	110653	40
DENND5B	12	3.0435e-06	1.771731e-05	104957	1
DENR	12	5.3777e-07	0.0	98797	0
DEPDC4	12	4.8596e-07	0.00015214628999999998	109604	16
DERA	12	8.226100000000001e-07	0.00012046933000000001	97724	11
DGKA	12	2.7409e-06	0.00050085012	111698	55
DHH	12	5.668600000000001e-07	8.912810000000001e-06	105829	0
DHX37	12	3.0132e-06	8.84682e-05	106653	9
DIABLO	12	6.4608e-07	9.672709999999999e-05	108092	10
DIP2B	12	5.1273e-06	9.689119e-05	111974	10
DNAH10	12	1.1579e-05	0.00168103695	107809	181
DNAH10OS	12	1.6689e-07	0.0	109505	0
DNAJC14	12	2.0797e-06	0.0	111709	0
DNAJC22	12	4.2941000000000003e-07	7.236149e-05	108687	7
DNM1L	12	2.4649e-06	7.047149999999999e-05	110049	7
DPPA3	12	3.6917e-07	2.64061e-05	110372	2
DPY19L2	12	1.9716999999999997e-06	0.00030799892000000004	105746	32
DRAM1	12	4.8838e-07	8.86399e-06	110194	0
DTX1	12	1.0584000000000001e-06	3.584487e-05	106307	3
DTX3	12	5.624100000000001e-07	0.0	109696	0
DUSP16	12	1.4288e-06	4.4210290000000005e-05	111290	4
DUSP6	12	4.9655e-07	0.0	107317	0
DYNLL1	12	1.6757e-07	0.0	104484	0
DYRK2	12	9.359600000000001e-07	0.0	107326	0
DYRK4	12	1.1144e-06	0.00019459599999999998	111492	21
E2F7	12	1.8025e-06	0.0	111190	0
EEA1	12	4.2322e-06	0.00015696567	106226	16
EFCAB4B	12	1.7439e-06	0.00016828227	92845	15
EID3	12	6.386199999999999e-07	1.769348e-05	111054	1
EIF2B1	12	8.844e-07	0.00021995984	111124	24
EIF2S3L	12	5.1378e-07	7.034069e-05	113685	7
EIF4B	12	2.5719e-06	0.0	108580	0
ELK3	12	7.175199999999999e-07	0.0	111393	0
EMG1	12	7.8394e-07	2.6548979999999998e-05	109288	2
EMP1	12	2.5469999999999997e-07	1.75976e-05	111228	1
ENDOU	12	1.1855e-06	0.00056361309	109795	61
ENO2	12	1.2220000000000001e-06	1.759914e-05	110917	1
EP400	12	8.1189e-06	0.00013945276	108332	15
EP400NL	12	5.2791e-07	0.00464396523	86465	401
EPS8	12	2.4777e-06	0.0	109523	0
EPYC	12	8.832700000000001e-07	0.00029133617000000003	108532	31
ERBB3	12	4.5445e-06	0.00025509622000000005	111741	28
ERC1	12	3.5336e-06	0.00022148651	110321	24
ERGIC2	12	9.6666e-07	3.9413400000000005e-05	105871	4
ERP27	12	5.069300000000001e-07	6.166173e-05	111913	6
ERP29	12	3.7733000000000006e-07	8.78997e-06	110937	0
ESPL1	12	5.4965e-06	0.00073670451	111193	81
ESYT1	12	4.2464e-06	0.00036152364000000003	112841	40
ETNK1	12	1.0497e-06	1.877559e-05	104804	1
ETV6	12	1.6218e-06	2.652485e-05	109142	2
FAIM2	12	1.031e-06	7.088244000000001e-05	109470	7
FAM101A	12	1.3564e-07	0.0	101022	0
FAM109A	12	1.5936e-07	8.9439e-06	105444	0
FAM186A	12	4.4419e-06	0.0002339818	64192	15
FAM186B	12	2.0061e-06	0.00035329892	109904	38
FAM19A2	12	4.511199999999999e-07	0.0	109699	0
FAM216A	12	7.021300000000001e-07	0.00010574392	110171	11
FAM222A	12	4.5168e-07	0.0	99444	0
FAM60A	12	5.8837e-07	0.0	107619	0
FAM71C	12	4.5023000000000003e-07	8.79538e-06	112174	0
FAM90A1	12	2.7473e-07	9.061576e-05	109143	9
FAR2	12	1.1114e-06	2.648844e-05	109227	2
FBRSL1	12	1.2634999999999998e-06	0.0	59970	0
FBXL14	12	4.4188999999999994e-07	0.0	109622	0
FBXO21	12	1.6244e-06	1.760596e-05	109178	1
FBXW8	12	1.3551e-06	0.00015942866000000002	112202	17
FGD4	12	2.3795e-06	7.058639e-05	111718	7
FGD6	12	3.1788e-06	8.885633e-05	110891	9
FGF23	12	2.589e-07	8.804680000000001e-06	111011	0
FGF6	12	4.3527e-07	8.892788e-05	111313	9
FGFR1OP2	12	1.0983e-06	7.155819000000001e-05	110049	7
FICD	12	4.901e-07	8.8171e-06	110736	0
FKBP11	12	6.3449e-07	4.404384e-05	109170	4
FKBP4	12	1.2365000000000001e-06	3.522323e-05	106891	3
FMNL3	12	2.8902e-06	6.30519e-05	109857	6
FOXJ2	12	1.8344e-06	1.961173e-05	110776	2
FOXM1	12	1.8166e-06	8.752336e-05	110252	9
FOXN4	12	1.055e-06	9.34772e-06	102072	0
FRS2	12	1.4159e-06	0.0	111354	0
FZD10	12	7.2796e-07	5.290991e-05	109402	5
GABARAPL1	12	2.5617e-07	0.0	106842	0
GALNT4	12	1.1979e-06	6.216094e-05	108996	6
GALNT6	12	1.8457e-06	0.00024500185	110029	26
GALNT8	12	1.4418000000000001e-06	0.0006900522500000001	112147	77
GALNT9	12	4.174100000000001e-07	3.7707490000000004e-05	109309	4
GAPDH	12	6.7123e-07	1.761216e-05	112831	1
GAS2L3	12	1.5182e-06	0.00028413771	111078	31
GATC	12	2.4563e-07	4.648212e-05	109323	5
GCN1L1	12	6.6743e-06	9.913263e-05	111296	11
GDF11	12	9.222e-07	8.79075e-06	107933	0
GDF3	12	5.214899999999999e-07	0.00010563994	113234	11
GIT2	12	2.2936e-06	2.6562600000000002e-05	110586	2
GLI1	12	2.2038e-06	0.00022056512000000002	110416	24
GLIPR1	12	9.4774e-07	0.00014115412	109877	15
GLIPR1L1	12	5.9002e-07	4.014372e-05	108141	4
GLIPR1L2	12	5.9939e-07	0.00016798207	107911	18
GLS2	12	2.2956e-06	0.00024288077999999998	111566	27
GLT1D1	12	8.451000000000001e-07	9.676690000000001e-05	112849	10
GLT8D2	12	1.1990999999999999e-06	0.00030088552999999997	109738	33
GLTP	12	3.9861e-07	0.0	108136	0
GNB3	12	9.722e-07	8.956357e-05	106212	9
GNPTAB	12	3.3543000000000002e-06	0.00036133038	112403	40
GNS	12	1.4358e-06	7.037965e-05	110506	7
GOLGA3	12	3.9771e-06	0.00010098331	108404	10
GOLT1B	12	2.6144000000000004e-07	0.0	105768	0
GPD1	12	5.999000000000001e-07	2.6436890000000004e-05	108944	2
GPN3	12	1.0554e-06	0.00010637688	110834	11
GPR133	12	2.3316e-06	0.00023775958999999999	109652	26
GPR162	12	1.111e-06	0.00024834157999999997	105681	26
GPR182	12	5.0749e-07	3.557873e-05	112097	3
GPR19	12	8.2542e-07	5.27896e-05	112636	5
GPR84	12	9.8134e-07	0.00018479296999999998	112670	20
GPRC5A	12	6.5173e-07	0.00012422704	111425	13
GPRC5D	12	8.8821e-07	0.00014975081	112918	16
GRASP	12	8.6059e-07	0.0	105654	0
GRIN2B	12	2.6004e-06	0.0	112612	0
GRIP1	12	3.1396e-06	6.207334e-05	112828	7
GSG1	12	6.901100000000001e-07	0.0063160641	105827	668
GTF2H3	12	1.0834999999999999e-06	0.00013875073999999998	110440	15
GTSF1	12	7.0303e-07	2.67227e-05	112472	3
GUCY2C	12	3.221e-06	0.00035843527	111041	39
GXYLT1	12	1.3593e-06	5.176303e-05	105575	5
GYS2	12	2.4755000000000003e-06	0.0010138278199999999	112474	114
H1FNT	12	0.0	0.0	102463	0
H2AFJ	12	1.4529999999999998e-07	8.88905e-06	108878	0
H3F3C	12	0.0	0.0	112658	0
HAL	12	1.8106999999999999e-06	0.00125126117	111631	139
HCAR1	12	3.4161e-07	8.82083e-06	112322	0
HCAR2	12	3.9128e-07	2.640409e-05	112974	2
HCAR3	12	3.3393e-07	2.6443249999999998e-05	111042	2
HCFC2	12	1.9211e-06	0.0	108672	0
HDAC7	12	2.6107999999999996e-06	1.7729079999999998e-05	102022	1
HEBP1	12	3.2323e-07	4.4903440000000004e-05	111169	4
HECTD4	12	1.1418e-05	0.00017913262	107165	19
HELB	12	2.3129e-06	0.00027506097999999997	109647	30
HIGD1C	12	2.9677e-07	3.0242e-05	101580	3
HIP1R	12	2.926e-06	0.00034669326	102919	35
HIST4H4	12	7.9496e-08	1.7641e-05	108878	1
HMGA2	12	2.8245e-07	0.0	105949	0
HNF1A	12	1.5442e-06	2.651934e-05	108663	2
HNRNPA1	12	1.0519e-06	0.0	109865	0
HOXC10	12	4.5053000000000005e-07	0.0	107238	0
HOXC11	12	3.9764e-07	0.00013229742	106536	14
HOXC12	12	3.0809e-07	9.046601000000001e-05	108131	9
HOXC13	12	4.1028999999999995e-07	0.0004786714	105029	50
HOXC4	12	4.6015e-07	8.88052e-06	109361	0
HOXC4	12	4.6015e-07	8.88052e-06	109361	0
HOXC5	12	3.5783e-07	0.00013382343999999999	109434	14
HOXC6	12	4.9218e-07	8.78966e-06	109434	0
HOXC8	12	4.6953000000000005e-07	8.80421e-06	107863	0
HOXC9	12	3.8316000000000005e-07	2.6599320000000003e-05	107649	2
HPD	12	1.2946e-06	6.15556e-05	113290	6
HRK	12	3.1589e-08	0.0	112552	0
HSD17B6	12	8.366200000000001e-07	0.0	105925	0
HSP90B1	12	2.2578000000000002e-06	8.80514e-06	108316	0
HSPB8	12	3.4506999999999995e-07	1.766963e-05	112240	1
HVCN1	12	4.9932e-07	8.865560000000001e-06	110890	0
IAPP	12	8.127700000000001e-08	0.00023780962000000003	113489	26
IFFO1	12	1.3073e-06	0.0001074577	110273	11
IFLTD1	12	1.1983e-06	0.00645165991	105209	678
IFNG	12	2.4065000000000003e-07	1.77573e-05	101798	1
IFT81	12	2.459e-06	0.00030692259	105732	32
IGF1	12	3.3085000000000003e-07	9.08067e-06	111446	1
IGFBP6	12	5.8254e-07	7.032951999999999e-05	108571	7
IKBIP	12	6.798999999999999e-07	5.31705e-05	109456	5
IKZF4	12	1.097e-06	9.46432e-06	109041	1
IL22	12	2.9562e-07	1.776045e-05	111779	1
IL23A	12	3.7904000000000004e-07	1.7595420000000002e-05	107043	1
IL26	12	4.6476000000000004e-07	3.5354609999999996e-05	108114	3
IL31	12	2.6835e-07	5.27584e-05	111122	5
ING4	12	6.9561e-07	9.91179e-06	110771	1
INHBC	12	7.4661e-07	7.18846e-05	110259	7
INHBE	12	1.007e-06	0.0006377376	112256	71
IPO8	12	3.5432e-06	0.00014188341999999999	109629	15
IQCD	12	4.117e-07	8.020479000000001e-05	109007	8
IQSEC3	12	2.2098e-06	8.99048e-05	104306	9
IRAK3	12	1.2159e-06	0.00072243622	113093	81
IRAK4	12	1.1717e-06	0.00055438473	111511	61
ISCU	12	2.8439e-07	0.0	111052	0
ITFG2	12	1.3562e-06	0.00015946646	111043	17
ITGA5	12	3.5583e-06	2.9836020000000002e-05	109263	3
ITGA7	12	3.4876999999999997e-06	0.00079264532	108919	86
ITGB7	12	1.8512e-06	9.711613999999999e-05	108398	10
ITPR2	12	7.6257000000000005e-06	0.00045615045	109100	49
KANSL2	12	1.6201e-06	8.894260000000001e-06	105082	0
KCNA1	12	6.3453e-07	1.762411e-05	112753	1
KCNA5	12	7.990600000000001e-07	9.697860000000001e-05	109189	10
KCNA6	12	8.5488e-07	1.761156e-05	110055	1
KCNC2	12	1.05e-06	3.5346859999999996e-05	106525	3
KCNH3	12	2.233e-06	8.97876e-06	107308	0
KCNJ8	12	1.1084e-06	2.6375790000000002e-05	112901	2
KCNMB4	12	3.7793e-07	0.0	106130	0
KCTD10	12	7.0991e-07	8.834860000000001e-06	111207	0
KDM2B	12	3.3652999999999998e-06	1.7919670000000002e-05	106814	1
KDM5A	12	5.0945999999999995e-06	5.322753000000001e-05	111029	5
KERA	12	7.014399999999999e-07	0.00011536707	112438	12
KIAA1033	12	4.5167e-06	0.00016842797999999998	110924	18
KIAA1467	12	1.7853999999999999e-06	3.538342e-05	109833	3
KIAA1551	12	2.8753e-06	0.00012381996000000001	111076	13
KIF21A	12	4.9738e-06	0.00025868873	111100	28
KIF5A	12	3.706e-06	3.52224e-05	111936	3
KITLG	12	6.313600000000001e-07	0.00010608766000000001	108607	11
KLHL42	12	7.8351e-07	4.3998009999999995e-05	107759	4
KLRB1	12	6.85e-07	5.289691e-05	110483	5
KLRC1	12	5.6181e-07	7.133671999999999e-05	109298	7
KLRC2	12	4.5397e-07	5.435124e-05	105951	5
KLRC3	12	3.968e-07	0.00081615869	109586	89
KLRC4	12	2.5884e-07	1.762459e-05	110811	1
KLRD1	12	4.1308999999999995e-07	4.4016170000000005e-05	111101	4
KLRF1	12	5.1423e-07	0.00019813547999999998	108359	21
KLRG1	12	3.7579999999999996e-07	3.5602199999999996e-05	110331	3
KLRK1	12	6.7369e-07	0.00030065466	108420	32
KMT2D	12	1.2206e-05	4.6968209999999996e-05	106002	4
KNTC1	12	6.1322e-06	0.00077538359	104925	81
KRAS	12	4.844e-07	0.0002025874	110395	22
KRR1	12	1.1803e-06	1.8409720000000002e-05	109661	2
KRT1	12	1.5571999999999999e-06	3.519998e-05	109011	3
KRT18	12	9.4575e-07	1.767888e-05	106923	1
KRT2	12	1.1885e-06	7.045843000000001e-05	112008	7
KRT3	12	8.442200000000001e-07	0.00011585372	108569	12
KRT4	12	1.5740999999999999e-06	0.00025279047000000004	112465	28
KRT5	12	1.0098e-06	0.00012640445	112875	14
KRT6A	12	8.9721e-07	3.521454e-05	112892	3
KRT6B	12	8.511e-07	0.00013186243999999998	112150	14
KRT6C	12	8.7704e-07	0.00037276165999999996	110532	41
KRT7	12	7.871200000000001e-07	6.111573e-05	109126	6
KRT71	12	1.118e-06	0.00013208566	111760	14
KRT72	12	9.1219e-07	7.91971e-05	111052	8
KRT73	12	1.0293e-06	0.00014127229	112336	15
KRT74	12	8.0513e-07	0.0008096652900000001	112619	91
KRT75	12	1.2497e-06	0.0007825144	112852	88
KRT76	12	9.0854e-07	0.00911947955	110989	1012
KRT77	12	1.1336e-06	0.0001276363	110041	14
KRT78	12	1.0673000000000001e-06	0.00019493042	109899	21
KRT79	12	1.1544e-06	0.00016775468999999997	110580	18
KRT8	12	1.0611e-06	0.0005459628500000001	110181	60
KRT80	12	9.581200000000001e-07	9.091111999999999e-05	104884	9
KRT81	12	6.820100000000001e-07	0.00152970261	108382	165
KRT82	12	1.0314e-06	0.00433328232	111114	481
KRT83	12	1.0255e-06	0.027122358960000002	110597	2999
KRT84	12	1.0341e-06	0.0001321063	109160	14
KRT85	12	1.4609999999999999e-06	0.00055825918	112621	62
KRT86	12	7.1714e-07	0.00011471326000000002	110987	12
KSR2	12	2.3863999999999997e-06	0.0	107162	0
LACRT	12	2.6485e-07	7.934178000000001e-05	113071	8
LAG3	12	1.1436e-06	2.1046999999999997e-05	108704	2
LALBA	12	2.3673000000000003e-07	8.87579e-06	109253	0
LARP4	12	2.3442e-06	0.00010056666999999999	109136	10
LDHB	12	5.9427e-07	3.5179200000000004e-05	112865	3
LEMD3	12	2.2716e-06	2.6405370000000004e-05	108381	2
LEPREL2	12	1.4854e-06	0.00024361931	105728	25
LETMD1	12	9.187200000000001e-07	4.436624e-05	111227	4
LGR5	12	1.8238e-06	0.00020275756	112194	22
LHX5	12	5.838199999999999e-07	1.65038e-05	100546	1
LIMA1	12	1.9949e-06	0.00022106564	110994	24
LIN7A	12	9.120900000000001e-07	6.964020999999999e-05	102741	7
LINC00935	12	2.5411e-07	0.0	110822	0
LLPH	12	1.8850999999999999e-07	8.86085e-06	109316	0
LMBR1L	12	1.5444999999999998e-06	0.00077060731	110510	85
LMO3	12	4.3631e-07	0.0	107873	0
LOH12CR1	12	6.3361e-07	5.2872790000000006e-05	111164	5
LOH12CR2	12	9.2315e-08	0.0	112198	0
LPAR5	12	4.2273000000000003e-07	0.0	103890	0
LPCAT3	12	1.4954e-06	1.75827e-05	110503	1
LRIG3	12	2.8039e-06	0.00015036289	110009	16
LRMP	12	1.7171e-06	7.070663e-05	111243	7
LRP1	12	1.3442000000000001e-05	2.668031e-05	110374	2
LRP6	12	6.1616e-06	6.160087e-05	111865	6
LRRC10	12	2.3037e-07	8.807e-06	111771	0
LRRC23	12	1.1637e-06	0.00012330664	111072	13
LRRC43	12	1.3366999999999998e-06	0.0007903369800000001	108463	85
LRRIQ1	12	4.6201e-06	0.0008586258099999999	106974	91
LRRK2	12	7.5595e-06	0.00059206723	111350	65
LRTM2	12	5.3086e-07	9.056000000000001e-06	109129	0
LST3	12	1.4224000000000001e-06	0.00048345362	106094	51
LTA4H	12	1.9213e-06	0.00013572309	108062	14
LTBR	12	9.171500000000001e-07	0.0	108834	0
LUM	12	3.4639e-07	1.763472e-05	111623	1
LYRM5	12	2.2531e-07	4.6647399999999997e-05	107378	5
LYZ	12	4.1295e-07	0.00010552171999999999	113326	11
M6PR	12	9.7411e-07	0.00021144612000000002	111474	23
MAGOHB	12	4.8877e-07	2.654236e-05	104401	2
MANSC1	12	3.5329999999999997e-07	1.8072179999999998e-05	112357	2
MANSC4	12	2.087e-07	0.000147922	60876	9
MAP1LC3B2	12	4.3062e-07	9.66863e-05	111830	10
MAP3K12	12	2.5403e-06	0.0	109071	0
MAPKAPK5	12	1.2434e-06	2.7455120000000002e-05	103209	2
MARCH9	12	6.610300000000001e-07	8.791519999999998e-06	110741	0
MARS	12	3.1992000000000002e-06	0.00020228310000000002	112591	22
MBD6	12	1.7150999999999999e-06	8.797710000000001e-06	106075	0
MCRS1	12	1.5435e-06	3.873144e-05	107832	4
MDM1	12	2.0112e-06	0.00023523857000000003	107686	25
MDM2	12	1.4808e-06	9.0698e-06	110396	1
MED13L	12	5.0892e-06	2.8382199999999997e-05	111843	3
MED21	12	5.1112e-07	4.4164160000000004e-05	107452	4
METAP2	12	1.4399000000000002e-06	6.267159000000001e-05	109834	6
METTL1	12	4.9017e-07	2.092703e-05	108074	2
METTL20	12	5.9977e-07	0.00472835908	107533	508
METTL21B	12	3.3704999999999996e-07	8.004823e-05	106201	8
METTL25	12	1.5875999999999998e-06	0.00012788644	108346	13
METTL7A	12	4.2081e-07	3.52526e-05	111957	3
METTL7B	12	3.3833e-07	1.7579949999999998e-05	109812	1
MFAP5	12	7.914399999999999e-07	4.4879340000000005e-05	111426	5
MFSD5	12	9.9074e-07	4.3983640000000006e-05	113265	4
MGAT4C	12	9.475e-07	6.425978e-05	108634	6
MGP	12	4.0892e-07	1.760362e-05	110602	1
MGST1	12	2.6549e-07	3.52696e-05	109797	3
MIP	12	6.0253e-07	1.772876e-05	112626	1
MLEC	12	5.8954e-07	0.0	109733	0
MLF2	12	9.8381e-07	8.79198e-06	106185	0
MLXIP	12	1.5277e-06	1.787582e-05	106132	1
MMAB	12	5.8571e-07	9.675041e-05	102461	9
MMP17	12	1.0136e-06	0.00010992666000000001	104492	11
MMP19	12	1.5611000000000002e-06	0.00175134	109367	191
MON2	12	4.5375e-06	0.00014489313999999998	108377	15
MORN3	12	7.231600000000001e-07	0.0001929076	109064	21
MPHOSPH9	12	3.0835e-06	0.00019651218000000002	110355	21
MRPL42	12	2.7350999999999997e-07	2.746382e-05	109746	3
MRPL51	12	3.473e-07	0.0	111791	0
MRPS35	12	1.034e-06	5.3226499999999996e-05	108945	5
MSI1	12	1.3467e-06	8.90171e-06	104635	0
MSRB3	12	3.8326999999999996e-07	1.7663499999999998e-05	105045	1
MTERFD3	12	6.2334e-07	0.00011440834999999999	112949	12
MUCL1	12	3.7511e-07	0.00019432758	110650	21
MVK	12	9.3824e-07	9.35436e-06	110255	1
MYBPC1	12	2.9563999999999998e-06	0.00010552943000000002	112727	11
MYF5	12	5.8428e-07	2.6414699999999996e-05	112679	2
MYF6	12	5.014e-07	5.294271e-05	112992	5
MYL2	12	5.1743e-07	0.00016050559999999998	112360	18
MYL6	12	4.3988e-07	1.759944e-05	107253	1
MYL6B	12	6.423699999999999e-07	8.887974e-05	109238	9
MYO1A	12	3.7538999999999998e-06	0.005640080770000001	113092	637
MYO1H	12	3.2398000000000003e-06	0.00055516191	107095	59
NAA25	12	3.2431e-06	8.95592e-06	109612	0
NAB2	12	1.1774e-06	0.0	106268	0
NABP2	12	7.142699999999999e-07	0.0	110654	0
NACA	12	1.2631e-06	7.25563e-05	102340	7
NANOG	12	3.6259e-07	0.0	107276	0
NANOGNB	12	4.9237e-07	0.0	59879	0
NAP1L1	12	1.2711e-06	0.0	107334	0
NAV3	12	5.5491e-06	4.472705e-05	109586	4
NCAPD2	12	4.4662e-06	0.0007482229099999999	112736	84
NCKAP1L	12	3.3643e-06	0.00011439745000000001	112436	12
NCKAP5L	12	2.4841e-06	6.512672e-05	99692	6
NCOR2	12	5.6129999999999995e-06	5.402019e-05	102010	5
NDUFA12	12	4.6158000000000003e-07	4.397542e-05	112222	4
NDUFA4L2	12	1.9116e-07	8.790439999999999e-06	109991	0
NDUFA9	12	1.397e-06	9.752389999999999e-05	110696	10
NECAP1	12	6.781900000000001e-07	1.760894e-05	111932	1
NEDD1	12	1.4896e-06	2.734579e-05	106585	2
NELL2	12	2.8545999999999997e-06	3.531875e-05	111269	3
NEUROD4	12	5.217199999999999e-07	1.7599100000000002e-05	112428	1
NFE2	12	7.0556e-07	1.00933e-05	108181	1
NFYB	12	4.5574e-07	0.00010825218	108202	11
NINJ2	12	3.6270000000000004e-07	3.5184e-05	110803	3
NKG2-E	12	5.2873e-07	0.0008248958099999999	108317	89
NOC4L	12	1.3453999999999999e-06	6.885257e-05	106679	7
NOP2	12	2.3241e-06	0.0	107783	0
NOS1	12	4.0788e-06	4.314891e-05	110004	4
NPFF	12	2.0164000000000002e-07	4.414922e-05	109444	4
NR1H4	12	1.5366e-06	7.451906999999999e-05	111568	8
NR2C1	12	1.9796e-06	8.80561e-06	108709	0
NR4A1	12	1.1154000000000002e-06	1.864023e-05	107261	1
NRIP2	12	7.3369e-07	0.0010726362099999999	110560	118
NT5DC3	12	1.5053e-06	0.00010571498	112156	11
NTF3	12	9.9921e-07	8.80747e-06	111640	0
NTN4	12	2.0544e-06	5.280757e-05	110520	5
NTS	12	3.2298e-07	0.00016354246	107883	17
NUAK1	12	1.5618e-06	2.640895e-05	110904	2
NUDT4	12	4.9094e-07	0.0	102304	0
NUP107	12	3.4792e-06	0.00018734706	108590	20
NUP37	12	1.0199e-06	4.501036e-05	107553	4
NXPH4	12	3.097e-07	9.52835e-06	106953	1
OAS1	12	1.0034e-06	8.807841000000001e-05	110615	9
OAS2	12	1.7431e-06	0.00028253054	111683	31
OAS3	12	2.4743e-06	0.016424853080000003	106981	1757
OASL	12	6.727299999999999e-07	0.00037918873999999995	112305	42
OGFOD2	12	6.5382e-07	0.00024189803	105189	25
OLR1	12	6.3958e-07	8.81585e-06	111434	0
OR10A7	12	2.3323e-07	0.0	112685	0
OR10AD1	12	4.8073e-07	0.0019454843600000002	112003	217
OR10P1	12	3.0925e-07	0.0	112576	0
OR2AP1	12	1.845e-07	2.019114e-05	82576	1
OR6C1	12	3.1681e-07	3.5390100000000005e-05	111596	3
OR6C2	12	2.005e-07	8.81788e-06	111834	0
OR6C3	12	2.1616999999999998e-07	1.7631729999999998e-05	112050	1
OR6C4	12	2.2857e-07	0.0001414623	111560	15
OR6C6	12	2.1746e-07	9.716905000000001e-05	111878	10
OR6C65	12	1.5855e-07	2.9882e-05	109802	3
OR6C68	12	4.1353999999999994e-08	0.0	110648	0
OR6C70	12	2.1084e-07	7.156639e-05	111818	8
OR6C74	12	2.1444000000000003e-07	0.31508539888	111955	35275
OR6C75	12	2.0418e-07	1.76395e-05	111217	1
OR6C76	12	1.8963e-07	2.641949e-05	110726	2
OR8S1	12	2.7147e-07	0.00016095862	109708	17
OR9K2	12	2.1881e-07	0.00044102465999999995	111195	49
ORAI1	12	2.9479e-07	1.8170109999999998e-05	109118	1
ORMDL2	12	4.5607e-07	0.0	111888	0
OS9	12	1.7987e-06	0.00010585527	109974	11
OSBPL8	12	2.9520999999999997e-06	5.3694619999999994e-05	109104	5
OTOGL	12	6.726599999999999e-06	0.0017427075600000002	101482	176
OVCH1	12	2.5625e-06	0.00132017762	106939	141
OVCH1-AS1	12	5.1879e-07	0.0	106739	0
P2RX2	12	8.4697e-07	0.0008115919900000001	108051	87
P2RX4	12	9.2916e-07	0.00019554371	108443	21
P2RX7	12	1.9098e-06	0.00897966398	110401	991
PA2G4	12	1.1722e-06	8.793369999999999e-06	110404	0
PAH	12	1.6549e-06	0.0013371685699999998	112711	150
PAN2	12	3.4100999999999998e-06	9.691219000000001e-05	112211	10
PARP11	12	1.0617e-06	0.00025513499	110020	28
PARPBP	12	1.0993e-06	0.00025045009	108950	27
PAWR	12	7.1322e-07	1.922204e-05	102552	1
PCBP2	12	8.8367e-07	0.0	109845	0
PCED1B	12	0.0	0.0	109375	0
PDE1B	12	1.657e-06	5.3349830000000004e-05	110007	5
PDE3A	12	2.0726e-06	6.11683e-05	108354	6
PDE6H	12	1.4381e-07	0.00013203799999999999	112833	14
PDZRN4	12	2.5789999999999998e-06	9.415026e-05	107460	10
PEBP1	12	4.5741000000000007e-07	0.00018719717	109131	20
PEX5	12	2.029e-06	0.00013194396	111932	14
PFDN5	12	3.7455999999999993e-07	1.81965e-05	110573	2
PFKM	12	2.732e-06	0.00035508334999999997	112337	39
PGAM5	12	7.686399999999999e-07	3.556312e-05	99408	3
PHB2	12	1.4241e-06	7.086555e-05	105578	7
PHC1	12	2.0671e-06	1.14816e-05	105700	1
PHLDA1	12	6.1147e-07	0.0	100169	0
PIANP	12	9.1669e-07	4.202649e-05	90519	3
PIK3C2G	12	3.1543e-06	0.00365113916	103413	377
PIP4K2C	12	1.0834999999999999e-06	0.0001501064	110487	16
PITPNM2	12	2.8558e-06	0.00054650489	106435	58
PIWIL1	12	3.0310000000000003e-06	0.00025557682999999997	112000	28
PKP2	12	2.3265e-06	0.00027235439	111298	30
PLA2G1B	12	2.6549e-07	8.804129000000001e-05	113057	9
PLBD1	12	1.4894999999999999e-06	0.0005760105400000001	111947	64
PLBD2	12	1.5481999999999998e-06	0.00044035185	106474	46
PLCZ1	12	1.5740999999999999e-06	0.00046323560999999994	110350	51
PLEKHA5	12	4.291e-06	8.80949e-06	107119	0
PLEKHG6	12	3.297e-06	0.00036277309999999997	100674	36
PLEKHG7	12	1.3288999999999999e-06	0.00043616733	109480	47
PLXNC1	12	3.5216000000000003e-06	6.222423000000001e-05	108221	6
PMCH	12	2.152e-07	8.84658e-06	109061	0
PMEL	12	1.5308e-06	0.00062517159	111915	69
POC1B	12	1.4012e-06	0.00016565063000000002	107526	17
POC1B-GALNT4	12	1.258e-06	7.133795e-05	108996	7
POLE	12	6.324099999999999e-06	0.00043543782999999993	110870	48
POLR3B	12	4.2964999999999994e-06	0.0036485205700000005	112413	410
POP5	12	5.7933e-07	0.00012390073	112046	13
POU6F1	12	4.8838e-07	8.800489999999999e-06	109867	0
PPFIA2	12	4.3464e-06	0.0011893960699999998	104071	123
PPFIBP1	12	3.418e-06	0.00024371638	109546	26
PPHLN1	12	1.8638e-06	0.00014834845	106352	15
PPM1H	12	1.1521e-06	3.32608e-05	104534	3
PPP1CC	12	1.0406999999999998e-06	1.78669e-05	107097	1
PPP1R12A	12	3.3789e-06	0.00019576823	100883	19
PPP1R1A	12	3.9311e-07	0.0	108536	0
PPTC7	12	6.455e-07	1.7733e-05	109858	1
PRB1	12	5.1714e-07	8.902808000000001e-05	106723	9
PRB2	12	1.5717e-07	9.719205e-05	108415	10
PRB3	12	7.9268e-07	9.825962e-05	109503	10
PRB4	12	1.632e-07	0.18127843932999999	111641	20238
PRDM4	12	1.3382e-06	7.083404000000001e-05	111777	7
PRH1	12	2.8507e-07	0.00010574905000000001	110783	11
PRH2	12	1.7554000000000002e-07	2.63713e-05	110540	2
PRICKLE1	12	1.966e-06	1.76738e-05	112855	1
PRIM1	12	1.0435e-06	4.935018e-05	98720	4
PRKAB1	12	7.6304e-07	1.76094e-05	111053	1
PRKAG1	12	1.3927e-06	0.00012311725	108995	13
PRMT8	12	9.648100000000001e-07	9.30839e-06	108400	1
PRPF40B	12	2.6598000000000004e-06	1.759434e-05	109715	1
PRPH	12	1.0003e-06	0.00618922711	108925	674
PRR13	12	1.8072e-07	3.220495e-05	106161	3
PRR4	12	1.2869999999999998e-07	1.17503e-05	105983	1
PSMD9	12	4.6766000000000005e-07	4.739585e-05	106519	5
PTGES3	12	7.0059e-07	0.0	105911	0
PTHLH	12	7.7661e-07	8.79075e-06	103502	0
PTMS	12	3.6954999999999997e-07	2.406594e-05	108547	2
PTPN11	12	1.8397e-06	9.05928e-06	111472	1
PTPN6	12	2.0572999999999998e-06	8.88447e-06	107756	0
PTPRB	12	5.8091e-06	0.00011810456	108014	12
PTPRO	12	3.0583e-06	0.00012357496	111694	13
PTPRQ	12	4.4041e-06	0.00023040000000000002	60343	13
PTPRR	12	1.8758000000000001e-06	0.00010638868	109819	11
PUS1	12	6.568399999999999e-07	4.466128e-05	100276	4
PUS7L	12	1.1134e-06	0.00011041962999999999	109355	12
PWP1	12	1.6947e-06	0.00016743281000000004	111733	18
PXMP2	12	3.0491e-07	0.00053069367	108629	57
PXN	12	1.2572e-06	3.4062240000000003e-05	100061	3
PYROXD1	12	1.4031e-06	0.00024293787999999996	106693	25
PZP	12	4.136e-06	0.00800002885	112467	899
R3HDM2	12	2.5250999999999998e-06	8.8739e-06	101128	0
RAB21	12	7.634399999999999e-07	3.520085e-05	104544	3
RAB35	12	6.7324e-07	0.0	107563	0
RAB3IP	12	1.6386e-06	0.00015208261	109817	16
RAB5B	12	9.3444e-07	2.652522e-05	110730	2
RACGAP1	12	2.3306e-06	6.163092e-05	111642	6
RAD51AP1	12	6.7175e-07	3.5653190000000005e-05	107494	3
RAD52	12	1.3909e-06	0.01181349246	110952	1310
RAD9B	12	1.0675e-06	0.00011939508999999998	103193	12
RAN	12	6.639699999999999e-07	0.0	110178	0
RAP1B	12	5.783600000000001e-07	8.8185e-06	107462	0
RAPGEF3	12	3.4998000000000004e-06	0.00045618079000000003	106430	48
RARG	12	1.1607e-06	1.9694300000000002e-05	106254	2
RASAL1	12	2.0404e-06	0.00020597023999999997	108652	22
RASSF3	12	4.0573e-07	5.2772489999999996e-05	108251	5
RASSF8	12	1.3619999999999998e-06	2.599343e-05	107953	2
RASSF9	12	1.1861e-06	0.00035444625	107273	38
RBM19	12	2.6708999999999997e-06	0.00021259089	111600	23
RBMS2	12	1.4947999999999999e-06	9.706004000000001e-05	110820	10
RBP5	12	5.233200000000001e-07	0.00015950598	105136	16
RDH16	12	5.4286e-07	6.227712e-05	111318	6
RDH5	12	1.1155e-06	0.00021258779999999998	110012	23
RECQL	12	1.4876e-06	0.0003848044	108041	41
REP15	12	2.8613000000000003e-07	2.6420250000000002e-05	112091	2
RERG	12	9.1642e-07	7.921833000000001e-05	111024	8
RERGL	12	8.890399999999999e-07	0.00250136508	107983	270
RFC5	12	1.189e-06	8.796860999999998e-05	112262	9
RFX4	12	2.2636000000000002e-06	0.0	109375	0
RHEBL1	12	6.0726e-07	8.807549e-05	112740	9
RHNO1	12	4.8456e-07	0.00200549421	109027	218
RHOF	12	5.197800000000001e-07	6.235814e-05	106296	6
RIC8B	12	1.4041e-06	8.793060000000001e-06	110362	0
RILPL1	12	1.4738999999999998e-06	2.6550390000000002e-05	104323	2
RILPL2	12	4.7349e-07	4.62776e-05	101842	4
RIMBP2	12	2.0707e-06	0.00026172569	108062	28
RIMKLB	12	1.0063e-06	1.770649e-05	111339	1
RITA1	12	3.9814e-07	0.00103177984	106477	109
RND1	12	8.236e-07	8.7974e-06	108989	0
RNF10	12	2.0012e-06	0.00109808166	111301	122
RNF34	12	7.6059e-07	8.889839999999999e-06	108639	0
RNF41	12	8.1837e-07	8.79183e-06	112637	0
RNFT2	12	1.3525e-06	6.175165e-05	97942	6
RP1-127H14.3	12	2.6606e-07	0.0	113206	0
RP11-1105G2.3	12	1.2566e-08	0.0	108545	0
RP11-144F15.1	12	1.1975999999999998e-07	1.76106e-05	109632	1
RP11-162P23.2	12	6.7765e-07	0.00011472383	109887	12
RP11-302B13.5	12	4.7293999999999995e-07	1.800339e-05	109471	1
RP11-571M6.15	12	2.9106999999999997e-07	3.524281e-05	106201	3
RP11-603J24.9	12	3.1995999999999996e-07	0.0	111931	0
RP11-644F5.10	12	3.539e-07	9.13075e-06	110012	1
RP11-762I7.5	12	1.9704e-06	0.0	110880	0
RP11-793H13.10	12	1.4681e-06	1.767145e-05	108248	1
RP11-834C11.12	12	1.9788e-07	0.00012311724	108192	13
RP11-977G19.10	12	9.508299999999999e-07	7.9132e-05	111423	8
RP13-672B3.2	12	2.1798000000000002e-07	0.00053076144	106543	56
RPAP3	12	1.9453e-06	0.00011794313	107450	12
RPH3A	12	2.6835000000000002e-06	5.31257e-05	110761	5
RPL41	12	1.0752000000000001e-07	9.228839999999998e-06	107222	0
RPL6	12	9.919e-07	0.0	110512	0
RPLP0	12	7.654e-07	0.0	111138	0
RPS26	12	3.3723e-07	0.0	112844	0
RSRC2	12	1.8608e-06	0.0	108558	0
SARNP	12	7.725e-07	0.0	110389	0
SART3	12	3.2421e-06	7.940366e-05	112420	8
SBNO1	12	4.3266e-06	0.0	109675	0
SCAF11	12	3.3274e-06	3.565558e-05	110033	3
SCARB1	12	1.1772e-06	7.041786e-05	110666	7
SCN8A	12	4.5170999999999995e-06	9.229586999999999e-05	106747	9
SCNN1A	12	2.2177e-06	0.00013286281000000002	109612	14
SCYL2	12	2.1487e-06	7.131093e-05	109334	7
SDR9C7	12	5.9075e-07	3.522871e-05	111637	3
SDS	12	6.572800000000001e-07	7.18105e-05	108666	7
SDSL	12	5.1473e-07	0.00355040055	108185	384
SELPLG	12	1.0365e-07	1.78508e-05	112323	2
SENP1	12	2.4495e-06	2.6891409999999995e-05	106422	2
SETD1B	12	3.4319e-06	0.0	60546	0
SETD8	12	9.955500000000001e-07	8.988120000000001e-06	108383	0
SFSWAP	12	2.1953999999999998e-06	1.83826e-05	108250	1
SH2B3	12	1.1456e-06	5.286111999999999e-05	108512	5
SHMT2	12	1.8556999999999999e-06	0.00011476120000000001	108436	12
SIRT4	12	4.7448e-07	1.7592309999999998e-05	111996	1
SLC11A2	12	1.6274e-06	0.00011441826999999999	112293	12
SLC15A4	12	9.823700000000001e-07	0.00012321141	110527	13
SLC16A7	12	8.3126e-07	2.645224e-05	110641	2
SLC17A8	12	1.2918e-06	0.00014972013999999998	112974	16
SLC25A3	12	8.8164e-07	2.637595e-05	111346	2
SLC26A10	12	1.148e-06	0.00947046323	108333	1025
SLC2A13	12	1.4172e-06	8.83783e-06	105874	0
SLC2A14	12	9.128e-07	3.518908e-05	111803	3
SLC2A3	12	9.4346e-07	5.2970069999999994e-05	111152	5
SLC35E3	12	6.8939e-07	0.00026405524	109161	28
SLC38A1	12	1.2754e-06	2.675079e-05	109865	2
SLC38A2	12	1.0999e-06	8.82706e-06	108977	0
SLC38A4	12	1.5048e-06	8.83143e-06	110323	0
SLC39A5	12	1.3027e-06	0.00083809454	109279	91
SLC41A2	12	9.9958e-07	2.2117150000000002e-05	105836	2
SLC48A1	12	1.8906e-07	0.0	100752	0
SLC4A8	12	2.7311e-06	3.523776e-05	108656	3
SLC5A8	12	1.3343e-06	0.00012981237	108539	14
SLC6A12	12	1.4821000000000002e-06	6.156832e-05	110775	6
SLC6A13	12	1.4407e-06	0.00025925477999999997	109358	28
SLC6A15	12	1.5053e-06	6.467016e-05	107175	6
SLC8B1	12	1.5208000000000001e-06	0.00047774609000000005	110145	52
SLCO1A2	12	1.1962999999999999e-06	0.00013624771999999998	109201	14
SLCO1B1	12	1.4978999999999999e-06	0.0015803411300000002	110879	175
SLCO1B3	12	1.1968000000000001e-06	0.00037910252	107786	40
SLCO1B7	12	1.2288e-06	0.00076810224	104055	79
SLCO1C1	12	1.4953000000000001e-06	0.00021199366000000002	109075	23
SMAGP	12	1.4503e-07	8.84909e-06	109681	0
SMARCC2	12	3.5993e-06	1.767941e-05	108728	1
SMARCD1	12	1.7646e-06	1.76367e-05	109671	1
SMCO2	12	5.3912e-07	9.911079999999999e-05	60556	6
SMCO3	12	1.8320999999999998e-07	0.0	110701	0
SMUG1	12	9.7536e-07	0.00028720821	106250	30
SNRNP35	12	1.2267e-06	0.00018499294	106966	19
SNRPF	12	2.1943000000000003e-07	0.0	109475	0
SOAT2	12	1.9253e-06	0.0007826655	109978	86
SOCS2	12	3.7924e-07	0.0	96985	0
SOX5	12	2.1481e-06	8.82909e-06	111055	0
SP1	12	1.4384e-06	0.0	111252	0
SP7	12	5.3376e-07	8.89553e-06	108068	0
SPATS2	12	1.7214e-06	1.760768e-05	109809	1
SPIC	12	6.1792e-07	2.65243e-05	109912	2
SPPL3	12	7.065e-07	0.0	105146	0
SPRYD3	12	1.381e-06	2.6374250000000002e-05	110029	2
SPRYD4	12	3.032e-07	8.826439999999998e-06	112188	0
SPSB2	12	3.9531e-07	0.000191426	109049	20
SRGAP1	12	2.9302999999999997e-06	0.00020276313000000003	109835	22
SRRM4	12	2.0263999999999998e-06	4.559520000000001e-05	105289	4
SRSF9	12	7.5634e-07	2.05036e-05	104754	2
SSH1	12	2.327e-06	8.807346e-05	108820	9
SSPN	12	2.7813e-07	8.790130000000001e-06	109439	0
ST8SIA1	12	6.662300000000001e-07	1.784413e-05	109827	1
STAB2	12	8.3904e-06	0.0021279874399999996	111296	236
STAC3	12	1.2245999999999999e-06	0.00011544973	110530	12
STAT2	12	3.1027999999999998e-06	4.4001640000000005e-05	111459	4
STAT6	12	2.6098e-06	2.643368e-05	109087	2
STK38L	12	1.2596e-06	4.4145370000000004e-05	110079	4
STRAP	12	1.1089e-06	1.76094e-05	105866	1
STX2	12	1.1405e-06	7.156217e-05	111150	7
STYK1	12	1.1940000000000001e-06	0.0002469818	112612	27
SUDS3	12	1.1322e-06	3.552387e-05	102874	3
SUOX	12	8.7149e-07	9.674745999999999e-05	112943	10
SVOP	12	1.6366e-06	0.0	104366	0
SYCP3	12	7.6283e-07	9.778254999999999e-05	111228	10
SYT1	12	1.1058e-06	2.6771279999999998e-05	108095	2
SYT10	12	1.478e-06	0.00013206891000000002	110429	14
TAC3	12	4.3175e-07	8.79075e-06	112594	0
TAOK3	12	3.0218e-06	4.489437e-05	110082	4
TAPBPL	12	1.3175999999999999e-06	0.00015214752	107415	16
TARBP2	12	1.0982e-06	2.6388000000000002e-05	107444	2
TAS2R10	12	0.0	0.0	111486	0
TAS2R13	12	0.0	0.0	112286	0
TAS2R14	12	0.0	0.0	110251	0
TAS2R19	12	0.0	0.0	111744	0
TAS2R20	12	0.0	0.0	111650	0
TAS2R30	12	0.0	0.0	111883	0
TAS2R31	12	0.0	0.0	110285	0
TAS2R42	12	0.0	0.0	110984	0
TAS2R43	12	0.0	0.0	86322	0
TAS2R46	12	0.0	0.0	110459	0
TAS2R50	12	0.0	0.0	110187	0
TAS2R7	12	2.5391e-07	0.00027409843	112063	30
TAS2R8	12	0.0	0.0	112036	0
TAS2R9	12	0.0	0.0	111699	0
TBC1D15	12	2.1293e-06	2.791604e-05	109172	3
TBK1	12	2.4331e-06	0.00021941565	105771	23
TBX3	12	1.0945e-06	8.793369999999999e-06	99062	0
TBX5	12	1.0253e-06	0.0	111502	0
TCHP	12	2.4271e-06	0.0015155226399999999	106545	161
TCP11L2	12	1.2211e-06	0.00024100375	110334	26
TCTN1	12	1.4068e-06	0.00033565551	108805	36
TCTN2	12	1.922e-06	0.00018489738	111861	20
TDG	12	1.0573e-06	0.03184389292	106210	3382
TEAD4	12	9.559299999999998e-07	5.3421130000000005e-05	110753	5
TENC1	12	3.2436e-06	0.00020384301	109343	22
TESC	12	7.2866e-07	1.0283399999999999e-05	98041	1
TESPA1	12	1.3863999999999998e-06	0.00018643133999999997	107255	19
TFCP2	12	1.8574e-06	7.079710999999999e-05	109141	7
THAP2	12	6.1631e-07	7.996121e-05	110650	8
TIMELESS	12	5.01e-06	0.00047939873	112407	53
TM7SF3	12	1.5622e-06	8.848195e-05	109026	9
TMBIM4	12	4.4148e-07	2.8514899999999997e-05	105711	3
TMBIM6	12	7.781999999999999e-07	0.00015827805	111634	17
TMCC3	12	1.0526e-06	5.303221e-05	110660	5
TMED2	12	3.0308000000000004e-07	0.0	104816	0
TMEM106C	12	9.0016e-07	0.00036064079	111716	40
TMEM116	12	9.5905e-07	0.00010246804	108999	11
TMEM117	12	1.4637999999999999e-06	8.859731e-05	109955	9
TMEM119	12	1.3359000000000002e-07	0.0	106946	0
TMEM120B	12	1.0754000000000001e-06	3.555502e-05	108839	3
TMEM132B	12	2.3157e-06	3.562634e-05	111342	3
TMEM132C	12	1.7054e-06	3.3184e-05	66554	2
TMEM132D	12	1.7234e-06	0.00015875749	110298	17
TMEM19	12	6.9101e-07	0.00034741537000000005	109681	38
TMEM194A	12	1.5716e-06	1.795145e-05	109097	1
TMEM233	12	1.9690000000000002e-07	0.0	59632	0
TMEM5	12	1.1026e-06	0.00010069576	107274	10
TMEM52B	12	2.8067e-07	2.639002e-05	113090	2
TMPO	12	9.9846e-07	8.822189e-05	110358	9
TMPRSS12	12	5.2838e-07	0.00066273318	100052	66
TMTC1	12	2.2073e-06	0.00015889595	111065	17
TMTC2	12	1.7808000000000002e-06	7.006739e-05	110394	7
TMTC3	12	2.24e-06	0.00015944837	107441	17
TNFRSF1A	12	9.517700000000001e-07	8.889680000000001e-06	101018	0
TPCN1	12	2.703e-06	7.31635e-05	110051	8
TPH2	12	1.5791e-06	8.813110000000001e-05	112374	9
TPI1	12	7.1639e-07	3.6196190000000004e-05	109333	3
TRAFD1	12	1.5221e-06	9.677584999999999e-05	112433	10
TRHDE	12	2.7515e-06	0.00010040796999999999	107009	10
TRIAP1	12	1.5039e-07	8.967e-06	111381	0
TROAP	12	2.2033e-06	8.823239999999999e-05	109310	9
TRPV4	12	2.1304e-06	0.00040775027	111065	45
TSFM	12	7.256699999999999e-07	0.00056978364	107054	60
TSPAN11	12	6.847199999999999e-07	0.00019395533	111009	21
TSPAN19	12	5.3641e-07	0.00025508417999999997	95128	24
TSPAN31	12	5.6909e-07	3.518928e-05	110548	3
TSPAN8	12	6.9565e-07	0.00018535068999999999	110183	20
TSPAN9	12	5.142e-07	0.0	106707	0
TUBA1A	12	8.322200000000001e-07	8.79121e-06	113507	0
TUBA1B	12	8.3053e-07	0.0	110394	0
TUBA1C	12	8.333499999999999e-07	1.758087e-05	111941	1
TULP3	12	1.3556e-06	0.00058692654	107717	63
TWF1	12	1.0513e-06	2.666505e-05	107732	2
TXNRD1	12	1.5211000000000001e-06	0.00025402339	106788	27
UBC	12	6.421500000000001e-07	7.5753e-05	111368	8
UBE2N	12	2.9374000000000003e-07	0.0	107820	0
UBE3B	12	3.5164e-06	0.00021390146000000002	109179	23
UHRF1BP1L	12	2.9864e-06	0.00013098436	107363	14
ULK1	12	2.4802e-06	9.069675e-05	104904	9
UNC119B	12	5.6327e-07	3.51753e-05	110667	3
UNG	12	7.4351e-07	1.808675e-05	108333	1
USP15	12	3.1610000000000003e-06	5.380888000000001e-05	105595	5
USP30	12	1.4840000000000001e-06	0.00011799277	111448	13
USP44	12	2.0369999999999997e-06	0.00028245403999999997	111848	31
USP5	12	2.3587999999999998e-06	1.761096e-05	109851	1
UTP20	12	6.9123e-06	0.00025894465	110335	28
VAMP1	12	5.759799999999999e-07	2.641178e-05	105587	2
VDR	12	1.1648999999999998e-06	5.321431e-05	110425	5
VEZT	12	1.763e-06	6.418807e-05	103989	6
VPS29	12	4.5925e-07	9.02462e-06	107403	0
VPS33A	12	1.8474e-06	3.5274140000000004e-05	108107	3
VPS37B	12	5.851699999999999e-07	1.764938e-05	106889	1
VSIG10	12	1.2368000000000002e-06	7.168319e-05	109421	7
VWF	12	6.9534e-06	0.00052083779	111752	58
WBP11	12	2.2551e-06	0.0	108246	0
WDR66	12	2.6801e-06	0.00233610896	110008	256
WIBG	12	5.650899999999999e-07	8.837360000000002e-06	111529	0
WIF1	12	1.3123e-06	8.90322e-05	108899	9
WNK1	12	6.3952e-06	8.79136e-06	111382	0
WNT1	12	5.637699999999999e-07	0.0	99754	0
WNT10B	12	1.1498e-06	0.00013239057	110098	14
WNT5B	12	8.2008e-07	1.0157599999999999e-05	107777	1
WSB2	12	1.0786e-06	8.80235e-06	112356	0
WSCD2	12	1.4759000000000001e-06	8.86258e-06	109628	0
XPOT	12	2.8183999999999996e-06	4.475269e-05	110482	4
XRCC6BP1	12	6.9171e-07	5.3440030000000005e-05	109892	5
YAF2	12	4.7236000000000003e-07	0.0	98936	0
YARS2	12	1.2608e-06	0.00020283375	110982	22
YBX3	12	1.0328e-06	8.862437e-05	111612	9
YEATS4	12	5.064e-07	6.387887e-05	105541	6
ZBTB39	12	1.116e-06	7.036374e-05	112784	7
ZC3H10	12	9.771700000000002e-07	1.760706e-05	107591	1
ZCCHC8	12	1.6938e-06	2.7779829999999997e-05	101189	2
ZCRB1	12	7.1547e-07	3.53167e-05	109216	3
ZDHHC17	12	1.7025e-06	0.0	99992	0
ZFC3H1	12	5.7847e-06	0.00011933902	108460	12
ZNF10	12	8.894400000000001e-07	4.477890999999999e-05	109573	4
ZNF140	12	5.2722e-07	4.4001709999999997e-05	110288	4
ZNF268	12	1.7202e-06	0.0020761201899999995	87861	182
ZNF384	12	1.2763e-06	0.0	109907	0
ZNF385A	12	1.1736e-06	2.7742080000000002e-05	104981	2
ZNF605	12	2.0855999999999998e-07	0.0	107424	0
ZNF641	12	1.2994999999999998e-06	1.7588440000000002e-05	109931	1
ZNF664	12	2.9872e-07	0.00010621211000000001	111585	11
ZNF705A	12	2.4197e-07	2.87654e-05	103587	2
ZNF740	12	6.1377e-07	1.77217e-05	109791	1
ZNF891	12	7.1583e-07	0.0	80737	0
