SYMBOL	chromosome	mu_lof	AF_nfe	AN_nfe	NFE_k
ABCC4	13	3.5537e-06	0.0001413597	110418	15
ABHD13	13	6.544700000000001e-07	0.0	109097	0
ADPRHL1	13	9.524700000000001e-07	0.00027755182	108393	30
AKAP11	13	3.2458999999999997e-06	8.822782e-05	111426	9
AL359736.1	13	1.4946e-08	0.0	106708	0
AL445989.1	13	0.0	0.0	107094	0
ALG11	13	6.9083e-07	7.921028e-05	112912	8
ALG5	13	1.4479e-06	2.8355170000000004e-05	104885	2
ALOX5AP	13	3.4283e-07	8.79353e-06	112656	0
AMER2	13	6.2496e-07	9.017949999999999e-06	103689	0
ANKRD10	13	6.959899999999999e-07	8.79662e-06	106517	0
ARGLU1	13	1.5352000000000001e-06	8.84533e-06	105003	0
ARHGEF7	13	1.8393000000000001e-06	8.7926e-06	105936	0
ARL11	13	1.1290999999999998e-07	1.761355e-05	109692	1
ATP11A	13	3.589e-06	0.0003153807	111167	35
ATP12A	13	2.2934e-06	0.00041671546	112201	46
ATP4B	13	6.360499999999999e-07	7.110748e-05	105103	7
ATP5EP2	13	3.2122e-08	0.0	99076	0
ATP7B	13	2.3079e-06	0.00057538426	112037	64
ATP8A2	13	3.6958999999999996e-06	0.00019564888	110026	21
B3GALTL	13	1.2526999999999999e-06	0.00126491593	112077	141
BIVM	13	1.3263e-06	0.00016819621	109751	18
BIVM-ERCC5	13	3.5068e-06	0.00028354086	111457	31
BORA	13	1.0955e-06	0.00017727200000000002	109226	19
BRCA2	13	5.3897e-06	0.00036275372000000005	110370	40
C13orf35	13	2.7701e-07	2.6616e-05	108453	2
C13orf45	13	2.5989000000000003e-07	0.0	98040	0
C1QTNF9	13	8.462200000000002e-07	8.895916e-05	108166	9
C1QTNF9B	13	8.931700000000001e-07	0.00029344017999999994	109543	32
CAB39L	13	7.2347e-07	0.00013430636	109899	14
CARKD	13	6.267899999999999e-07	3.524563e-05	107398	3
CARS2	13	1.3015000000000002e-06	4.412642e-05	105989	4
CCDC122	13	8.3037e-07	0.00020684978999999999	105924	21
CCDC168	13	1.7447e-06	3.33566e-05	60585	2
CCDC169	13	7.5352e-07	9.95544e-05	60366	6
CCDC169-SOHLH2	13	1.2576e-06	4.316439e-05	97622	4
CCDC70	13	2.4e-07	0.00016731694	110612	18
CCNA1	13	1.4765e-06	5.2907709999999996e-05	110719	5
CDADC1	13	1.1698e-06	0.00017086226000000002	106463	18
CDC16	13	1.8752e-06	5.285615e-05	109436	5
CDK8	13	1.8187999999999998e-06	2.659026e-05	106920	2
CDX2	13	4.6200000000000003e-07	0.0	103111	0
CENPJ	13	3.607e-06	0.00078509913	112901	88
CHAMP1	13	1.1811e-06	8.79585e-06	112697	0
CKAP2	13	1.4817e-06	0.00014184733	109764	15
CLDN10	13	4.0607e-07	2.6470429999999995e-05	111109	2
CLN5	13	9.0871e-07	0.00018949766	106027	20
CLYBL	13	1.0226e-06	0.02671441911	108819	2907
COG3	13	2.3025e-06	8.843610000000002e-06	106565	0
COG6	13	1.9480000000000002e-06	0.00023843901000000003	109175	26
COL4A1	13	4.7325e-06	0.00012318221	111595	13
COL4A2	13	4.4957e-06	0.00035906742999999993	107504	38
COMMD6	13	2.6897e-07	0.0	105904	0
CPB2	13	1.4359e-06	0.00014088193	112379	15
CRYL1	13	9.5835e-07	0.00027468435000000004	110400	30
CSNK1A1L	13	6.2911e-07	4.3949099999999996e-05	113484	4
CUL4A	13	1.6851e-06	0.0	108742	0
CYSLTR2	13	2.6136999999999996e-07	2.6490659999999998e-05	110689	2
DACH1	13	1.0342e-06	0.0	105293	0
DAOA	13	2.7415e-07	2.6671640000000003e-05	108504	2
DCLK1	13	2.3643e-06	2.6421e-05	107566	2
DCT	13	1.6296e-06	0.00041459104	109425	45
DCUN1D2	13	5.410899999999999e-07	6.17925e-05	111351	6
DGKH	13	4.1015e-06	0.00017939233	108601	19
DHRS12	13	9.424500000000001e-07	0.00010562611999999999	106320	11
DIAPH3	13	2.9604e-06	0.00030441331	109309	33
DIS3	13	2.8167e-06	0.00058570764	108304	63
DLEU7	13	1.0982000000000001e-07	0.000123893	95973	11
DNAJC15	13	4.8863e-07	0.00024929164	107036	26
DNAJC3	13	1.6704e-06	4.492756e-05	107297	4
DOCK9	13	5.5576e-06	6.244811e-05	104105	6
DZIP1	13	2.259e-06	0.00026479795	109137	28
EBPL	13	3.7514e-07	1.758551e-05	112697	1
EDNRB	13	1.1863e-06	9.237083e-05	107628	9
EFNB2	13	5.6477e-07	0.0	111158	0
ELF1	13	1.2303e-06	3.5404140000000005e-05	110897	3
ENOX1	13	2.0225e-06	9.725894000000001e-05	111264	10
EPSTI1	13	1.1351000000000002e-06	0.00054145371	110398	59
ERCC5	13	2.434e-06	0.00013294165	111923	14
ESD	13	8.7726e-07	0.00012502471	110170	13
EXOSC8	13	8.0248e-07	0.00024753766	106150	26
F10	13	9.4199e-07	7.995187e-05	111775	8
F7	13	1.051e-06	4.16183e-05	105927	4
FAM124A	13	8.7525e-07	0.00012091906999999999	106071	12
FAM155A	13	8.7542e-07	8.83221e-06	109387	0
FAM194B	13	1.6204e-06	0.0003629711	60929	22
FAM216B	13	3.2840000000000006e-07	0.00014162128999999998	109175	15
FARP1	13	2.7738e-06	0.00011784183999999999	110485	13
FBXL3	13	9.1898e-07	1.0703699999999999e-05	107873	1
FGF14	13	5.960800000000001e-07	8.80173e-06	110951	0
FGF9	13	5.4518e-07	0.0	112381	0
FLT1	13	3.5087999999999998e-06	3.52368e-05	111179	3
FLT3	13	2.4979e-06	7.097702e-05	111782	7
FNDC3A	13	3.3699e-06	4.436565e-05	109813	4
FOXO1	13	9.8771e-07	0.0	109051	0
FREM2	13	6.0263e-06	0.00037961665999999996	112055	42
FRY	13	9.1467e-06	0.00016859288	111818	18
GAS6	13	1.6349e-06	4.441416e-05	107502	4
GGACT	13	1.2515e-07	0.0	113295	0
GJA3	13	3.0136e-07	7.462967e-05	99075	7
GJB2	13	2.8149999999999997e-07	0.00029168529999999996	112910	32
GJB6	13	6.673e-07	7.03775e-05	113409	7
GPALPP1	13	7.611100000000001e-07	0.00011654795	108562	12
GPC5	13	1.2582999999999999e-06	8.992091999999999e-05	108455	9
GPC6	13	1.1594e-06	1.768536e-05	111386	1
GPR12	13	5.5582e-07	0.0	111480	0
GPR18	13	7.223899999999999e-07	3.540272e-05	112032	3
GPR180	13	9.3196e-07	0.00015034772	110764	16
GPR183	13	4.5943999999999994e-07	0.0	111366	0
GRK1	13	1.1115e-06	0.0	106259	0
GRTP1	13	6.9417e-07	0.00010945561000000002	109064	11
GSX1	13	2.9679e-07	9.09868e-06	101062	0
GTF2F2	13	1.107e-06	2.658736e-05	105821	2
GTF3A	13	7.2977e-07	8.921883e-05	108883	9
HMGB1	13	5.440100000000001e-07	2.0426099999999997e-05	101446	2
HNRNPA1L2	13	6.407099999999999e-08	8.84001e-06	109408	0
HS6ST3	13	5.947899999999999e-07	0.0	103179	0
HSPH1	13	2.4422e-06	4.5511570000000004e-05	108866	4
HTR2A	13	7.0747e-07	2.642557e-05	112039	2
IFT88	13	2.4507e-06	0.00030474603	106286	32
IL17D	13	1.1710999999999998e-07	9.37699e-06	101961	0
ING1	13	8.04e-07	0.0001782427	97802	17
INTS6	13	2.5375e-06	0.0	108159	0
IPO5	13	3.1241000000000003e-06	0.0002338281	109498	25
IRS2	13	1.3616e-06	1.895168e-05	93603	1
ITGBL1	13	1.2837999999999999e-06	8.193072e-05	109781	8
ITM2B	13	5.594600000000001e-07	2.6491679999999998e-05	108936	2
KATNAL1	13	1.3211000000000001e-06	8.820210000000001e-06	108475	0
KBTBD6	13	1.207e-06	8.80375e-06	113160	0
KBTBD7	13	1.2778e-06	9.693424000000001e-05	113114	10
KCNRG	13	4.1403e-07	9.715876e-05	111427	10
KCTD12	13	3.2873000000000006e-07	7.30506e-05	101518	7
KCTD4	13	6.1285e-07	3.53223e-05	111526	3
KDELC1	13	1.3515e-06	0.00013240556	111129	14
KIAA0226L	13	1.4447e-06	0.00040826987999999996	104771	42
KL	13	1.8146000000000002e-06	9.690629999999999e-05	110412	10
KLF12	13	7.599600000000001e-07	8.82753e-06	111351	0
KLF5	13	7.6651e-07	8.78966e-06	112101	0
KLHL1	13	1.6636e-06	0.00010691676000000002	108412	11
KPNA3	13	1.521e-06	1.9010870000000003e-05	106364	2
LACC1	13	8.242e-07	6.208271e-05	111027	6
LAMP1	13	7.410500000000001e-07	0.0	110229	0
LATS2	13	1.7763999999999998e-06	1.836497e-05	106678	1
LCP1	13	1.6972999999999998e-06	2.638491e-05	112232	2
LECT1	13	6.2609e-07	0.00043313255	107398	46
LHFP	13	3.351e-07	0.0	109644	0
LIG4	13	1.4384999999999999e-06	0.00024660427000000005	113239	27
LMO7	13	4.087e-06	0.00030789181	109439	33
LNX2	13	2.0436000000000002e-06	7.470541e-05	109473	8
LPAR6	13	4.4243e-07	4.448778e-05	112137	4
LRCH1	13	2.2659e-06	2.641994e-05	109105	2
LRRC63	13	9.6504e-07	0.0	112290	0
LSP1	13	0.0	6.366639e-05	106246	6
LSP1	13	0.0	0.0	106400	0
MAB21L1	13	5.4733e-07	8.878e-06	113239	1
MBNL2	13	7.7463e-07	2.6862550000000003e-05	110104	2
MCF2L	13	3.3126999999999996e-06	0.0001480082	105517	15
MED4	13	7.278499999999999e-07	7.924262e-05	108056	8
MEDAG	13	7.1002e-07	0.00034152472999999996	106198	36
METTL21C	13	4.930399999999999e-07	9.691408e-05	110986	10
MICU2	13	1.4023e-06	0.0054075951899999995	105777	571
MIPEP	13	1.9716e-06	0.00026688832000000003	108250	28
MLNR	13	3.4843000000000006e-07	2.51386e-05	96528	2
MPHOSPH8	13	1.9105e-06	7.24809e-05	106784	7
MRP63	13	8.1204e-08	0.0	104390	0
MRPS31	13	1.1287999999999999e-06	5.392286e-05	106357	5
MTIF3	13	8.030800000000001e-07	0.00014067464	110449	15
MTMR6	13	1.8522e-06	0.00011494963	109591	12
MTRF1	13	1.8553999999999998e-06	0.00044972319	111042	49
MTUS2	13	2.3307e-06	6.254751999999999e-05	106348	6
MYCBP2	13	1.3038e-05	0.00012590652	109593	13
MYO16	13	4.8500999999999995e-06	0.00010793635	108117	11
MZT1	13	1.3026e-07	9.04732e-06	102054	0
N4BP2L1	13	6.1697e-07	1.2421099999999999e-05	107129	1
N4BP2L2	13	1.3628000000000001e-06	0.00015768322	108301	17
N6AMT2	13	4.1591e-07	6.337784e-05	111694	7
NAA16	13	2.4397e-06	0.00023189647999999997	107158	24
NALCN	13	5.3823e-06	0.00026619041	109615	29
NBEA	13	7.7755e-06	1.834745e-05	103805	1
NDFIP2	13	6.3686e-07	9.55347e-06	105909	1
NEK3	13	1.5191999999999998e-06	0.00013294628999999998	101871	13
NEK5	13	2.234e-06	0.00055078783	109529	60
NHLRC3	13	8.9679e-07	6.167307e-05	111059	6
NUDT15	13	3.1361999999999997e-07	1.875426e-05	98838	1
NUFIP1	13	1.1487000000000001e-06	7.105082e-05	109392	7
NUPL1	13	1.3717e-06	7.992791999999999e-05	105889	8
OLFM4	13	8.5286e-07	0.01503536845	111577	1677
OXGR1	13	5.035199999999999e-07	2.6472199999999997e-05	111414	2
PABPC3	13	1.3540999999999999e-06	0.00020218734	113146	22
PAN3	13	2.4323e-06	1.79299e-05	109608	1
PARP4	13	4.1259e-06	0.0009221902	110651	102
PCCA	13	2.2538e-06	0.00037833434	112379	42
PCDH17	13	1.3635e-06	6.178635999999999e-05	111504	6
PCDH20	13	1.3076e-06	6.170536999999999e-05	111618	6
PCDH8	13	9.771e-07	3.53286e-05	98744	3
PCDH9	13	1.7838999999999998e-06	3.568385e-05	112428	4
PCID2	13	1.6197e-06	0.00026463894	110407	29
PDS5B	13	4.4564e-06	0.00046543314000000005	106510	49
PDX1	13	3.7124000000000003e-07	0.00011690806	100015	11
PHF11	13	7.470900000000001e-07	8.07165e-05	109887	8
PIBF1	13	3.131e-06	0.00028114807999999995	105794	29
POLR1D	13	2.6248e-07	0.0	104008	0
POMP	13	3.2625e-07	0.0	106870	0
POSTN	13	2.1877000000000002e-06	0.00019645317	109533	21
POU4F1	13	3.0476e-07	0.0	103538	0
PROSER1	13	1.5653e-06	1.853547e-05	110308	2
PROZ	13	9.6496e-07	0.0001708905	107654	18
PSPC1	13	1.3271000000000002e-06	8.90044e-06	105083	0
RAB20	13	2.3061e-07	3.744177e-05	106740	3
RAP2A	13	2.6628e-07	0.0	109972	0
RASA3	13	2.2841e-06	0.0001413422	109930	15
RASL11A	13	4.8394e-07	5.285397e-05	109467	5
RB1	13	3.7792e-06	2.7921540000000003e-05	110838	3
RBM26	13	3.6006e-06	1.764127e-05	107270	1
RCBTB1	13	1.3713e-06	0.00014785263999999998	109750	16
RCBTB2	13	1.3275e-06	0.00011494608	111330	12
RFC3	13	9.795100000000002e-07	0.00021615541	109820	23
RFXAP	13	3.9689999999999996e-07	0.0	105573	0
RGCC	13	2.4691e-07	2.8978000000000003e-05	103292	2
RNASEH2B	13	7.7559e-07	0.00010603556999999998	109506	11
RNF113B	13	4.1193999999999997e-07	1.75803e-05	110502	1
RNF17	13	4.2007e-06	0.0008573874099999999	109422	93
RNF219	13	1.4443999999999999e-06	0.00016777545	110996	18
RNF6	13	2.4425e-06	7.962773e-05	112652	8
RP11-408E5.4	13	3.6519e-08	0.0	108397	0
RPL21	13	6.9095e-07	9.074739999999999e-06	108958	0
RXFP2	13	2.0556e-06	0.00043229071	111971	48
SACS	13	8.6176e-06	0.00043327732000000006	112536	48
SAP18	13	4.289899999999999e-07	8.537884e-05	105484	9
SCEL	13	2.3351e-06	0.00035544876	108986	38
SERP2	13	1.5169e-07	0.0	104976	0
SERPINE3	13	8.656299999999999e-07	1.7700829999999997e-05	103003	1
SERTM1	13	7.7687e-08	0.0	111995	0
SETDB2	13	2.2531e-06	8.871681000000001e-05	107883	9
SGCG	13	7.032899999999999e-07	5.279062e-05	110978	5
SHISA2	13	4.3476999999999997e-07	8.81663e-06	108789	0
SIAH3	13	2.7444e-07	3.603178e-05	110352	3
SKA3	13	8.414299999999999e-07	0.00018573688999999998	106244	19
SLAIN1	13	1.0536e-06	1.763653e-05	110534	1
SLC10A2	13	6.1501e-07	0.00062530323	112734	70
SLC15A1	13	2.0259e-06	0.00023778202000000002	110353	26
SLC25A15	13	7.241e-07	5.274181e-05	113140	5
SLC25A30	13	1.0597e-06	0.00011458553999999999	111204	12
SLC46A3	13	1.1759e-06	0.0009543182899999999	111125	106
SLC7A1	13	1.0054000000000001e-06	8.8022e-06	110543	0
SLITRK1	13	1.0837e-06	0.0	113432	0
SLITRK5	13	1.2334000000000001e-06	1.818931e-05	112487	2
SLITRK6	13	1.4194e-06	0.0001066978	111208	11
SMAD9	13	1.0325e-06	0.00026088832	110362	28
SOHLH2	13	1.2576e-06	4.316439e-05	97622	4
SOX1	13	1.3174000000000001e-07	0.0	105783	0
SOX21	13	1.7464000000000003e-07	0.0	107244	0
SPACA7	13	6.056300000000001e-07	0.00026456742	109573	28
SPATA13	13	2.3484e-06	8.089801e-05	97006	7
SPERT	13	7.0212e-07	0.04893460444	109269	5347
SPG20	13	1.3235e-06	9.682046999999999e-05	110949	10
SPRY2	13	7.1997e-07	0.0	111056	0
SPRYD7	13	6.2801e-07	7.157553e-05	107518	7
STARD13	13	2.6043e-06	0.00016587366999999998	111231	18
STK24	13	1.3169999999999998e-06	1.767129e-05	109611	1
STOML3	13	9.421200000000001e-07	0.0017084801199999998	111865	191
SUCLA2	13	1.3415e-06	9.70166e-05	110790	10
SUGT1	13	9.7619e-07	2.70065e-05	107365	2
SUPT20H	13	2.3566e-06	0.00023269548	108632	25
TBC1D4	13	3.4088e-06	0.00032006012	110940	35
TDRD3	13	2.3241e-06	0.0001094242	110059	12
TEX26	13	7.454399999999999e-07	0.37580052335999997	109214	41042
TEX29	13	4.4268e-07	9.740565999999999e-05	109817	10
TEX30	13	3.7354e-07	5.2821140000000004e-05	108688	5
TFDP1	13	8.4008e-07	0.0	108285	0
TGDS	13	8.923100000000001e-07	7.997644e-05	106829	8
THSD1	13	1.5709999999999999e-06	0.00010834226999999999	111965	12
TM9SF2	13	1.8415e-06	0.0	109834	0
TMCO3	13	1.5802000000000001e-06	0.0002206557	109671	24
TMEM255B	13	6.003e-07	0.00019573367	106746	20
TMTC4	13	1.6573e-06	4.427201e-05	111592	4
TNFRSF19	13	6.1415e-07	3.667572e-05	110088	4
TNFSF11	13	6.5611e-07	1.760269e-05	109705	1
TNFSF13B	13	5.8106e-07	0.0	107493	0
TPP2	13	3.225e-06	7.151903e-05	107870	7
TPT1	13	4.930399999999999e-07	0.0	103495	0
TPTE2	13	2.0513e-06	0.0039179893799999995	108654	425
TRIM13	13	4.988600000000001e-07	1.90071e-05	111186	2
TRPC4	13	2.6091e-06	4.433366e-05	109234	4
TSC22D1	13	1.4201e-06	3.532164e-05	110827	3
TUBA3C	13	6.727299999999999e-07	0.00010579290000000002	110553	11
TUBGCP3	13	3.4793e-06	0.00010597388999999999	108263	11
UBAC2	13	9.8401e-07	1.76426e-05	110877	1
UBL3	13	5.6741e-07	8.83908e-06	109578	0
UCHL3	13	8.517299999999999e-07	0.00011580165	106285	12
UFM1	13	2.5653000000000003e-07	3.8263600000000004e-05	108871	4
UGGT2	13	3.7575e-06	0.0030126298699999997	106677	321
UPF3A	13	1.0737e-06	0.0002010475	105561	21
URAD	13	1.1282e-07	3.6399499999999996e-05	97269	3
USP12	13	9.6292e-07	0.0	107217	0
USPL1	13	1.9058e-06	4.533915e-05	110600	5
UTP14C	13	1.1809e-06	0.00010561799999999999	112904	11
VPS36	13	1.5484999999999999e-06	4.499933e-05	109183	4
VWA8	13	6.158200000000001e-06	0.0013402466800000001	110547	148
WASF3	13	8.9746e-07	2.6826540000000004e-05	109619	2
WBP4	13	9.535899999999999e-07	0.00010841469999999999	108805	11
WDFY2	13	1.1243e-06	9.849477e-05	110244	10
XPO4	13	3.5468e-06	4.0701979999999996e-05	107967	4
ZAR1L	13	6.903699999999999e-07	1.6336700000000002e-05	88438	1
ZC3H13	13	9.3273e-06	6.366786e-05	109890	6
ZDHHC20	13	9.8408e-07	5.810473000000001e-05	98019	5
ZIC2	13	4.870000000000001e-07	0.0	105291	0
ZIC5	13	4.5152999999999997e-07	0.0	100935	0
ZMYM2	13	3.9535e-06	0.00014201159	104941	14
ZMYM5	13	7.846e-07	0.00258258831	110103	284
