SYMBOL	chromosome	mu_lof	AF_nfe	AN_nfe	NFE_k
ABCD4	14	2.0306e-06	0.00018552001	111278	20
ABHD12B	14	8.0002e-07	0.01274042626	111156	1416
ABHD4	14	1.4777e-06	0.00011715803999999998	108677	12
AC007956.1	14	1.4252e-07	2.71218e-05	107456	2
AC008372.1	14	4.374399999999999e-09	0.0	113582	0
ACIN1	14	4.6584e-06	4.409097e-05	109447	4
ACOT1	14	3.5296999999999996e-07	1.94537e-05	93736	1
ACOT2	14	5.0207e-07	6.453285e-05	104115	6
ACOT4	14	5.5454e-07	0.00014955617000000001	106141	15
ACOT6	14	2.1965999999999997e-07	2.924547e-05	109062	3
ACTN1	14	3.0925e-06	2.6725300000000003e-05	109818	2
ACTR10	14	1.2387e-06	0.00011228424999999999	104909	11
ACYP1	14	1.7208e-07	8.793060000000001e-06	112652	0
ADAM20	14	0.0	0.0	112430	0
ADAM21	14	8.0705e-07	0.00015990411000000001	112729	18
ADCK1	14	1.4277000000000001e-06	0.00020327735	111539	22
ADCY4	14	2.7569e-06	0.00096130795	107884	103
ADSSL1	14	1.45e-06	0.00039734095	108781	43
AE000662.92	14	1.429e-07	0.0	104670	0
AHNAK2	14	7.009100000000001e-07	5.5223269999999995e-05	108664	6
AHSA1	14	9.9745e-07	0.0	109690	0
AJUBA	14	1.1502e-06	4.863184e-05	108649	5
AK7	14	2.5404e-06	0.00018107637999999998	110717	20
AKAP5	14	5.083800000000001e-07	1.764237e-05	111523	1
AKAP6	14	4.9162000000000005e-06	7.974936e-05	112044	8
AKT1	14	1.4969e-06	1.765285e-05	110249	1
AL049829.1	14	8.495900000000001e-08	0.0	109630	0
AL049840.1	14	0.0	0.0	102049	0
AL133373.1	14	0.0	0.0	94638	0
AL135998.1	14	1.3032999999999998e-08	0.0	111112	0
AL139099.1	14	0.0	0.0	106504	0
AL163636.6	14	4.9125e-08	9.97685e-06	112486	1
AL391152.1	14	0.0	0.0	105874	0
AL627171.1	14	2.5383e-08	0.0	110733	0
AL627171.2	14	0.0	0.0	107592	0
ALDH6A1	14	1.845e-06	0.00013257594	108923	14
ALKBH1	14	1.0088e-06	0.00022931176	111002	25
AMN	14	8.287999999999999e-07	9.295669e-05	97478	9
ANG	14	2.7559e-09	0.0	113487	0
ANGEL1	14	2.1159e-06	0.0013026655099999999	111503	145
ANKRD9	14	1.7046e-07	0.0	81682	0
AP1G2	14	2.6327e-06	0.0019053974600000002	109983	209
AP4S1	14	6.172399999999999e-07	0.00019354694	110338	21
AP5M1	14	1.2484e-06	7.371559e-05	109030	8
APEX1	14	9.0791e-07	8.812401e-05	111297	9
APOPT1	14	5.0898e-07	0.00014085713	110245	15
AREL1	14	2.6445e-06	0.00015924158	110534	17
ARF6	14	1.7863e-07	0.0	110050	0
ARG2	14	1.0911e-06	6.191130999999999e-05	111227	6
ARHGAP5	14	2.5098e-06	0.0	111441	0
ARHGEF40	14	5.2211e-06	0.00014785647	104188	15
ARID4A	14	3.6008e-06	0.0059706972499999995	108807	649
ASB2	14	1.599e-06	0.00036584063999999997	108652	39
ASPG	14	1.4430000000000002e-06	0.00092904729	100235	93
ATG14	14	1.7833000000000001e-06	5.388993e-05	105145	5
ATG2B	14	5.7954e-06	0.00014373458	109513	15
ATL1	14	1.7719e-06	8.80607e-06	110877	0
ATP5S	14	5.1575e-07	1.771683e-05	109210	1
ATP6V1D	14	1.1564e-06	8.811279e-05	110822	9
ATXN3	14	1.3988999999999999e-06	0.00275109815	107128	294
BAG5	14	8.3626e-07	7.925537e-05	110534	8
BATF	14	3.5549e-07	0.0	108072	0
BAZ1A	14	4.8614e-06	6.229064e-05	109026	6
BCL11B	14	1.1018e-06	0.0	99929	0
BCL2L2	14	2.4656999999999996e-07	3.5979600000000004e-05	96665	3
BCL2L2-PABPN1	14	9.9416e-07	5.355985e-05	105084	5
BDKRB1	14	5.8378e-07	0.0032965743800000002	112139	369
BDKRB2	14	4.071e-07	4.0483059999999996e-05	103317	4
BEGAIN	14	1.0211e-06	9.20234e-06	95021	0
BMP4	14	9.3765e-07	0.0	112464	0
BRF1	14	1.6463999999999998e-06	7.081629e-05	109622	7
BRMS1L	14	1.0631999999999998e-06	3.65289e-05	105010	3
BTBD6	14	1.1040000000000001e-06	7.067621999999999e-05	109000	7
BTBD7	14	2.9351e-06	6.750526e-05	110878	7
C14orf1	14	4.988800000000001e-07	1.758365e-05	110663	1
C14orf105	14	9.8591e-07	0.03654927355	111249	4066
C14orf119	14	4.3422e-07	0.00011429618	111174	12
C14orf142	14	1.3903e-07	2.6563590000000004e-05	103662	2
C14orf159	14	1.2286e-06	0.00029459653	110950	32
C14orf164	14	1.0513e-06	0.0	109786	0
C14orf166	14	8.1235e-07	4.66017e-05	108217	5
C14orf166B	14	1.3855000000000001e-06	0.00061125736	103746	63
C14orf177	14	9.8856e-08	1.79009e-05	111994	2
C14orf178	14	9.5423e-08	4.417816e-05	107775	4
C14orf180	14	3.7782e-07	5.290647e-05	105692	5
C14orf182	14	3.3686999999999997e-07	0.00010605621999999999	112251	11
C14orf183	14	4.5866000000000006e-07	0.000389549	103957	40
C14orf2	14	2.2951e-07	0.0	103399	0
C14orf23	14	1.2937999999999998e-07	0.0	111421	0
C14orf28	14	9.482e-07	0.00012293643	107914	13
C14orf37	14	1.2756000000000001e-06	9.696372e-05	111917	10
C14orf39	14	1.5509999999999998e-06	0.00014072116000000002	102676	14
C14orf79	14	7.271600000000001e-07	0.00013382988	110623	14
C14orf80	14	9.0723e-07	0.00010726594	93442	10
C14orf93	14	1.179e-06	4.6328699999999996e-05	108983	5
CALM1	14	4.6978e-07	0.0	105631	0
CATSPERB	14	2.6327999999999996e-06	0.00036072928	108350	39
CBLN3	14	7.313100000000001e-07	0.00011588713999999999	108194	12
CCDC175	14	2.0756e-06	3.3348e-05	86673	2
CCDC176	14	1.3572e-06	0.00019511141	107212	20
CCDC85C	14	7.6321e-07	0.0	82893	0
CCDC88C	14	4.7975e-06	0.00015062895	102772	15
CCNB1IP1	14	9.4244e-07	3.517757e-05	110463	3
CCNK	14	1.4741e-06	8.99685e-06	98193	0
CDC42BPB	14	5.5703e-06	3.5456940000000005e-05	108106	3
CDCA4	14	3.5396000000000003e-07	0.0	110758	0
CDH24	14	2.0071000000000002e-06	0.00019226791	108268	20
CDKL1	14	9.7424e-07	0.00044236600999999993	105647	46
CDKN3	14	9.3457e-07	5.418106e-05	104941	5
CEBPE	14	8.0696e-07	4.4621549999999996e-05	109037	4
CEP128	14	4.3963e-06	0.00023940166	110260	26
CEP170B	14	2.862e-06	3.615253e-05	98616	3
CFL2	14	4.4356000000000004e-07	4.415351e-05	103242	4
CGRRF1	14	6.2448e-07	2.7318909999999998e-05	109632	2
CHD8	14	8.0048e-06	2.666403e-05	105063	2
CHGA	14	1.323e-06	5.76904e-05	101493	5
CHMP4A	14	5.4936e-07	0.0023651452899999996	111485	263
CHURC1	14	3.8046e-07	8.847787e-05	111772	9
CHURC1-FNTB	14	1.4412e-06	0.00010609188	110434	11
CIDEB	14	7.4344e-07	0.0008712144800000001	108129	94
CINP	14	5.969e-07	2.6399169999999997e-05	111379	2
CIPC	14	4.9924e-07	2.645952e-05	112307	2
CKB	14	8.449500000000001e-07	2.739038e-05	101710	2
CLEC14A	14	5.8977e-07	2.441055e-05	106729	2
CLMN	14	2.3222e-06	0.00010688273000000001	109882	11
CMA1	14	3.5632e-07	2.641685e-05	111197	2
CMTM5	14	4.6402e-07	2.650455e-05	111458	2
CNIH1	14	4.2725e-07	0.0	108303	0
COCH	14	1.4294999999999998e-06	9.673935e-05	111717	10
COQ6	14	1.3526e-06	0.00021326458999999998	109044	23
COX16	14	4.2527e-07	0.00016415443	108674	17
COX8C	14	5.7593e-08	2.63848e-05	104577	2
CPNE6	14	1.8813999999999999e-06	4.400489e-05	108988	4
CPSF2	14	1.7481e-06	0.00014198624	108894	15
CRIP1	14	2.2640999999999997e-07	3.556527e-05	101240	3
CRIP2	14	6.6979e-07	3.748794e-05	100537	3
CTAGE5	14	2.4031e-06	8.254373e-05	107356	8
CTSG	14	7.4697e-07	6.21328e-05	111292	6
CYP46A1	14	1.1066e-06	8.790439999999999e-06	110294	0
DAAM1	14	3.4566e-06	7.044795e-05	109570	7
DACT1	14	1.1231e-06	3.664679e-05	109522	4
DAD1	14	2.7478000000000003e-07	8.80654e-06	112635	0
DCAF11	14	2.21e-06	0.00274128118	111490	305
DCAF4	14	1.5348e-06	9.739911e-05	110517	10
DCAF5	14	2.6017e-06	0.0	110429	0
DDHD1	14	2.3438e-06	2.6602040000000003e-05	107045	2
DDX24	14	2.0673e-06	3.521862e-05	111222	3
DEGS2	14	4.6643000000000003e-07	1.00458e-05	107588	1
DHRS1	14	8.533200000000001e-07	0.0001232751	111047	13
DHRS2	14	5.7094e-07	0.00022976988999999997	110456	25
DHRS4	14	6.050100000000001e-07	0.00019418038000000001	108228	21
DHRS4L2	14	4.4646e-07	0.06910844025	107712	7443
DHRS7	14	7.9755e-07	0.00053530708	104568	55
DICER1	14	4.9075e-06	2.638725e-05	112224	2
DIO2	14	6.492399999999999e-07	3.19877e-05	103985	3
DIO3	14	3.1969e-07	0.0	108225	0
DLGAP5	14	2.5041e-06	0.00016885282	107182	18
DLK1	14	6.296e-07	3.5295250000000004e-05	108732	3
DLST	14	1.0801e-06	1.758736e-05	106364	1
DNAAF2	14	9.666200000000001e-07	0.00012880581	104242	13
DNAL1	14	4.671e-07	2.6704600000000002e-05	92051	2
DPF3	14	1.4311000000000002e-06	6.284402e-05	107943	6
DTD2	14	2.5111000000000003e-07	3.559119e-05	104385	3
DYNC1H1	14	1.2606e-05	4.399243e-05	112552	4
EAPP	14	7.386499999999999e-07	0.00018659942999999998	107149	19
EDDM3A	14	0.0	0.0	110553	0
EDDM3B	14	0.0	0.0	111379	0
EFCAB11	14	6.1795e-07	4.398867999999999e-05	110931	4
EFS	14	9.364e-07	0.00011691882	102603	11
EGLN3	14	4.7941e-07	3.543749e-05	110190	3
EIF2B2	14	8.323100000000001e-07	0.00012314540000000002	112822	13
EIF2S1	14	8.861399999999999e-07	8.84658e-06	109946	0
EIF5	14	1.1579e-06	8.81446e-06	109637	0
ELMSAN1	14	2.8072000000000004e-06	8.99539e-06	107055	0
EMC9	14	5.409399999999999e-07	2.6405340000000002e-05	112363	2
EML1	14	2.8936e-06	6.167069e-05	110755	6
EML5	14	5.6453e-06	0.00041313004999999996	105693	43
ENTPD5	14	1.5178e-06	0.00013228543	111463	14
ERH	14	3.8631e-07	0.0	111781	0
ERO1L	14	1.5957e-06	5.355607e-05	106651	5
ESR2	14	1.1982e-06	0.00037583181000000004	108484	40
ESRRB	14	1.228e-06	2.676802e-05	107048	2
EVL	14	1.2997e-06	8.79678e-06	109586	0
EXD2	14	1.4591e-06	0.00019491096	111447	21
EXOC3L4	14	1.3074000000000002e-06	0.00039632549	97025	38
EXOC5	14	1.5581e-06	8.9736e-06	99924	0
FAM161B	14	1.6634e-06	0.00023805314	107282	25
FAM177A1	14	4.4553000000000005e-07	5.9956619999999996e-05	105617	6
FAM179B	14	4.0081e-06	0.00017747191000000003	109872	19
FAM181A	14	3.9885e-07	1.762845e-05	109863	1
FANCM	14	4.6327e-06	0.00252895078	111285	281
FBLN5	14	1.5287999999999999e-06	8.9815e-06	111115	0
FBXO33	14	1.2117e-06	0.0	108085	0
FBXO34	14	1.3330000000000002e-06	3.530572e-05	111928	3
FCF1	14	7.4286e-07	3.5276409999999994e-05	108950	3
FERMT2	14	1.6387e-06	0.0	110553	0
FITM1	14	7.2122e-07	8.791519999999998e-06	111210	0
FKBP3	14	6.1702e-07	1.85041e-05	107872	1
FLRT2	14	1.1162e-06	1.23931e-05	108957	1
FLVCR2	14	1.0237e-06	7.928010000000001e-05	113273	8
FNTB	14	1.2509e-06	2.6403979999999995e-05	110244	2
FOS	14	6.058e-07	1.809854e-05	110191	1
FOXA1	14	4.9207e-07	1.765226e-05	106522	1
FOXG1	14	3.9689999999999996e-07	0.0	108986	0
FOXN3	14	8.9818e-07	8.793369999999999e-06	107475	0
FRMD6	14	1.5813999999999998e-06	6.227845000000001e-05	110450	6
FSCB	14	0.0	0.0	112351	0
FUT8	14	2.1518e-06	5.2878909999999993e-05	110161	5
G2E3	14	2.4601e-06	8.533514e-05	104871	8
GALC	14	2.1579e-06	0.00033695661	108850	36
GALNT16	14	1.8737e-06	9.771629999999999e-05	109878	10
GCH1	14	6.8999e-07	8.994099999999999e-06	109168	0
GEMIN2	14	8.7294e-07	0.00020543451000000002	109143	22
GLRX5	14	1.9541e-07	0.0	103800	0
GMFB	14	5.154800000000001e-07	3.563256e-05	104821	3
GMPR2	14	8.503e-07	0.00011546883999999998	111785	12
GNG2	14	8.3113e-08	0.0	108839	0
GNPNAT1	14	3.2474000000000003e-07	5.2916619999999995e-05	107690	5
GOLGA5	14	3.1154000000000003e-06	7.139348e-05	111118	7
GPATCH2L	14	2.0866e-06	3.5581300000000004e-05	109720	3
GPHN	14	2.3979e-06	8.81026e-06	112642	0
GPR132	14	2.0305999999999997e-07	9.97685e-06	112186	1
GPR135	14	4.3270000000000006e-07	4.332865e-05	100175	4
GPR137C	14	9.4406e-07	3.661966e-05	108028	3
GPR65	14	4.8378e-07	0.0	111593	0
GPR68	14	3.7079999999999996e-07	7.558732e-05	103151	7
GPX2	14	3.7066e-07	0.00015889743	111869	17
GSC	14	3.5353e-07	0.0	97279	0
GSKIP	14	2.8855e-07	9.00203e-06	109910	0
GSTZ1	14	9.325299999999998e-07	0.00013345101999999998	107198	14
GTF2A1	14	9.746e-07	9.0238e-06	105494	0
GZMB	14	5.4193e-07	0.000160697	107154	17
GZMH	14	3.8100000000000004e-07	7.097474e-05	112146	7
HAUS4	14	9.8838e-07	3.535912e-05	110729	3
HEATR4	14	2.5121e-06	0.0009195598699999999	109142	100
HECTD1	14	8.3727e-06	6.272041e-05	109821	6
HHIPL1	14	1.0397e-06	0.00012347677	107353	13
HIF1A	14	2.379e-06	6.288007e-05	108324	6
HNRNPC	14	9.6175e-07	0.0	110342	0
HOMEZ	14	1.224e-06	4.455907e-05	109965	4
HSP90AA1	14	1.9434e-06	0.00015829944	111660	17
HSPA2	14	7.7913e-07	1.7597279999999997e-05	112710	1
IFI27	14	1.6265999999999998e-07	3.539068e-05	103829	3
IFI27L1	14	1.6455999999999999e-07	0.00085514506	111002	94
IFI27L2	14	1.3887e-07	8.882890999999999e-05	111035	9
IFT43	14	8.434100000000001e-07	0.00060700209	112365	68
IL25	14	3.5425e-07	7.043994999999999e-05	111417	7
INF2	14	2.9963e-06	2.7004040000000004e-05	102989	2
INSM2	14	4.9668e-07	0.0	106531	0
IPO4	14	2.9281999999999998e-06	0.00035778857000000005	109730	39
IRF2BPL	14	8.698999999999999e-07	9.77001e-06	100065	0
IRF9	14	1.1259e-06	3.519176e-05	109537	3
ISCA2	14	3.5439e-07	2.977348e-05	105805	3
ISM2	14	1.1127e-06	0.0005391203599999999	108279	58
ITPK1	14	9.2027e-07	8.83361e-06	102042	0
JAG2	14	3.2825e-06	2.733783e-05	100253	2
JDP2	14	6.3304e-07	0.0001019757	102672	10
JKAMP	14	9.181799999999999e-07	3.5655459999999995e-05	99929	3
JPH4	14	1.2337000000000001e-06	0.0	107722	0
KCNH5	14	2.5395e-06	8.81643e-05	110125	9
KCNK10	14	1.1472e-06	7.039204e-05	111063	7
KCNK13	14	6.8429e-07	2.6389070000000002e-05	104545	2
KHNYN	14	1.5489e-06	0.00031860322000000003	107345	34
KIAA0125	14	3.5062e-07	0.0	102803	0
KIAA0247	14	5.0085e-07	8.80514e-06	110982	0
KIAA0391	14	1.2464e-06	0.00040118550000000004	111683	44
KIAA0586	14	2.9662e-06	0.00028880062000000004	101459	29
KIF26A	14	3.0662e-06	5.09331e-05	93111	4
KLC1	14	1.7758000000000002e-06	5.334839e-05	101436	5
KLHDC1	14	1.3473e-06	0.0006263939599999999	102805	64
KLHDC2	14	1.2837e-06	0.00014462421999999998	111059	16
KLHL28	14	1.2997999999999998e-06	2.660249e-05	111318	2
KLHL33	14	1.3053e-06	0.0002979946	60479	18
KTN1	14	4.4664e-06	0.00016252898000000001	108506	17
L2HGDH	14	1.2909e-06	8.799742000000001e-05	110511	9
L3HYPDH	14	5.7355e-07	0.00014234724	100735	14
LGALS3	14	4.2644e-07	4.9973290000000004e-05	106901	5
LGMN	14	1.1338e-06	0.00010712808999999999	110450	11
LIN52	14	4.0686e-07	0.0	102078	0
LRFN5	14	1.0245e-06	2.6553309999999996e-05	111774	2
LRP10	14	1.5763999999999998e-06	9.720198000000001e-05	109353	10
LRR1	14	8.4348e-07	0.00046123070999999996	109241	50
LRRC16B	14	4.6849e-06	0.00025907272999999996	109227	28
LTB4R	14	2.2912e-07	8.78997e-06	107157	0
LTB4R2	14	4.9956e-07	3.866989e-05	106407	4
LTB4R2	14	5.3707e-07	3.866989e-05	106407	4
LTBP2	14	4.2254e-06	0.00016742406000000003	106530	17
MAP3K9	14	2.5804000000000003e-06	8.009823000000001e-05	110199	8
MAP4K5	14	2.5517e-06	4.17847e-05	96774	4
MAPK1IP1L	14	3.2438000000000005e-07	0.0	107400	0
MARK3	14	2.3626e-06	7.950246999999999e-05	108997	8
MAX	14	6.4029e-07	1.75806e-05	108992	1
MBIP	14	1.1201999999999999e-06	5.3048380000000004e-05	108969	5
MDGA2	14	2.0926e-06	4.313299e-05	101466	4
MDGA2	14	2.8074e-06	4.313299e-05	101466	4
MDP1	14	4.5787e-07	4.406361e-05	111923	4
MED6	14	7.3624e-07	5.459134e-05	109176	5
METTL17	14	1.2983000000000001e-06	0.00010557983	111872	11
METTL3	14	1.7997e-06	0.0010415597900000002	111973	116
MGAT2	14	7.1532e-07	2.678046e-05	108341	2
MIA2	14	1.0845e-06	3.6329190000000004e-05	109171	3
MIPOL1	14	1.3569999999999999e-06	0.00018279642	106174	19
MIS18BP1	14	2.3012e-06	0.00020325275000000002	109924	22
MLH3	14	2.6306e-06	0.00036116953	113229	40
MMP14	14	1.5619999999999998e-06	0.00102059136	110414	112
MNAT1	14	8.9193e-07	0.00011981948	108719	13
MOAP1	14	5.3598e-07	1.797011e-05	110130	1
MOK	14	1.2043e-06	0.12052904754	110412	13307
MPP5	14	1.7318999999999999e-06	5.414715e-05	108946	5
MRPL52	14	5.7551e-07	0.00013193105	107739	14
MTA1	14	2.1313e-06	8.882730000000001e-06	106465	0
MTHFD1	14	2.4856999999999998e-06	9.690542e-05	112044	10
MYH6	14	4.5896e-06	0.00126252241	112171	141
MYH7	14	5.236e-06	0.00032566193999999997	113020	36
NAA30	14	6.312899999999999e-07	0.0	100911	0
NDRG2	14	1.2623e-06	8.815919e-05	110262	9
NDUFB1	14	2.0106999999999999e-07	2.668048e-05	111024	2
NEDD8	14	3.4707e-07	0.0	111653	0
NEDD8-MDP1	14	6.3879e-07	4.406361e-05	111934	4
NEK9	14	3.038e-06	0.00083844338	110618	92
NEMF	14	3.9882e-06	0.00012489258	110568	13
NFATC4	14	1.8353999999999998e-06	1.8634029999999997e-05	107989	2
NFKBIA	14	7.7851e-07	0.0	110149	0
NGB	14	2.4456e-07	8.80669e-06	98847	0
NGDN	14	1.2686e-06	0.00058461791	111944	65
NID2	14	3.1456e-06	0.00085920511	110007	94
NIN	14	5.8846e-06	0.00030766794999999997	110540	34
NKX2-1	14	5.732e-07	2.8371900000000002e-05	102848	2
NKX2-8	14	2.5293000000000003e-07	1.943874e-05	94771	1
NOP9	14	1.6371000000000002e-06	9.724892e-05	107931	10
NOVA1	14	9.3709e-07	0.0	109930	0
NOXRED1	14	5.8129e-07	8.877515e-05	110940	9
NPAS3	14	2.0380000000000002e-06	0.00017604131000000003	103683	18
NPC2	14	3.2100000000000003e-07	0.006633647339999999	104780	695
NRDE2	14	3.1354e-06	0.00034438712999999995	111856	38
NRL	14	3.8683e-07	8.81554e-06	110248	0
NRXN3	14	2.2098e-06	8.79446e-06	109567	0
NUBPL	14	9.8546e-07	0.00015913247	107173	17
NUDT14	14	3.3155000000000003e-07	4.748179e-05	104219	4
NUMB	14	1.263e-06	5.291689e-05	110192	5
NYNRIN	14	3.5318000000000002e-06	0.00021580042000000002	110047	23
OR10G2	14	2.1588e-07	0.0	111244	0
OR10G3	14	2.211e-07	8.7909e-06	111824	0
OR11G2	14	3.3253000000000003e-07	9.672136000000001e-05	110513	10
OR11H12	14	0.0	0.0	101381	0
OR11H4	14	4.6986999999999996e-07	0.00043959949999999994	112040	49
OR11H6	14	3.182e-07	0.00020245802	109711	22
OR4E2	14	3.1672e-07	0.00015024243999999998	111833	16
OR4K1	14	3.2373000000000005e-07	0.00019436828	112161	21
OR4K13	14	4.0302e-07	3.537607e-05	111199	3
OR4K14	14	3.6428000000000003e-07	5.293505999999999e-05	112029	5
OR4K15	14	2.1170999999999998e-07	2.6437640000000002e-05	112707	2
OR4K17	14	1.7325e-07	1.762333e-05	111156	1
OR4K2	14	2.0812e-07	8.79981e-05	110954	9
OR4K5	14	3.9226e-07	3.5214590000000006e-05	112189	3
OR4L1	14	3.1638000000000003e-07	0.00013649227	107553	14
OR4M1	14	5.439800000000001e-07	0.00014066571	111838	15
OR4N2	14	3.1697e-07	4.397356e-05	110678	4
OR4N5	14	2.1751999999999998e-07	1.7638870000000003e-05	111564	1
OR4Q3	14	2.869e-07	0.00017619693	111479	19
OR5AU1	14	2.5909e-07	0.00067877023	112936	76
OR6J1	14	1.3897e-07	1.22073e-05	76417	0
OR6S1	14	2.9066999999999994e-07	0.00022880119999999998	112055	25
OSGEP	14	1.1828e-06	0.00011485881	112571	12
OTUB2	14	6.3322e-07	0.00010673708999999998	110242	11
OTX2	14	6.5622e-07	0.0	112734	0
OXA1L	14	1.4764e-06	0.00018479352	112211	20
PABPN1	14	8.642e-07	1.758025e-05	109630	1
PACS2	14	2.1912e-06	4.082753e-05	106418	4
PAPLN	14	3.4072e-06	0.00522473591	104688	546
PAPOLA	14	2.2e-06	1.7704970000000002e-05	107245	1
PARP2	14	1.8117e-06	0.00022144748	111634	24
PAX9	14	5.5304e-07	8.8433e-06	107600	0
PCK2	14	2.1315000000000003e-06	0.006711036540000001	110107	738
PCNX	14	6.7384000000000006e-06	7.059883000000001e-05	110652	7
PCNXL4	14	1.824e-06	0.00038207568	108274	41
PELI2	14	1.08e-06	2.7188200000000002e-05	108905	2
PGF	14	4.1351999999999996e-07	0.0	106199	0
PIGH	14	3.0664e-07	6.55174e-05	99345	6
PLD4	14	1.1259e-06	0.00023442792	101246	23
PLEK2	14	1.101e-06	0.00017691067	110309	19
PLEKHD1	14	1.2718e-06	5.02737e-05	60025	3
PLEKHG3	14	2.3147e-06	0.00010705993999999999	108555	11
PLEKHH1	14	3.5087999999999998e-06	0.00010797195	105329	11
PNMA1	14	4.7927e-07	1.797802e-05	108688	1
PNN	14	2.0359e-06	3.561087e-05	110233	3
PNP	14	9.5395e-07	0.00011432998	109814	12
POLE2	14	1.6251e-06	0.00015713542	102462	16
POMT2	14	2.3236e-06	0.00015857678	105238	16
POTEG	14	6.2977e-07	0.00030157389	101626	30
POTEM	14	3.9902000000000004e-07	0.0605809	88028	5332
PPM1A	14	1.0337e-06	0.0	104754	0
PPP1R13B	14	2.7714999999999996e-06	4.4189409999999995e-05	110273	4
PPP1R36	14	1.2696999999999999e-06	0.00028281827	107863	30
PPP1R3E	14	1.5172e-07	0.0	92020	0
PPP2R3C	14	1.1178e-06	0.00011596165000000001	109256	12
PPP2R5C	14	1.6218e-06	4.232429e-05	106075	4
PPP2R5E	14	1.5104e-06	0.0	109347	0
PPP4R4	14	3.1825e-06	0.00012555113	109520	13
PRIMA1	14	3.9436e-07	0.0	103597	0
PRKCH	14	2.7075e-06	1.7719589999999998e-05	111030	1
PRKD1	14	2.1721e-06	0.00016068801000000002	110739	17
PRMT5	14	1.9550999999999997e-06	0.0	111340	0
PROX2	14	7.4426e-07	8.123635e-05	106164	8
PRPF39	14	1.5678e-06	2.128514e-05	96928	2
PSEN1	14	1.3062e-06	9.05076e-06	112604	1
PSMA3	14	8.1801e-07	8.82628e-06	110154	0
PSMA6	14	5.4415e-07	0.0	108865	0
PSMB11	14	2.9771e-07	3.671407e-05	108873	3
PSMB5	14	6.5139e-07	0.0	106825	0
PSMC1	14	1.1663e-06	0.0	107130	0
PSMC6	14	1.3406e-06	0.0	110321	0
PSME1	14	6.185e-07	2.6373320000000002e-05	111834	2
PSME2	14	8.0695e-07	9.670654e-05	111355	10
PTGDR	14	6.199800000000001e-07	0.00010621836999999999	108276	11
PTGER2	14	5.4786e-07	6.209948000000001e-05	108404	6
PTGR2	14	9.6081e-07	0.00023908194	110606	26
PTPN21	14	3.6195999999999996e-06	0.00019666387999999998	108429	21
PYGL	14	2.5860000000000003e-06	0.00041351315	112292	46
RAB15	14	7.8164e-07	3.585566e-05	109626	3
RAB2B	14	5.257899999999999e-07	2.674925e-05	109017	2
RABGGTA	14	2.4072e-06	0.00014339152	109036	15
RAD51B	14	9.3899e-07	0.00024108717999999998	108697	26
RALGAPA1	14	5.8326e-06	5.236451e-05	106361	5
RBM23	14	1.8705000000000001e-06	0.00047738874000000006	110329	52
RBM25	14	4.9807e-06	0.0	107542	0
RCOR1	14	1.4506e-06	0.0	106723	0
RDH11	14	7.323000000000001e-07	0.00011145546999999999	109907	12
RDH12	14	1.1308e-06	0.00021185537999999997	110756	23
REC8	14	1.8322999999999998e-06	9.739402e-05	110118	10
REM2	14	6.960600000000001e-07	0.00132927314	102680	136
RGS6	14	1.9707e-06	7.950668e-05	109077	8
RHOJ	14	4.352399999999999e-07	3.5761290000000005e-05	110203	3
RIN3	14	1.4441999999999999e-06	0.0001543816	107872	16
RIPK3	14	9.919499999999999e-07	0.00245094817	107161	262
RNASE1	14	8.7071e-08	8.80142e-06	111994	0
RNASE10	14	1.7988e-07	8.796929999999999e-06	109169	0
RNASE11	14	7.581299999999999e-08	6.1572e-05	111854	6
RNASE11	14	0.0	6.1572e-05	111854	6
RNASE12	14	2.1199e-07	6.1572e-05	113332	6
RNASE13	14	1.3167e-08	0.0	111049	0
RNASE2	14	0.0	0.0	112313	0
RNASE3	14	0.0	0.0	111698	0
RNASE4	14	2.5197e-07	0.00011429898000000001	112486	12
RNASE6	14	3.4793e-08	0.0	110514	0
RNASE7	14	6.3152e-08	0.0	110346	0
RNASE8	14	0.0	0.0	111425	0
RNASE9	14	2.1427e-08	0.0	111835	0
RNF31	14	3.5325e-06	3.791957000000001e-05	110781	4
RP11-1012A1.4	14	1.6009e-07	8.85645e-06	109711	0
RP11-131H24.4	14	9.440699999999999e-08	0.0	107382	0
RP11-176H8.1	14	2.9289e-07	8.80034e-06	104385	0
RP11-298I3.5	14	4.2816000000000004e-07	0.0	109250	0
RP11-371E8.4	14	3.5726999999999997e-07	3.528478e-05	106746	3
RP11-404P21.8	14	1.0671e-07	1.760346e-05	107481	1
RP11-407N17.3	14	2.3333e-06	8.254373e-05	107356	8
RP11-468E2.6	14	5.124000000000001e-07	8.844080000000001e-06	110963	0
RP11-47I22.4	14	4.1983999999999993e-07	8.81788e-06	110851	0
RP11-73M18.2	14	2.0443e-06	0.00017612105	108478	19
RP11-80A15.1	14	6.125e-08	0.0	111197	0
RP11-934B9.3	14	3.1861e-07	0.0022818452199999998	107433	245
RP11-998D10.1	14	1.1119000000000002e-07	8.95881e-06	111049	0
RPGRIP1	14	3.8948e-06	0.00044482957000000005	105877	47
RPL10L	14	5.103e-07	2.637514e-05	113405	2
RPL36AL	14	2.2076e-07	0.00017714490000000002	110655	19
RPS29	14	1.6445999999999998e-07	0.0	110643	0
RPS6KA5	14	1.9993e-06	1.793121e-05	108049	1
RPS6KL1	14	1.4116e-06	0.00021284728999999998	105681	22
RTL1	14	1.7012000000000001e-06	6.789927e-05	80626	5
RTN1	14	1.1081e-06	9.4758e-06	106736	1
SALL2	14	1.3794999999999999e-06	7.933098e-05	110482	8
SAMD15	14	1.0609e-06	0.00016811830000000003	112477	18
SAMD4A	14	1.9603e-06	2.6383200000000002e-05	106613	2
SAV1	14	1.5034e-06	5.292217e-05	109001	5
SCFD1	14	2.3083e-06	4.48518e-05	106441	4
SDR39U1	14	9.0205e-07	0.00011942860000000001	106355	12
SEC23A	14	2.6951999999999996e-06	0.00016184858999999997	111898	18
SEL1L	14	2.2812e-06	7.086456e-05	110169	7
SERPINA1	14	4.776300000000001e-07	8.796023000000001e-05	112947	9
SERPINA10	14	5.692600000000001e-07	0.011846497320000001	112310	1330
SERPINA11	14	6.881e-07	7.058084e-05	108546	7
SERPINA12	14	4.7646e-07	0.008081877579999999	112257	907
SERPINA3	14	6.0218e-07	9.75167e-05	112439	10
SERPINA4	14	5.539899999999999e-07	6.169055e-05	112738	6
SERPINA5	14	4.6424e-07	5.354356e-05	110838	5
SERPINA6	14	4.9928e-07	5.277832e-05	112410	5
SERPINA9	14	5.192e-07	0.00501035448	109886	550
SETD3	14	1.8703e-06	2.667133e-05	111861	2
SFTA3	14	2.0903e-07	8.85347e-06	103917	0
SGPP1	14	7.2587e-07	2.7314920000000003e-05	107251	2
SIPA1L1	14	4.7674e-06	5.2829090000000005e-05	111920	5
SIVA1	14	6.6424e-07	8.808089999999999e-06	100198	0
SIX1	14	5.2855e-07	1.775216e-05	109369	1
SIX4	14	9.140299999999999e-07	8.89094e-06	106413	0
SIX6	14	4.7531999999999994e-07	8.909960000000002e-06	107672	0
SLC10A1	14	3.6786e-07	0.00027677711	111185	30
SLC22A17	14	1.5822999999999999e-06	2.647735e-05	107088	2
SLC24A4	14	2.1349e-06	0.00016198178	111116	17
SLC25A21	14	9.0447e-07	0.00027586369	105626	29
SLC25A21-AS1	14	0.0	0.0	84957	0
SLC25A29	14	5.356399999999999e-07	4.1662700000000003e-05	93778	3
SLC25A47	14	1.0812000000000001e-06	0.00020019038	109593	21
SLC35F4	14	8.355599999999999e-07	2.662139e-05	105896	2
SLC38A6	14	1.2375e-06	0.00025863732000000006	106424	27
SLC39A2	14	6.6876e-07	0.0005047516	111606	56
SLC39A9	14	7.122499999999999e-07	8.796929999999999e-06	111914	0
SLC7A7	14	1.1681999999999999e-06	0.00018469032	112381	20
SLC7A8	14	1.0695e-06	9.789334999999999e-05	110800	10
SLC8A3	14	1.7162e-06	7.962626999999999e-05	110279	8
SLIRP	14	2.5013000000000003e-07	4.401127e-05	110402	4
SMEK1	14	2.1536e-06	1.1350999999999999e-05	105877	1
SMOC1	14	1.305e-06	6.175548e-05	112330	6
SNAPC1	14	1.1588e-06	0.00013080239	105568	13
SNW1	14	2.1687e-06	2.6388820000000002e-05	110519	2
SNX6	14	1.7705e-06	1.778791e-05	107999	1
SOCS4	14	1.1881000000000001e-06	0.00011439237	109797	12
SOS2	14	3.841e-06	5.348156999999999e-05	106969	5
SPATA7	14	1.4218999999999999e-06	0.00025708294	109176	28
SPTB	14	5.738e-06	4.4421940000000005e-05	111034	4
SPTLC2	14	1.4096e-06	1.760099e-05	112814	1
SPTSSA	14	1.4374000000000002e-07	0.0	96589	0
SRP54	14	1.4019999999999999e-06	1.7607960000000002e-05	108435	1
SRSF5	14	1.3182e-06	1.7583039999999997e-05	112573	1
SSTR1	14	3.8465000000000005e-07	0.0	109240	0
STON2	14	1.2483e-06	5.27801e-05	111367	5
STRN3	14	1.9033e-06	0.00011242695	108562	12
STXBP6	14	6.8961e-07	5.311953000000001e-05	106370	5
STYX	14	8.5801e-07	1.942378e-05	107456	2
SUPT16H	14	3.8949e-06	2.696382e-05	106748	2
SYNDIG1L	14	3.0065000000000004e-07	8.94358e-06	104010	0
SYNE2	14	1.8314e-05	0.06640424486	111909	7431
SYNE3	14	2.5446e-06	0.00018667975	108527	20
SYNJ2BP	14	3.2849000000000005e-07	0.0	108886	0
SYT16	14	1.7186000000000002e-06	0.00015070089	109328	16
TBPL2	14	9.7319e-07	0.00054751055	107413	58
TC2N	14	1.4315e-06	0.00016144008	108853	17
TCL1A	14	5.3722e-07	8.929454e-05	110961	9
TCL1B	14	4.0313000000000004e-07	3.51778e-05	109805	3
TDP1	14	1.857e-06	0.00029923431	111394	33
TDRD9	14	3.6976999999999998e-06	0.00040660998999999994	98286	39
TECPR2	14	2.5563999999999998e-06	0.00010326165	107834	11
TEP1	14	7.243e-06	0.00100062597	111821	111
TEX22	14	1.2072e-07	0.0	112015	0
TGFB3	14	9.5482e-07	0.0	113261	0
TGM1	14	2.3289e-06	0.0008492526699999999	110770	94
THTPA	14	7.4875e-07	3.5414040000000006e-05	110844	3
TIMM9	14	2.159e-07	1.769243e-05	108999	1
TINF2	14	1.3015000000000002e-06	0.00038851656000000003	111909	43
TM9SF1	14	1.5927e-06	0.0024725921899999997	110296	272
TM9SF1	14	2.101e-06	0.0024725921899999997	110296	272
TMED10	14	6.2575e-07	8.79183e-06	112619	0
TMED8	14	6.2943e-07	8.808710000000002e-06	112667	0
TMEM121	14	3.0274e-07	8.95512e-06	94086	0
TMEM179	14	1.5908e-07	0.0	101400	0
TMEM229B	14	2.4236e-07	9.375060000000002e-06	103317	0
TMEM251	14	2.759e-07	7.120894e-05	110130	7
TMEM253	14	3.8571e-07	8.379979999999999e-05	59675	5
TMEM260	14	1.9203e-06	0.00025849462	110858	28
TMEM30B	14	4.5241999999999997e-07	0.00012563071	97860	12
TMEM55B	14	1.0329e-06	8.791519999999998e-06	111564	0
TMEM63C	14	1.9136e-06	6.262245e-05	106684	6
TMX1	14	8.4538e-07	4.438297e-05	108608	4
TNFAIP2	14	1.3343999999999999e-06	6.407736e-05	101535	6
TOMM20L	14	3.4219e-07	8.83096e-06	107933	0
TOX4	14	1.4019999999999999e-06	2.650965e-05	111892	2
TPPP2	14	3.0996e-07	2.6660040000000005e-05	111049	2
TRAF3	14	1.5208000000000001e-06	1.7731960000000003e-05	110633	1
TRAPPC6B	14	4.832600000000001e-07	3.555798e-05	107364	3
TRIM9	14	1.2673000000000001e-06	8.79384e-06	108849	0
TRIP11	14	5.5441e-06	0.00049709678	111549	55
TRMT5	14	1.2503e-06	2.652462e-05	108149	2
TRMT61A	14	4.9142e-07	8.521033000000002e-05	101706	8
TSHR	14	1.251e-06	0.00034332328	113077	38
TSSK4	14	7.450399999999999e-07	0.00051886998	111411	57
TTC5	14	1.4966e-06	0.00020585263999999998	110686	22
TTC6	14	3.8001999999999996e-06	9.234954e-05	105091	9
TTC7B	14	2.5712e-06	2.6719749999999998e-05	109391	2
TTC8	14	1.4262e-06	7.946894e-05	110140	8
TTC9	14	4.447e-07	8.85614e-06	103443	0
TTLL5	14	4.9512e-06	0.0003625172	110585	40
TXNDC16	14	1.5555000000000002e-06	0.00013262941	108590	14
UBR7	14	9.9209e-07	4.3989140000000005e-05	105692	4
UNC79	14	6.6323e-06	4.417754e-05	111271	4
VASH1	14	5.809199999999999e-07	8.791519999999998e-06	102643	0
VCPKMT	14	5.2958e-07	0.00010821772	105032	11
VIPAS39	14	2.4406999999999998e-06	0.00012313908	113236	13
VRK1	14	1.3268000000000002e-06	6.243701e-05	110961	6
VRTN	14	7.707600000000001e-07	0.0	111965	0
VSX2	14	6.5965e-07	5.437768e-05	99018	5
VTI1B	14	9.117399999999999e-07	4.405032e-05	110703	4
WARS	14	1.0723e-06	0.0	110249	0
WDHD1	14	3.3931e-06	0.00063064497	108559	68
WDR20	14	1.3068000000000001e-06	9.05961e-06	111050	1
WDR25	14	1.1598e-06	0.00015883494	110845	17
WDR89	14	6.7355e-07	2.641745e-05	112230	2
XRCC3	14	6.2773e-07	8.072666e-05	94678	7
YLPM1	14	6.474e-06	6.219044e-05	106948	6
YY1	14	8.238e-07	0.0	104714	0
ZBTB1	14	1.5071000000000001e-06	2.6398540000000004e-05	112201	2
ZBTB25	14	9.8249e-07	7.033126e-05	112048	7
ZBTB42	14	9.2709e-07	0.0	59963	0
ZC2HC1C	14	1.0999e-06	0.00011480233	112229	12
ZC3H14	14	2.4507e-06	1.760084e-05	110592	1
ZDHHC22	14	4.0346e-07	2.9668400000000002e-05	102643	3
ZFHX2	14	3.2170999999999997e-06	0.0	63435	0
ZFP36L1	14	4.317899999999999e-07	0.0	108242	0
ZFYVE1	14	1.6494999999999998e-06	3.517301e-05	111402	3
ZFYVE21	14	5.5515e-07	1.765691e-05	110033	1
ZFYVE26	14	6.244e-06	0.00042311971	112282	47
ZNF219	14	1.5372e-06	0.0	95174	0
ZNF410	14	1.2715e-06	1.801368e-05	111083	2
ZNF839	14	1.2861e-06	6.22142e-05	108298	6
