SYMBOL	chromosome	mu_lof	AF_nfe	AN_nfe	NFE_k
AARS	16	3.3544e-06	0.00017012721999999997	111125	18
ABAT	16	1.3999000000000001e-06	7.138857e-05	111147	7
ABCA3	16	3.5632e-06	0.00012385542	109881	13
ABCC1	16	3.9202999999999995e-06	0.00017166171000000002	110083	18
ABCC11	16	3.4494e-06	0.019795317439999998	111293	2203
ABCC12	16	3.5964999999999998e-06	0.04129052196000001	112409	4641
ABCC6	16	3.6107e-06	0.00315587948	109424	345
AC002310.13	16	1.1248e-07	6.11297e-05	97258	5
AC004381.6	16	1.6743e-06	0.00017819261000000003	109037	19
AC009041.2	16	1.2770000000000001e-08	0.0	98348	0
AC009065.1	16	3.0253e-07	0.0001298317	103631	13
AC010536.1	16	0.0	0.0	97827	0
AC040160.1	16	3.7581e-07	0.0	108759	0
AC132186.1	16	0.0	0.0	59919	0
AC135048.1	16	8.1508e-08	8.88099e-06	109369	0
AC137932.1	16	3.2162e-08	0.0	107102	0
AC142381.1	16	0.0	0.0	93846	0
ACD	16	1.2032e-06	0.00018872816000000002	107612	20
ACSF3	16	1.3382e-06	0.00027117291	110051	29
ACSM1	16	1.8935e-06	0.000572851	110880	63
ACSM2A	16	1.8430000000000002e-06	0.01189729972	111807	1330
ACSM2B	16	1.9738e-06	0.00037076312999999994	111960	41
ACSM3	16	1.9571000000000003e-06	0.01024264098	102773	1052
ACSM5	16	1.5831e-06	0.00022930656000000002	112040	25
ADAD2	16	1.2e-06	7.260623e-05	102142	7
ADAMTS18	16	4.8906e-06	0.0006647401700000001	111803	74
ADAT1	16	1.4658000000000002e-06	0.00030807035	112389	34
ADCY7	16	2.5046e-06	0.00039599341	107898	42
ADCY9	16	2.3540000000000002e-06	1.758845e-05	109467	1
AGRP	16	3.2803000000000006e-07	5.235944e-05	108872	5
AHSP	16	7.708599999999999e-08	7.031773e-05	112441	7
AKTIP	16	9.4971e-07	8.80437e-06	111249	0
ALDOA	16	1.011e-06	4.415001e-05	112116	4
ALG1	16	1.2573e-06	0.00022342651	109460	24
AMDHD2	16	6.9289e-07	2.8366799999999997e-05	107648	3
AMFR	16	1.8271e-06	7.08583e-05	110667	7
ANKRD11	16	4.965e-06	2.7182429999999998e-05	109338	2
ANKS3	16	1.8359e-06	8.277627e-05	104757	8
ANKS4B	16	6.178999999999999e-07	8.841131e-05	111494	9
AP1G1	16	3.3267000000000003e-06	1.763901e-05	108934	1
APOBR	16	1.5027e-06	0.00010051290000000001	99845	10
APRT	16	5.0606e-07	5.666278e-05	104824	5
AQP8	16	5.8673e-07	5.300144e-05	112730	5
ARHGAP17	16	2.299e-06	0.00010584787	108095	11
ARHGDIG	16	3.4684e-07	0.0	106863	0
ARL2BP	16	6.2872e-07	0.00014425841999999998	110353	15
ARL6IP1	16	7.2961e-07	1.7650999999999998e-05	110219	1
ARMC5	16	1.4904e-06	3.652242e-05	104364	3
ASPHD1	16	6.325800000000001e-07	6.707163e-05	105369	7
ATF7IP2	16	1.354e-06	9.983251e-05	107961	10
ATMIN	16	1.0912e-06	5.278416999999999e-05	110849	5
ATP2A1	16	2.9864e-06	0.00039683593000000003	110113	43
ATP2C2	16	2.4313999999999997e-06	0.011312892109999998	110280	1247
ATP6C	16	1.8982e-07	1.82143e-05	107040	1
ATP6V0C	16	2.7678e-07	0.0	104429	0
ATP6V0D1	16	9.403100000000001e-07	0.0	110437	0
ATXN1L	16	1.3861000000000002e-06	0.0	81681	0
ATXN2L	16	3.0154000000000004e-06	8.83845e-06	110423	0
AXIN1	16	2.1499e-06	9.425534e-05	107037	10
B3GNT9	16	3.184e-07	7.851565e-05	102094	8
BAIAP3	16	3.1217e-06	0.0005828540299999999	104480	60
BANP	16	1.3872999999999998e-06	9.052560000000001e-06	106100	0
BBS2	16	2.6195e-06	0.00076657682	112811	86
BCAR1	16	1.7771e-06	2.55366e-05	100164	2
BCKDK	16	9.1679e-07	9.68177e-05	110795	10
BCL7C	16	7.5041e-07	1.7833979999999998e-05	108143	1
BCMO1	16	1.1666e-06	0.00028139847	112974	31
BEAN1	16	5.3197e-07	0.0	60046	0
BFAR	16	1.2237e-06	5.302713000000001e-05	110235	5
BRD7	16	1.7146e-06	9.265260000000001e-06	109918	1
BRICD5	16	7.9771e-07	0.00047164069999999997	106801	50
C16orf11	16	4.5443999999999993e-07	8.542610000000001e-05	95175	8
C16orf13	16	3.1265e-07	3.5252140000000004e-05	96659	3
C16orf3	16	0.0	0.0	106423	0
C16orf45	16	4.1631e-07	0.0	103286	0
C16orf46	16	5.3833e-07	4.405943e-05	111653	4
C16orf47	16	2.3394000000000002e-07	0.0	59781	0
C16orf52	16	5.5997e-07	0.0	59684	0
C16orf54	16	2.4871e-07	0.0	89418	0
C16orf58	16	1.198e-06	0.00038754726	107545	41
C16orf59	16	9.9422e-07	6.248354999999999e-05	106886	6
C16orf62	16	3.1950999999999997e-06	0.00030898221	110313	34
C16orf70	16	1.6103e-06	2.651165e-05	107473	2
C16orf71	16	1.3696e-06	0.00043417679	105924	45
C16orf72	16	1.2098e-06	0.0	103051	0
C16orf74	16	8.051e-08	0.0	76651	0
C16orf78	16	9.4553e-07	9.890476e-05	107874	10
C16orf80	16	6.695999999999999e-07	7.916688e-05	112514	8
C16orf86	16	4.3409999999999995e-07	2.709542e-05	106766	2
C16orf87	16	6.451300000000001e-07	1.8298929999999997e-05	103541	1
C16orf89	16	8.678200000000001e-07	0.00016018351000000002	106385	17
C16orf90	16	3.8461e-07	8.384916999999999e-05	99717	8
C16orf91	16	6.946899999999999e-07	0.00010749002	109316	11
C16orf92	16	3.2446e-07	6.22643e-05	109002	6
C16orf93	16	8.8291e-07	9.795831000000001e-05	110431	10
C16orf96	16	2.2584e-06	0.0005353764	60030	32
C16orf98	16	2.4349e-08	0.0	102054	0
C1QTNF8	16	3.6888000000000006e-07	0.00040554504	97072	39
CA5A	16	7.754600000000001e-07	4.750417e-05	107268	5
CA7	16	6.662399999999999e-07	1.759325e-05	112501	1
CACNA1H	16	4.2957e-06	0.00017463848000000002	98497	17
CACNG3	16	1.172e-06	0.0	111468	0
CALB2	16	9.469499999999999e-07	8.009766e-05	110543	8
CAPN15	16	2.2153e-06	7.173977e-05	98839	7
CAPNS2	16	4.787399999999999e-07	5.3374040000000004e-05	111178	5
CARHSP1	16	3.0317e-07	5.5852419999999995e-05	105777	5
CASKIN1	16	2.655e-06	8.92077e-06	104507	0
CASP16	16	3.2219e-07	0.0	100896	0
CBFA2T3	16	1.65e-06	5.027962000000001e-05	95555	4
CBFB	16	8.7527e-07	8.79075e-06	103952	0
CBLN1	16	2.7978000000000003e-07	8.79709e-06	112198	0
CCDC101	16	6.7995e-07	1.8479720000000003e-05	112274	2
CCDC102A	16	9.357899999999999e-07	7.113569000000001e-05	107974	7
CCDC113	16	1.3828e-06	0.00080894782	110512	89
CCDC135	16	2.4961e-06	0.00031075907	110689	34
CCDC154	16	1.5074000000000002e-06	8.29639e-05	84526	7
CCDC64B	16	1.7421e-06	0.00014689607	102482	15
CCDC78	16	1.5915000000000001e-06	0.0023152548499999997	101701	235
CCDC79	16	1.6151e-06	4.91275e-05	79496	3
CCL17	16	2.1750999999999997e-07	4.431062e-05	110663	4
CCL22	16	1.4675000000000001e-07	0.0	113046	0
CCNF	16	2.2247e-06	4.441192e-05	109374	4
CCP110	16	2.2646e-06	2.667938e-05	108847	2
CD19	16	1.3428e-06	2.6416190000000002e-05	107740	2
CD2BP2	16	8.697100000000001e-07	7.051293e-05	101320	7
CDH1	16	2.0207e-06	3.5187429999999997e-05	112030	3
CDH11	16	1.55e-06	0.0	110339	0
CDH13	16	1.4759000000000001e-06	6.352163000000001e-05	107618	6
CDH15	16	1.4961000000000002e-06	0.00020200888	102395	20
CDH16	16	2.0272e-06	0.00021562156000000003	109663	23
CDH3	16	1.8486000000000002e-06	8.816734000000001e-05	111791	9
CDH5	16	1.837e-06	9.132581e-05	109816	10
CDH8	16	1.6469999999999999e-06	8.92921e-06	111245	0
CDIP1	16	2.814e-07	0.0	105383	0
CDIPT	16	4.9887e-07	1.783732e-05	103078	1
CDK10	16	1.2720999999999999e-06	0.00024314727000000001	103006	25
CDR2	16	1.0376e-06	8.839482e-05	111519	9
CDT1	16	1.0889e-06	0.00011851778	105201	12
CDYL2	16	1.3884000000000001e-06	4.416022e-05	109662	4
CEMP1	16	0.0	0.0	108128	0
CENPBD1	16	9.1862e-10	0.0	103591	0
CENPN	16	1.2865999999999999e-06	7.081478e-05	108593	7
CENPT	16	1.3891e-06	8.413569e-05	110049	9
CES1	16	1.121e-06	0.01723489894	111291	1918
CES2	16	1.2885e-06	8.795037000000001e-05	109518	9
CES3	16	1.3215e-06	0.00034334480000000004	111941	38
CES4A	16	1.1458e-06	4.414104999999999e-05	107435	4
CES5A	16	2.0455e-06	0.11233164152999998	110709	12436
CETP	16	1.6581999999999999e-06	0.00030783647999999995	110954	34
CFDP1	16	8.9054e-07	3.518048e-05	109702	3
CHD9	16	7.6914e-06	0.00013420368999999998	105929	14
CHMP1A	16	4.7478e-07	2.918413e-05	106065	3
CHP2	16	6.594e-07	6.18204e-05	111165	6
CHST4	16	7.699299999999999e-07	6.160248e-05	108048	6
CHST5	16	7.243899999999999e-07	8.307803e-05	109113	9
CHST6	16	5.2245e-07	0.00010781396999999999	109038	11
CHTF18	16	2.9277999999999997e-06	0.00044682084999999997	99016	44
CHTF8	16	3.0760000000000003e-07	8.94791e-06	109087	0
CHTF8	16	2.0137e-07	8.94791e-06	109087	0
CIAPIN1	16	8.2821e-07	6.180833000000001e-05	112576	6
CIITA	16	2.8524e-06	0.00014988458000000002	111307	16
CIRH1A	16	2.3457e-06	4.406481e-05	112744	4
CKLF	16	3.1622e-07	1.759031e-05	108493	1
CKLF-CMTM1	16	1.0885e-07	8.873589999999999e-06	109837	0
CLCN7	16	2.2354e-06	5.2998690000000004e-05	102413	5
CLDN6	16	2.4024e-07	3.5613640000000003e-05	105016	3
CLDN9	16	2.3340999999999997e-07	3.529653e-05	106627	3
CLEC16A	16	2.3571000000000003e-06	7.339023e-05	105395	7
CLEC18A	16	2.9219e-07	1.9363979999999998e-05	105441	2
CLEC18B	16	8.0109e-07	0.00022057898999999998	105544	23
CLEC18C	16	2.6967e-07	4.48471e-05	94985	4
CLEC3A	16	6.544700000000001e-07	6.205060999999999e-05	110563	6
CLN3	16	1.2229e-06	0.00011605606000000002	103237	11
CLUAP1	16	1.3523e-06	8.870615e-05	107617	9
CMC2	16	1.1402000000000001e-07	8.8469e-06	111061	0
CMIP	16	1.9405000000000003e-06	1.58977e-05	102639	1
CMTM1	16	4.1831000000000004e-07	4.452989000000001e-05	110869	4
CMTM2	16	3.1279e-07	5.276029e-05	112849	5
CMTM3	16	2.8064e-07	1.7708399999999998e-05	109251	1
CMTM4	16	3.9308e-07	2.673509e-05	109571	2
CMTR2	16	1.0782e-06	0.00015065505	112697	16
CNEP1R1	16	3.9778e-07	1.822839e-05	100195	1
CNGB1	16	2.8889999999999998e-06	0.00055641558	110138	61
CNOT1	16	6.81e-06	0.0	110446	0
CNTNAP4	16	2.9964999999999996e-06	0.00014633688	106693	15
COG4	16	2.2132e-06	8.821347e-05	111968	9
COG7	16	2.1315000000000003e-06	0.00031679794	111965	35
COG8	16	1.0981000000000001e-06	0.00015024178999999997	109553	16
COQ7	16	5.12e-07	6.15877e-05	109737	6
COQ9	16	9.7753e-07	6.162485e-05	109453	6
CORO1A	16	1.0068e-06	1.776482e-05	110873	1
CORO7	16	3.1561e-06	0.00129207725	100928	130
CORO7-PAM16	16	3.5512999999999998e-06	0.00130090244	101053	131
COTL1	16	2.7741e-07	0.0	97482	0
COX4I1	16	5.759000000000001e-07	0.0	109305	0
COX6A2	16	1.1147e-07	0.0	104545	0
CPNE2	16	1.8506000000000001e-06	9.53108e-05	108382	10
CPNE7	16	1.6652000000000002e-06	0.00041550076	102624	42
CPPED1	16	6.2357e-07	6.194148e-05	108252	6
CRAMP1L	16	2.2753e-06	7.327439e-05	103134	7
CREBBP	16	6.7872e-06	8.79415e-06	110657	0
CRISPLD2	16	1.4074e-06	0.0003393148	111029	37
CRYM	16	5.9657e-07	5.29566e-05	110247	5
CSNK2A2	16	1.5934e-06	0.0	110468	0
CTB-134H23.2	16	4.6505e-08	0.0	97159	0
CTCF	16	1.6955000000000001e-06	0.0	108770	0
CTF1	16	1.242e-07	2.653667e-05	107761	2
CTRB1	16	3.0058e-07	1.11824e-05	101694	1
CTRB2	16	3.4881e-07	0.0	94059	0
CTRL	16	7.106900000000001e-07	6.659456e-05	110219	7
CTU2	16	1.4128999999999998e-06	0.00057370195	98380	56
CX3CL1	16	6.4148e-07	8.87422e-06	108534	0
CYB5B	16	3.7147e-07	1.817717e-05	107612	1
CYBA	16	3.7106000000000004e-07	7.803729999999999e-05	97052	7
CYLD	16	2.0656e-06	2.6562600000000002e-05	110319	2
DBNDD1	16	5.4596e-07	9.769115e-05	108382	10
DCTN5	16	6.1526e-07	3.530355e-05	112182	3
DCTPP1	16	3.1313e-07	8.793060000000001e-06	107666	0
DCUN1D3	16	6.2636e-07	8.80173e-06	112239	0
DDX19A	16	1.5628999999999999e-06	1.761466e-05	109464	1
DDX19B	16	1.3509e-06	7.092645000000001e-05	111257	7
DDX28	16	7.707899999999999e-07	6.40049e-05	106765	6
DECR2	16	7.7461e-07	0.00015722403999999997	106369	16
DEF8	16	1.662e-06	4.4683019999999994e-05	105362	4
DEXI	16	5.0848000000000006e-08	0.0	100689	0
DHODH	16	9.0013e-07	7.948430000000001e-05	102703	8
DHX38	16	4.0422e-06	0.00017770751	110012	19
DNAAF1	16	1.6266999999999998e-06	0.0004575661599999999	108799	49
DNAH3	16	9.8463e-06	0.0024977572600000005	111834	279
DNAJA2	16	1.2888e-06	8.79229e-06	108637	0
DNAJA3	16	1.2912e-06	4.4242299999999995e-05	106795	4
DNASE1	16	8.0237e-07	0.00029388541	109926	32
DNASE1L2	16	6.294e-07	0.00044991028	103686	46
DOC2A	16	1.0097e-06	2.64079e-05	104441	2
DOK4	16	7.431100000000001e-07	8.82613e-06	110466	0
DPEP1	16	7.954200000000001e-07	0.00014794091999999998	109933	16
DPEP2	16	7.839e-07	0.0033862073700000003	111188	376
DPEP3	16	9.5159e-07	7.066363e-05	109937	7
DUS2	16	2.1412e-06	0.00024634597999999996	110085	27
DYNC1LI2	16	1.2363e-06	8.80793e-06	107736	0
DYNLRB2	16	3.0725e-07	3.601329e-05	110477	3
E2F4	16	8.9507e-07	8.85395e-06	108810	0
E4F1	16	1.4601e-06	6.132731e-05	102658	6
EARS2	16	1.1654e-06	0.00011543589	105940	12
ECI1	16	6.9946e-07	0.00052059249	100364	52
EDC4	16	3.9047e-06	9.741798e-05	111160	10
EEF2K	16	2.3866e-06	0.00120499555	110319	132
EIF3C	16	1.7921e-07	0.00010781950000000001	110335	11
EIF3CL	16	2.6558e-07	3.76104e-05	88680	3
ELMO3	16	2.1387999999999997e-06	0.00543683277	109944	597
EMC8	16	5.3909e-07	9.065030000000001e-06	110495	1
EME2	16	7.6128e-07	0.00015309265	105108	16
EMP2	16	2.9789000000000003e-07	9.681551e-05	111596	10
ENKD1	16	7.205199999999999e-07	0.00036068453999999996	107634	38
ERCC4	16	2.1278e-06	0.00015870732	112201	17
ERI2	16	1.2999e-06	9.394051e-05	93698	8
ERN2	16	3.0535e-06	0.00050424233	109838	55
ESRP2	16	2.0409000000000002e-06	0.00011562486000000001	109277	12
EXOC3L1	16	1.8837e-06	0.00431213508	106555	459
EXOSC6	16	9.345100000000001e-08	0.0	107345	0
FA2H	16	1.0706e-06	5.291221e-05	104783	5
FAHD1	16	3.1115e-07	0.000159626	110342	17
FAM173A	16	3.6559e-07	6.3919e-05	101004	6
FAM192A	16	9.4889e-07	3.5328990000000006e-05	111172	3
FAM195A	16	2.0362000000000002e-07	1.45548e-05	105884	1
FAM57B	16	6.0732e-07	2.6436720000000002e-05	107997	2
FAM65A	16	3.3566e-06	3.552011e-05	109914	3
FAM86A	16	7.6247e-07	0.00047192050000000003	109063	51
FAM92B	16	7.854600000000001e-07	0.00022592769000000001	109050	24
FAM96B	16	2.2988000000000004e-07	9.320010000000001e-06	107219	0
FANCA	16	4.242200000000001e-06	0.0007619463499999999	109430	83
FBRS	16	1.4544999999999998e-06	8.902180000000001e-06	101605	0
FBXL16	16	7.105800000000001e-07	0.0	100973	0
FBXL19	16	1.9494999999999997e-06	0.0	98651	0
FBXL8	16	3.3466e-07	0.0007175958099999999	98811	70
FBXO31	16	1.2514e-06	2.6990559999999996e-05	107070	2
FHOD1	16	2.5975e-06	0.00073216117	108789	79
FLJ00104	16	0.0	0.0	109713	0
FLJ00418	16	0.0	0.0	99131	0
FLYWCH1	16	1.6934e-06	0.00047672915	100527	47
FLYWCH2	16	1.0904000000000002e-07	0.0	106316	0
FOPNL	16	6.341e-07	4.4051130000000005e-05	109529	4
FOXC2	16	4.2671999999999995e-07	9.05059e-06	108203	0
FOXF1	16	4.4898999999999995e-07	0.0	104804	0
FOXL1	16	2.7504999999999996e-07	2.6544899999999997e-05	107319	2
FTO	16	1.5905e-06	7.068938e-05	111141	7
FUK	16	2.8357e-06	0.0008320982799999999	106611	88
FUS	16	2.2816e-06	1.7629979999999998e-05	107261	1
GABARAPL2	16	3.1135e-07	4.405679e-05	109955	4
GALNS	16	1.2243e-06	0.00013427245	103490	13
GAN	16	1.8062e-06	7.050315e-05	112335	7
GAS8	16	1.3319e-06	0.00010634971000000002	105265	11
GCSH	16	3.0714000000000004e-07	6.175781999999999e-05	109498	6
GDE1	16	7.941500000000001e-07	5.292401999999999e-05	109540	5
GDPD3	16	1.3187e-06	0.0004258485	110858	47
GFER	16	2.9682e-07	0.0001009664	101492	10
GFOD2	16	6.4782e-07	3.521209e-05	111885	3
GGA2	16	1.6001e-06	0.0001681416	109476	18
GINS2	16	5.7905e-07	8.165147e-05	106910	8
GINS3	16	4.891399999999999e-07	6.158054e-05	110162	6
GLG1	16	4.4515e-06	0.0008785051400000001	109511	96
GLIS2	16	7.466599999999999e-07	8.954479999999999e-06	105137	0
GLYR1	16	1.6842e-06	8.793060000000001e-06	104883	0
GNAO1	16	9.377799999999999e-07	1.76641e-05	109592	1
GNG13	16	1.2222000000000002e-07	0.00024036619999999998	102470	24
GNPTG	16	1.0189e-06	0.00023432299	105531	24
GOT2	16	9.7783e-07	3.6371409999999996e-05	111581	4
GP2	16	1.6679e-06	0.00063644777	111366	70
GPR114	16	9.8449e-07	3.619082e-05	109327	3
GPR139	16	4.5438999999999993e-07	1.759975e-05	110850	1
GPR56	16	1.8943e-06	0.00017666243000000003	111085	19
GPR97	16	1.31e-06	0.00013679747	110809	15
GPRC5B	16	8.0757e-07	4.4148270000000003e-05	112716	4
GPT2	16	1.2037e-06	8.7926e-06	109809	0
GRIN2A	16	2.4551e-06	3.529614e-05	112218	3
GSE1	16	2.5432e-06	1.770195e-05	106283	1
GSG1L	16	7.5961e-07	1.778521e-05	104478	1
GSPT1	16	1.4353999999999998e-06	0.0	100031	0
GTF3C1	16	5.817100000000001e-06	3.5169320000000004e-05	109306	3
HAGH	16	5.8905e-07	4.4149940000000005e-05	110309	4
HAGHL	16	4.1776000000000006e-07	1.875691e-05	102815	1
HAS3	16	1.5582e-06	1.7593870000000002e-05	108828	1
HBA1	16	1.2939e-07	5.0772799999999996e-05	101324	5
HBA2	16	7.863900000000001e-08	9.80584e-06	105344	1
HBM	16	1.7670000000000001e-07	0.000856816	93552	80
HBQ1	16	1.2792e-07	1.4256400000000001e-05	97794	1
HBZ	16	7.0996e-08	1.7754900000000002e-05	110275	1
HCFC1R1	16	2.4256e-07	5.113674e-05	104499	5
HEATR3	16	1.1845e-06	8.501186e-05	106072	9
HERPUD1	16	1.0458e-06	8.83767e-06	109116	0
HIRIP3	16	1.3533e-06	1.92039e-05	105359	2
HMOX2	16	8.016800000000001e-07	0.00016792747	104664	17
HN1L	16	3.7270000000000005e-07	1.7699189999999997e-05	109233	1
HP	16	7.9753e-07	9.837877e-05	106643	10
HPR	16	6.8846e-07	0.0002651271	110402	29
HS3ST2	16	1.0742e-06	1.7587520000000002e-05	102790	1
HS3ST4	16	5.564800000000001e-07	1.3738900000000002e-05	105583	1
HS3ST6	16	2.9447e-07	0.0	99238	0
HSBP1	16	1.3642e-07	0.0	99358	0
HSD11B2	16	4.1398000000000006e-07	8.8308e-06	111282	0
HSD17B2	16	6.0509e-07	0.00104089019	110740	115
HSD3B7	16	7.667100000000001e-07	0.0001393706	109462	15
HSDL1	16	6.1649e-07	2.643305e-05	110069	2
HSF4	16	1.0532e-06	0.00026227031	100705	26
HYDIN	16	9.3509e-06	0.0005434485299999999	104060	56
IFT140	16	4.0225e-06	0.00044299365999999994	107906	47
IGFALS	16	5.6736e-07	6.0041859999999996e-05	100009	6
IGSF6	16	4.6295e-07	1.792856e-05	111133	1
IL17C	16	3.1607e-07	3.677316e-05	103540	3
IL21R	16	9.8371e-07	0.0	108769	0
IL27	16	5.040299999999999e-07	8.834080000000001e-06	99137	0
IL32	16	4.1128e-07	3.04338e-05	106159	3
IL34	16	5.495e-07	2.9206199999999998e-05	100558	2
IL4R	16	9.0551e-07	6.166919e-05	112540	6
INO80E	16	4.8122e-07	0.00034297931000000005	105231	36
IQCK	16	6.7319e-07	3.5836999999999996e-05	110413	3
IRF8	16	1.2112e-06	1.761308e-05	110087	1
IRX3	16	4.955e-07	0.0	102841	0
IRX5	16	7.285899999999999e-07	0.0	104724	0
IRX6	16	1.0596e-06	0.00026966903	109027	29
IST1	16	9.227600000000001e-07	0.00047098153	106128	49
ITFG1	16	1.6938e-06	6.285904e-05	106144	6
ITFG3	16	1.3200999999999999e-06	0.00058666084	106934	62
ITFG3	16	1.2381999999999999e-06	0.00058666084	106934	62
ITGAD	16	3.2951e-06	0.00284747892	109200	310
ITGAL	16	2.9693e-06	9.686188e-05	110455	10
ITGAM	16	3.0506e-06	0.00041122175999999997	106053	43
ITGAX	16	3.2961e-06	0.00023880673	109866	26
ITPRIPL2	16	7.2792e-07	1.895606e-05	107861	2
JMJD8	16	6.0282e-07	0.00019364089	103264	19
JPH3	16	1.0089e-06	1.01368e-05	105578	1
KARS	16	1.6065e-06	9.070544e-05	109874	9
KAT8	16	1.2085e-06	6.165566e-05	110470	6
KATNB1	16	2.085e-06	8.858404000000001e-05	108585	9
KCNG4	16	6.854999999999999e-07	0.00020161359	108402	21
KCTD13	16	6.752199999999999e-07	4.443892e-05	106696	4
KCTD19	16	2.3131999999999997e-06	0.00023961034	109966	26
KCTD5	16	5.9735e-07	1.864924e-05	101487	1
KDM8	16	1.0988e-06	4.454148e-05	109936	4
KIAA0430	16	3.6595e-06	3.5417959999999996e-05	109495	3
KIAA0513	16	1.2112e-06	4.809679e-05	109489	5
KIAA0556	16	4.2212e-06	0.0010027926699999999	110128	110
KIAA0895L	16	1.0291e-06	4.685202999999999e-05	105805	4
KIF22	16	2.0024e-06	8.118075e-05	106389	8
KIFC3	16	2.6944e-06	0.00016962688	107626	18
KLHDC4	16	1.1284999999999999e-06	0.00036026657	109962	39
KLHL36	16	1.0704000000000002e-06	1.822971e-05	108564	1
KNOP1	16	8.060600000000001e-07	4.4234040000000007e-05	110859	4
KREMEN2	16	9.215799999999999e-07	3.734087e-05	102047	3
LAT	16	1.1218e-06	1.766308e-05	109023	1
LCAT	16	7.5685e-07	7.055324e-05	109894	7
LCMT1	16	1.0970999999999998e-06	1.7716370000000003e-05	105640	1
LDHD	16	1.3947e-06	0.00031930625	108921	34
LITAF	16	2.5431999999999996e-07	8.82566e-06	104152	0
LMF1	16	1.4297e-06	0.00040781197	102330	41
LONP2	16	2.3205e-06	0.00123525213	109436	135
LPCAT2	16	1.6266999999999998e-06	9.984983e-05	109866	10
LRRC29	16	6.6751e-07	0.00408223431	107878	440
LRRC36	16	1.815e-06	0.00022105652000000003	109677	24
LUC7L	16	1.5000999999999998e-06	3.525619e-05	111267	3
LYRM1	16	5.706600000000001e-07	0.00023748849999999998	111612	26
MAF	16	3.8764000000000005e-07	0.0	97922	0
MAP1LC3B	16	5.7578e-07	1.760549e-05	111469	1
MAPK3	16	1.0769e-06	4.423747e-05	110264	4
MAPK8IP3	16	3.3967e-06	3.659032e-05	105828	3
MARVELD3	16	8.491500000000001e-07	9.565724e-05	108733	10
MAZ	16	6.7715e-07	7.31034e-05	105925	7
MBTPS1	16	3.019e-06	0.00014277754	109602	15
MC1R	16	3.4694e-07	0.00072692334	110717	80
MEFV	16	1.4928e-06	0.00016113987	108609	17
MEIOB	16	1.1449e-06	0.00011783839	88506	10
METRN	16	2.0369e-07	2.6962399999999998e-05	100727	2
METTL22	16	1.3980000000000002e-06	0.0005616861599999999	110017	61
METTL9	16	5.9832e-07	1.2826099999999999e-05	109143	1
MGRN1	16	1.6002000000000002e-06	4.4244709999999994e-05	105752	4
MKL2	16	2.3826e-06	1.7626589999999998e-05	111064	1
MLKL	16	1.4798e-06	0.00024788398	112203	27
MLST8	16	1.113e-06	5.3498430000000005e-05	106801	5
MLYCD	16	8.3484e-07	8.130786e-05	109516	8
MMP15	16	1.7236000000000001e-06	5.39596e-05	105235	5
MMP2	16	1.6774e-06	1.758442e-05	110551	1
MMP25	16	1.3685e-06	0.00062103511	105939	65
MON1B	16	1.4265e-06	3.5717759999999996e-05	107185	3
MPG	16	1.2464e-06	0.00089138183	103029	91
MPHOSPH6	16	3.4614000000000005e-07	4.495322e-05	104856	4
MPV17L	16	3.6389e-07	3.539775e-05	107047	3
MRPL28	16	6.9479e-07	0.0001603862	109696	17
MRPS34	16	2.0588000000000001e-07	3.580887e-05	105979	3
MSLN	16	1.4949e-06	0.00046434083	103923	48
MSLNL	16	1.7305000000000002e-06	0.0018854704100000003	102495	193
MSRB1	16	2.3471e-07	6.22344e-05	106560	6
MT1A	16	1.0322000000000001e-07	8.79183e-06	113555	0
MT1B	16	1.1469000000000002e-07	1.75812e-05	110240	1
MT1E	16	1.0254000000000002e-07	8.790130000000001e-06	110415	0
MT1F	16	1.3418e-07	0.0	112750	0
MT1G	16	1.0285e-07	7.033647e-05	110979	7
MT1H	16	1.2699000000000003e-07	8.792646e-05	110979	9
MT1M	16	1.0322000000000001e-07	1.759371e-05	112714	1
MT1X	16	1.3527999999999998e-07	0.0006593433	112524	74
MT2A	16	1.4290999999999997e-07	4.396645e-05	113044	4
MT3	16	1.6133e-07	0.0	105317	0
MT4	16	1.4629000000000002e-07	0.00016753503	108990	18
MTHFSD	16	7.4309e-07	0.00047762524000000004	106317	50
MTSS1L	16	1.8519e-06	3.062721e-05	100775	3
MVD	16	9.8709e-07	0.00027985843	98117	27
MVP	16	1.8265e-06	0.0002408693	105917	25
MYH11	16	6.2499e-06	0.00011436943999999999	111869	12
MYLK3	16	1.6617e-06	7.999669e-05	110230	8
MYLPF	16	3.8176e-07	5.28709e-05	109401	5
N4BP1	16	1.4653e-06	6.404831e-05	109662	7
NAA60	16	5.1198e-07	8.86635e-06	104527	0
NAA60	16	5.1198e-07	8.86635e-06	104527	0
NAE1	16	2.1582e-06	9.797374e-05	108111	10
NAGPA	16	9.315399999999999e-07	0.00010085015	100037	10
NARFL	16	1.3656e-06	0.00014202076	103388	14
NDE1	16	1.1989e-06	2.6385840000000004e-05	110177	2
NDRG4	16	1.1701e-06	9.763115e-05	108402	10
NDUFAB1	16	2.6537e-07	8.7909e-06	104679	0
NDUFB10	16	4.1161e-07	2.7257409999999998e-05	103435	2
NECAB2	16	9.773e-07	0.00011498686000000002	110800	12
NETO2	16	1.9262e-06	5.2979530000000005e-05	112213	5
NFAT5	16	4.1732999999999995e-06	7.395805e-05	108584	8
NFATC2IP	16	8.610799999999999e-07	6.827686e-05	108082	7
NFATC3	16	2.6581e-06	1.758119e-05	111179	1
NHLRC4	16	0.0	0.0	97619	0
NIP7	16	4.4215e-07	2.63975e-05	111530	2
NKD1	16	1.5031e-06	0.0	108664	0
NLRC3	16	1.9009e-06	0.0003381021	103372	34
NLRC5	16	4.3004e-06	0.00022690193999999999	110228	25
NME3	16	2.2963e-07	8.160368e-05	105716	8
NME4	16	2.7852e-07	6.272803e-05	107881	6
NMRAL1	16	6.5637e-07	0.00012345896	109853	13
NOB1	16	1.0220000000000001e-06	0.00012397112	110509	13
NOD2	16	2.1777e-06	0.00037900143	110498	41
NOL3	16	3.0327e-07	0.0013802851800000001	105018	144
NOMO1	16	2.1625e-06	0.00016924080000000003	107702	18
NOMO2	16	8.522e-07	0.0001763921	106538	18
NOMO3	16	9.7944e-07	0.0001192173	105481	12
NOXO1	16	6.898e-07	0.0005233354900000001	106683	55
NPIPA1	16	1.6119999999999998e-08	0.0	94423	0
NPIPA2	16	0.0	0.0	85561	0
NPIPA5	16	5.6060999999999995e-08	0.0	104411	0
NPIPA7	16	2.5166e-08	0.0	100122	0
NPIPA8	16	1.0857000000000001e-08	0.0	78439	0
NPIPB11	16	4.1582000000000003e-07	4.50846e-05	100437	4
NPIPB15	16	2.5553e-07	6.269523e-05	98434	6
NPIPB3	16	6.421400000000001e-08	0.0	105160	0
NPIPB4	16	3.36e-07	3.9212600000000005e-05	93807	3
NPIPB5	16	0.0	0.0	84222	0
NPIPB6	16	1.1277000000000001e-07	2.21707e-05	85132	1
NPIPB7	16	5.524e-08	5.07516e-05	79611	4
NPIPB8	16	9.2976e-08	4.33988e-05	83103	3
NPIPB9	16	1.2742e-07	0.0	76313	0
NPRL3	16	1.1792e-06	2.4835039999999998e-05	100174	2
NPW	16	1.3435e-07	1.03957e-05	94166	0
NQO1	16	7.8759e-07	0.00014152309	112408	15
NRN1L	16	3.3507e-07	3.662663e-05	109751	4
NSMCE1	16	6.522800000000001e-07	3.576177e-05	111595	3
NTAN1	16	7.8184e-07	7.063865e-05	111890	7
NTHL1	16	6.6759e-07	0.00220416732	102962	226
NTN3	16	7.728100000000001e-07	6.385892e-05	108214	6
NUBP1	16	7.296e-07	0.00028570765	105566	30
NUBP2	16	4.1769e-07	2.9322329999999997e-05	101902	2
NUDT16L1	16	3.5966000000000003e-07	9.1659e-06	99638	0
NUDT21	16	5.437300000000001e-07	0.0	110902	0
NUDT7	16	2.459e-07	0.00193711564	106368	206
NUP93	16	2.8863e-06	0.00014918423000000002	110713	16
NUPR1	16	9.6731e-08	0.0	110328	0
NUTF2	16	4.777899999999999e-07	0.0	110705	0
OGFOD1	16	1.4297999999999998e-06	0.00014081478	111464	15
OR1F1	16	2.0238e-07	0.00067692985	112282	76
OR2C1	16	4.1060000000000004e-07	8.810321e-05	111842	9
ORAI3	16	2.6914000000000004e-07	5.657048000000001e-05	107292	6
ORC6	16	6.1702e-07	0.00011732606000000001	105592	12
OSGIN1	16	1.0224e-06	5.349941e-05	105731	5
OTOA	16	2.4002e-06	0.00036096519	110815	40
PABPN1L	16	8.854999999999999e-07	0.00030879679	98944	30
PAGR1	16	3.7865e-07	3.81136e-05	102763	3
PAGR1	16	3.7865e-07	3.81136e-05	102763	3
PALB2	16	2.294e-06	0.00033636757000000007	112414	37
PAM16	16	3.9604999999999995e-07	8.825189999999999e-06	100290	0
PAPD5	16	1.5555000000000002e-06	0.0	108552	0
PAQR4	16	3.8321999999999996e-07	4.560888e-05	99697	4
PARD6A	16	7.8709e-07	3.529049e-05	107344	3
PARN	16	1.9276e-06	5.40076e-05	104480	5
PDF	16	2.3011e-07	1.82438e-05	107299	1
PDIA2	16	1.0239e-06	0.012233965020000001	106236	1299
PDILT	16	1.2295e-06	6.166831e-05	113221	6
PDP2	16	9.3546e-07	7.036757e-05	112417	7
PDPK1	16	9.6289e-07	7.91084e-05	108512	8
PDPR	16	2.4273e-06	0.0006691549499999999	109081	72
PDXDC1	16	1.8928000000000001e-06	0.00027324787	109595	29
PDZD9	16	5.058699999999999e-07	1.766658e-05	109980	1
PGP	16	2.6888e-07	9.10515e-06	107868	0
PHKB	16	3.4062e-06	0.00280631408	111618	313
PHKG2	16	1.3459000000000001e-06	4.2766000000000004e-05	109767	4
PHLPP2	16	3.5304e-06	0.00011463266000000002	112030	12
PIEZO1	16	5.5436e-06	1.65618e-05	86120	1
PIGQ	16	1.1534e-06	9.810991e-05	103901	10
PKD1	16	7.314500000000001e-06	7.38509e-05	102033	7
PKD1L2	16	3.7729999999999997e-07	1.768521e-05	106304	1
PKMYT1	16	9.663799999999998e-07	9.38932e-06	99642	0
PLA2G10	16	2.0554999999999998e-08	0.0	113046	0
PLA2G15	16	8.468700000000001e-07	5.311630999999999e-05	109396	5
PLCG2	16	4.6870999999999996e-06	7.072828000000001e-05	110445	7
PLEKHG4	16	3.748e-06	0.0009335255999999999	111249	103
PLK1	16	1.2911000000000002e-06	2.645598e-05	110858	2
PLLP	16	3.0571e-07	1.7599279999999998e-05	111434	1
PMFBP1	16	3.2008999999999997e-06	0.0008892217999999999	112174	99
PMM2	16	8.2909e-07	0.00026197068	107778	28
POLR2C	16	1.1359e-06	4.599862e-05	109400	5
POLR3E	16	2.1671e-06	0.00023130004000000001	109769	25
POLR3K	16	2.1658000000000002e-07	9.16573e-06	109104	1
PPL	16	4.4285e-06	0.00051322431	111209	57
PPP4C	16	9.7037e-07	1.802737e-05	110163	1
PRDM7	16	1.4241e-06	0.0002470895	113004	27
PRKCB	16	1.8361e-06	0.0	110383	0
PRM1	16	8.930199999999999e-08	0.0	112248	0
PRM2	16	3.8982e-07	4.4323900000000004e-05	109576	4
PRM3	16	2.9459e-08	0.0	108506	0
PRMT7	16	1.9171000000000002e-06	0.00039730288	107849	42
PRR14	16	1.7416999999999998e-06	3.586261e-05	108761	3
PRR25	16	4.8479e-07	0.00020994075	101489	21
PRRT2	16	6.830299999999999e-07	0.0	103363	0
PRSS21	16	9.0902e-07	6.162816999999998e-05	108232	6
PRSS22	16	5.382399999999999e-07	1.762809e-05	104324	1
PRSS27	16	5.281800000000001e-07	4.80838e-05	98039	4
PRSS33	16	6.157899999999999e-07	0.00022407916	101432	22
PRSS36	16	2.1547e-06	0.0004957459900000001	105855	52
PRSS53	16	1.1663e-06	0.00026005662	108425	28
PRSS54	16	4.6595e-07	1.770775e-05	110740	1
PRSS8	16	5.754e-07	8.875950000000001e-06	109960	0
PSKH1	16	7.754999999999999e-07	2.640178e-05	110662	2
PSMB10	16	5.301100000000001e-07	0.0007445637599999998	110647	82
PSMD7	16	8.954200000000001e-07	3.6508259999999995e-05	110118	4
PTX4	16	1.0215e-06	0.00014363554	105767	15
PYCARD	16	1.7195999999999999e-07	4.06183e-05	102054	4
PYDC1	16	0.0	0.0	106776	0
QPRT	16	4.9457e-07	8.876580000000001e-06	106532	0
RAB11FIP3	16	1.4459e-06	2.6484970000000003e-05	104944	2
RAB26	16	5.4859e-07	4.493012e-05	111054	4
RAB40C	16	6.204699999999999e-07	2.665995e-05	100311	2
RABEP2	16	1.6229e-06	7.153402e-05	109314	7
RANBP10	16	1.8046e-06	3.5738e-05	107638	3
RBBP6	16	4.8974e-06	0.0	110011	0
RBFOX1	16	1.5899e-06	8.82052e-06	109884	0
RBL2	16	2.6032e-06	5.285882e-05	107400	5
RFWD3	16	2.2667e-06	0.00015131517	110967	16
RGS11	16	1.6384999999999999e-06	0.010946037649999999	105060	1149
RHBDF1	16	2.1978999999999997e-06	0.00024022863999999998	108878	26
RHBDL1	16	7.389799999999999e-07	1.987835e-05	107454	2
RHOT2	16	1.7490000000000001e-06	0.00028125089	106369	29
RLTPR	16	4.4524e-06	0.00020720688000000002	107207	22
RMI2	16	6.4679e-08	2.0560100000000003e-05	106188	2
RNF151	16	2.9103000000000003e-07	7.031091999999999e-05	99891	7
RNF166	16	5.5958e-07	1.7785e-05	101698	1
RNF40	16	3.9455e-06	0.00071898929	109145	78
RNPS1	16	5.8558e-07	0.0	103326	0
ROGDI	16	6.565300000000001e-07	7.627859999999999e-05	101273	7
RP11-1021N1.1	16	1.6765999999999998e-07	0.0	101868	0
RP11-1035H13.3	16	7.857600000000001e-07	1.7650999999999998e-05	110128	1
RP11-166B2.1	16	4.2527e-07	0.00017106205000000003	104459	17
RP11-178L8.4	16	6.1927e-07	0.0	108778	0
RP11-196G11.1	16	3.6751e-07	0.0	104609	0
RP11-20I23.1	16	4.946800000000001e-07	0.00014314611999999998	106799	15
RP11-343C2.11	16	1.0966e-06	8.85661e-06	106750	0
RP11-343C2.12	16	1.9832999999999998e-07	1.817735e-05	107900	1
RP11-343C2.9	16	4.7207e-07	7.098682e-05	110596	7
RP11-368I7.4	16	3.5177e-07	0.0	104731	0
RP11-529K1.3	16	8.3307e-07	6.213199000000001e-05	110219	6
RP11-58C22.1	16	1.1294e-07	0.0	107408	0
RP11-77K12.1	16	2.6306e-07	2.70623e-05	105197	2
RP11-812E19.9	16	2.93e-07	4.6653e-05	106852	4
RPGRIP1L	16	4.15e-06	0.00067922154	111514	75
RPL13	16	5.5738e-07	0.0	105220	0
RPL3L	16	1.0229e-06	0.0022705203	105790	240
RPS15A	16	2.2594000000000002e-07	0.0	110181	0
RPS2	16	4.484e-07	8.91409e-06	100852	0
RPUSD1	16	4.0652e-07	0.00044332347	99421	44
RRAD	16	5.0067e-07	0.0	107351	0
RRN3	16	1.6604e-06	9.070865e-05	105769	9
RSL1D1	16	1.0323999999999998e-06	0.00013714343000000001	110903	15
RSPRY1	16	1.7416999999999998e-06	1.758922e-05	110903	1
SALL1	16	1.7815e-06	8.95031e-06	112895	1
SBK1	16	3.8348e-07	8.78966e-06	106080	0
SCNN1B	16	1.5947e-06	9.674550999999999e-05	112917	10
SCNN1G	16	1.5858000000000001e-06	3.516592e-05	113024	3
SDR42E1	16	5.3387e-07	0.12957849396999999	111873	14496
SEC14L5	16	1.8891999999999998e-06	0.00017872615	102872	18
SEPHS2	16	6.7533e-07	2.652907e-05	106767	2
SEPT1	16	1.1055e-06	0.00015020555000000001	109401	16
SEPT1	16	9.9551e-07	0.00015020555000000001	109401	16
SEPT12	16	8.019100000000001e-07	0.00026468552000000005	110356	29
SETD1A	16	3.7187e-06	1.800916e-05	107901	1
SETD6	16	9.0706e-07	0.00023437199	108692	25
SEZ6L2	16	1.8744999999999998e-06	9.919359e-05	107230	10
SF3B3	16	4.0952999999999996e-06	4.408082e-05	111641	4
SH2B1	16	1.5980000000000002e-06	1.7850620000000003e-05	108707	1
SHCBP1	16	1.6352e-06	0.00033967165999999996	109602	37
SHISA9	16	8.226000000000001e-07	1.6603599999999998e-05	60778	1
SIAH1	16	8.7027e-07	8.791669999999999e-06	111523	0
SLC12A3	16	2.6874e-06	0.00097322784	110076	107
SLC12A4	16	2.8183999999999996e-06	0.00018035726	110071	19
SLC22A31	16	6.8729e-07	0.0	100295	0
SLC38A7	16	1.1145999999999999e-06	9.003502e-05	105124	9
SLC38A8	16	9.536e-07	0.00023126181	110524	25
SLC5A11	16	1.4173e-06	0.0014076651999999999	111822	157
SLC5A2	16	1.4324e-06	0.00021115769	110399	23
SLC6A2	16	1.4184999999999998e-06	6.179349e-05	112461	6
SLC7A5	16	9.074700000000001e-07	3.567868e-05	107352	3
SLC7A6	16	8.630700000000001e-07	0.00016707948	112855	18
SLC7A6OS	16	7.217699999999999e-07	8.85865e-06	108755	0
SLC9A3R2	16	8.9374e-07	0.0	98403	0
SLC9A5	16	2.4943999999999998e-06	0.00031847257000000004	109278	34
SLX1A	16	2.6839000000000004e-07	2.96191e-05	89811	2
SLX1B	16	1.2987e-07	0.0015158671	86433	131
SLX4	16	3.6886e-06	0.00031119706	111714	34
SMG1	16	9.0841e-06	1.782465e-05	104475	1
SMIM22	16	1.1198e-07	0.0	106463	0
SMPD3	16	1.4013999999999998e-06	1.8102829999999998e-05	106400	1
SNAI3	16	4.2597e-07	3.57667e-05	104491	3
SNN	16	8.3132e-08	0.0	111870	0
SNRNP25	16	6.4154e-07	6.157991e-05	109602	6
SNTB2	16	1.1813e-06	5.2977200000000005e-05	111089	5
SNX20	16	3.8989000000000006e-07	5.460255e-05	102270	5
SNX29	16	2.106e-06	0.00020812311000000002	108628	22
SOCS1	16	1.1868e-07	0.0	89128	0
SOX8	16	6.0708e-07	1.0491199999999999e-05	98348	1
SPATA2L	16	5.4429e-07	3.628729e-05	102742	3
SPATA33	16	1.4377e-07	2.64383e-05	110227	2
SPG7	16	2.25e-06	0.0008703186099999999	109557	95
SPIRE2	16	1.6941e-06	0.00031828875	104959	33
SPN	16	1.4614e-07	0.0	105004	0
SPNS1	16	1.0281e-06	3.586041e-05	109111	3
SPSB3	16	7.1878e-07	3.587277e-05	108118	3
SRCAP	16	7.5433e-06	1.760362e-05	111272	1
SRL	16	7.284399999999999e-07	0.00010707735	111041	11
SRRM2	16	9.4907e-06	6.16792e-05	110112	6
SSTR5	16	2.7429e-07	1.886621e-05	106523	2
ST3GAL2	16	1.0858e-06	0.0	108759	0
STUB1	16	1.0159e-06	2.668e-05	102870	2
STX1B	16	9.04e-07	8.807310000000002e-06	109042	0
STX4	16	8.2542e-07	0.00025647743	110680	28
SULT1A1	16	8.584600000000001e-07	0.00022031389	111429	24
SULT1A2	16	8.713799999999999e-07	0.00019344875	112185	21
SULT1A3	16	3.1200999999999996e-08	0.0	89811	0
SULT1A4	16	3.9434e-08	0.0	86433	0
SYCE1L	16	7.6858e-07	8.25826e-05	94678	7
SYNGR3	16	2.7425999999999997e-07	0.0	96040	0
SYT17	16	9.0596e-07	7.942146e-05	111608	8
TAF1C	16	2.1248e-06	0.00017020175	107246	18
TANGO6	16	2.3609e-06	0.00026568583	106116	28
TAOK2	16	2.9424e-06	2.74477e-05	107432	2
TAT	16	1.3884000000000001e-06	6.158261e-05	109890	6
TBC1D10B	16	1.6151e-06	2.573616e-05	101570	2
TBC1D24	16	9.001700000000001e-07	0.00015209162	108087	16
TBL3	16	2.2186000000000002e-06	0.0001533833	104783	16
TBX6	16	1.147e-06	6.289899000000001e-05	109503	6
TCEB2	16	1.9613e-07	1.759046e-05	105729	1
TCF25	16	1.6831e-06	4.471776e-05	106844	4
TEKT5	16	1.1092000000000001e-06	0.00015920097	111544	17
TELO2	16	2.086e-06	0.00018166006999999998	105194	19
TEPP	16	6.277e-07	7.08088e-05	104621	7
TERF2	16	1.1475e-06	2.6780729999999998e-05	110125	2
TERF2IP	16	6.7293e-07	0.00010123684000000001	105182	10
TFAP4	16	9.059700000000001e-07	0.0	105691	0
TGFB1I1	16	1.1655e-06	7.420505999999999e-05	106443	7
THAP11	16	4.4603000000000003e-07	0.00015507299999999998	107293	16
THOC6	16	1.3068000000000001e-06	5.2875190000000004e-05	102826	5
THUMPD1	16	8.947599999999999e-07	0.00017158381999999998	104501	17
TIGD7	16	1.3573e-06	0.00029383676	104522	30
TK2	16	7.2381e-07	7.921729e-05	110043	8
TLDC1	16	8.4484e-07	0.00062740954	111004	69
TMC5	16	2.4735e-06	0.0002572207	112435	28
TMC7	16	1.8481e-06	0.0010339064699999999	110795	114
TMED6	16	6.8524e-07	0.00014065103	111503	15
TMEM114	16	1.0562999999999999e-07	0.0	59638	0
TMEM159	16	2.205e-07	5.288837e-05	112148	5
TMEM170A	16	3.0927e-07	4.6063679999999996e-05	102718	4
TMEM186	16	5.3771e-07	7.91404e-05	108812	8
TMEM204	16	4.349e-07	0.0	109541	0
TMEM208	16	5.655199999999999e-07	9.90082e-05	109211	10
TMEM219	16	4.6146e-07	3.561938e-05	112042	3
TMEM231	16	1.05e-06	0.00053155574	100853	53
TMEM8A	16	1.5612e-06	0.00011051128	106600	11
TNFRSF12A	16	2.1483e-07	3.11727e-05	108590	3
TNFRSF17	16	3.2824e-07	9.70802e-05	112600	10
TNP2	16	1.5175000000000002e-07	2.6560890000000004e-05	106641	2
TNRC6A	16	5.017699999999999e-06	2.6431890000000003e-05	109539	2
TOX3	16	1.1388e-06	9.32053e-06	105460	0
TP53TG3D	16	2.3823e-07	4.63189e-05	101320	4
TPPP3	16	1.9675e-07	0.0	104840	0
TPSAB1	16	5.557e-07	0.00011488374	102196	11
TPSB2	16	5.9283e-07	0.00011219758999999998	95077	10
TPSD1	16	5.9655e-07	0.00016121909	108194	17
TPSG1	16	3.9165999999999995e-07	0.00017369481	94401	16
TRADD	16	5.734e-07	1.1795e-05	93476	1
TRAF7	16	1.9712e-06	4.428964e-05	104506	4
TRAP1	16	2.0461e-06	0.0006518938700000001	109838	71
TRAPPC2L	16	4.9977e-07	0.00012695641000000002	97621	12
TRIM72	16	6.3934e-07	2.29278e-05	101459	2
TSC2	16	4.3221e-06	8.89711e-06	106824	0
TSNAXIP1	16	1.7106e-06	0.0039796198299999995	110104	438
TSR3	16	5.2483e-07	3.813841e-05	105840	4
TUBB3	16	7.286e-07	0.0007624184399999999	110473	84
TUBB3	16	1.1997e-06	0.0007624184399999999	110473	84
TUFM	16	1.0118e-06	5.2782390000000004e-05	111221	5
TVP23A	16	8.9494e-07	0.00016390779999999998	104463	17
TXNDC11	16	1.9609e-06	0.00061244382	110677	67
TXNL4B	16	3.0327e-07	4.414285e-05	111076	4
UBALD1	16	2.3325e-07	0.0	82937	0
UBE2I	16	4.4161e-07	0.0	111280	0
UBFD1	16	5.7271e-07	8.844860000000001e-06	101903	0
UBN1	16	2.7588e-06	2.6434179999999997e-05	111927	2
UMOD	16	1.5409e-06	0.00022076266	109422	24
UNKL	16	1.1795e-06	2.252509e-05	103799	2
UQCRC2	16	1.2293e-06	4.399704000000001e-05	111018	4
USB1	16	6.563500000000001e-07	5.310932e-05	109013	5
USP10	16	2.0515e-06	0.00011151886	109432	12
USP31	16	2.5985e-06	8.977805e-05	109564	9
USP7	16	4.7254000000000005e-06	9.03587e-06	110610	0
VAC14	16	1.6699e-06	0.00014969323	108892	16
VASN	16	6.9528e-07	1.02978e-05	97395	1
VAT1L	16	8.552e-07	0.00021327637000000002	106339	22
VKORC1	16	2.6528e-07	8.99475e-06	106702	0
VPS35	16	2.6121e-06	0.00011475211000000001	108976	12
VPS4A	16	1.2007e-06	8.85661e-06	105946	0
VPS9D1	16	1.5946000000000002e-06	0.00012522768999999998	105417	13
VWA3A	16	3.1529000000000003e-06	0.00033069572999999995	101946	33
WASH4P	16	3.4133000000000005e-07	0.0	73160	0
WDR24	16	1.5607e-06	8.112104e-05	103509	8
WDR59	16	3.1855000000000002e-06	0.00036821274	108781	40
WDR90	16	4.3478e-06	0.0024471183899999996	105097	257
WFDC1	16	8.1214e-07	0.00024652049	112427	27
WFIKKN1	16	8.011e-07	0.00013315076	98926	13
WWOX	16	1.0498e-06	0.00015904809	109975	17
WWP2	16	2.7211e-06	7.100139000000001e-05	110626	7
XPO6	16	2.9462e-06	0.0	109354	0
XYLT1	16	2.0994e-06	3.522645e-05	110898	3
YPEL3	16	2.8363e-07	1.805843e-05	109068	1
ZC3H18	16	2.9522000000000003e-06	0.0	106991	0
ZC3H7A	16	2.77e-06	8.79121e-06	108725	0
ZCCHC14	16	1.6842e-06	1.816876e-05	109332	1
ZDHHC1	16	1.1052e-06	0.00012609368	105915	13
ZDHHC7	16	1.1170999999999999e-06	5.162821e-05	107414	5
ZFHX3	16	6.7301e-06	7.332154000000001e-05	110778	8
ZFP1	16	8.7089e-07	3.576464e-05	110858	3
ZFP90	16	1.6394e-06	6.185765e-05	108763	6
ZFPM1	16	1.1571e-06	2.6752259999999995e-05	95425	2
ZG16	16	4.793100000000001e-07	0.0	59964	0
ZG16B	16	1.9475999999999998e-07	0.00035491025000000003	108006	38
ZKSCAN2	16	2.7263e-06	0.00012352176999999998	111890	13
ZNF174	16	8.322799999999999e-07	4.395898e-05	106235	4
ZNF19	16	6.629600000000001e-07	3.533501e-05	111755	3
ZNF200	16	9.731200000000002e-07	8.804774999999999e-05	110452	9
ZNF205	16	1.0934e-06	5.543685e-05	108585	6
ZNF213	16	1.0492e-06	5.389559e-05	107163	5
ZNF23	16	9.658599999999999e-07	1.758953e-05	110294	1
ZNF263	16	1.5691e-06	9.951993e-05	108976	10
ZNF267	16	2.0120999999999999e-07	8.80576e-06	110121	0
ZNF276	16	1.4422e-06	7.959976e-05	109547	8
ZNF319	16	8.351100000000001e-07	1.77923e-05	107227	1
ZNF423	16	1.7815e-06	2.6517129999999996e-05	111891	2
ZNF469	16	2.1317e-06	0.0	59626	0
ZNF48	16	1.3725e-06	2.731184e-05	110626	3
ZNF500	16	1.0715e-06	0.00012546096000000002	105933	13
ZNF597	16	3.2859e-07	1.759247e-05	112112	1
ZNF598	16	1.6513e-06	3.8788340000000005e-05	99758	3
ZNF629	16	1.4093e-06	9.691050000000001e-06	102416	0
ZNF646	16	3.1985000000000004e-06	0.00010755921	109692	11
ZNF668	16	1.1022e-06	8.89601e-05	105634	9
ZNF668	16	4.8413e-07	8.89601e-05	105634	9
ZNF688	16	3.5525e-07	8.162256e-05	102217	8
ZNF689	16	1.0461e-06	2.009546e-05	105790	2
ZNF720	16	2.9732e-07	2.68998e-05	82526	2
ZNF747	16	1.7534000000000003e-07	7.74442e-05	96950	7
ZNF75A	16	4.9645e-07	5.292177e-05	111520	5
ZNF764	16	5.2908e-07	8.885377e-05	99787	8
ZNF768	16	1.0232e-06	2.1137960000000004e-05	108040	2
ZNF771	16	3.3509e-07	9.167919999999999e-06	110653	1
ZNF778	16	4.3810000000000004e-07	9.073089999999999e-06	109931	0
ZNF785	16	1.866e-07	0.00019502822	107810	21
ZNF821	16	1.4028e-06	2.644042e-05	112533	2
ZNF843	16	0.0	0.0	59714	0
ZNRF1	16	3.2759e-07	0.0	107514	0
ZP2	16	1.6941999999999998e-06	8.821334e-05	111670	9
ZSCAN10	16	1.2255e-06	0.00010841515	100691	10
ZSCAN32	16	8.4528e-07	0.00011690445	108049	12
