SYMBOL	chromosome	mu_lof	AF_nfe	AN_nfe	NFE_k
AANAT	17	3.6482e-07	8.821610000000001e-06	103246	0
AARSD1	17	1.0222e-06	0.00017589558999999997	110757	19
AATF	17	1.6373e-06	0.00052061501	109789	57
AATK	17	2.1087000000000002e-06	9.094491e-05	91969	8
ABCA10	17	3.6601e-06	0.05267756284	107563	5666
ABCA5	17	4.0619e-06	0.00037729062999999994	105672	39
ABCA6	17	3.5717e-06	0.00054111809	107995	58
ABCA8	17	3.9326e-06	0.00118113132	109728	129
ABCA9	17	4.5712e-06	0.0034708047799999996	110192	382
ABCC3	17	3.5819e-06	0.0016720884699999998	110539	184
ABHD15	17	7.147199999999999e-07	0.00014701148	107358	15
ABI3	17	7.695100000000001e-07	5.031125e-05	98562	4
ABR	17	2.2579e-06	6.356935e-05	106304	6
AC002553.1	17	8.1983e-08	0.0	101382	0
AC003043.1	17	1.4669999999999998e-08	0.0	110620	0
AC003101.1	17	2.8256e-07	8.82099e-06	102614	0
AC003102.1	17	0.0	0.0	111135	0
AC005358.1	17	1.5991e-06	8.93304e-06	109203	0
AC005544.1	17	4.4657999999999995e-08	0.0	112083	0
AC005549.3	17	1.0728e-08	0.0	109924	0
AC006435.1	17	2.3044000000000002e-07	0.00010764993000000001	111435	11
AC027763.2	17	1.0375e-07	0.0	109450	0
AC040977.1	17	1.3175999999999998e-07	0.000397935	107561	42
AC061992.1	17	0.0	0.0	105155	0
AC079210.1	17	0.0	0.0	108045	0
AC087645.1	17	2.9311e-07	9.10797e-06	97265	0
AC103809.2	17	1.1862e-07	0.0	99724	0
AC127496.1	17	0.0	0.0	109986	0
AC129492.6	17	0.0	0.0	103457	0
ACACA	17	7.9813e-06	8.910431e-05	112129	9
ACADVL	17	1.8598e-06	0.0001055751	109182	11
ACAP1	17	2.2695e-06	7.421953e-05	107675	7
ACBD4	17	1.2281e-06	0.0001425424	111245	15
ACE	17	3.6843e-06	0.00044201765999999997	109893	48
ACLY	17	3.5342e-06	9.689712e-05	109814	10
ACOX1	17	1.9009999999999999e-06	6.154201999999999e-05	112282	6
ACSF2	17	1.6978e-06	0.00044450981	111298	49
ACTG1	17	6.1593e-07	4.406316e-05	110268	4
ADAM11	17	2.5215e-06	8.539319e-05	106450	9
ADAP2	17	1.3736e-06	0.00045812557	112352	51
ADORA2B	17	5.8446e-07	0.00021158973999999998	111586	23
ADPRM	17	5.905699999999999e-07	1.773039e-05	107365	1
AFMID	17	1.1987e-06	0.00308957633	104938	324
AIPL1	17	8.479299999999999e-07	9.731158000000002e-05	111789	10
AKAP1	17	1.839e-06	4.3975200000000005e-05	112561	4
AKAP10	17	2.0016e-06	4.401415e-05	110899	4
ALDH3A1	17	1.0229e-06	0.00062926121	108221	68
ALDH3A2	17	1.105e-06	5.276145e-05	109763	5
ALDOC	17	1.0252e-06	2.6404159999999998e-05	112221	2
ALKBH5	17	6.7326e-07	0.0	108726	0
ALOX12	17	1.9852e-06	0.00021131411	108730	22
ALOX12B	17	1.6885e-06	6.179278000000001e-05	105243	6
ALOX15	17	1.7771e-06	0.00030181301	111837	33
ALOX15B	17	1.747e-06	0.00118842703	108907	129
ALOXE3	17	2.3478e-06	0.00046684746	106530	49
ALYREF	17	3.5073e-07	0.0	109463	0
AMZ2	17	7.8185e-07	0.00050219856	111434	55
ANAPC11	17	5.4725e-07	9.03411e-05	107692	9
ANKFN1	17	2.1696e-06	0.00030435391	110409	33
ANKFY1	17	3.1560000000000004e-06	3.590566e-05	109558	3
ANKRD13B	17	1.5909e-06	2.678518e-05	107375	2
ANKRD40	17	1.0058e-06	6.42336e-05	109786	7
AOC2	17	1.7927e-06	0.00053663656	110624	59
AOC3	17	1.8206e-06	0.00040437534	109882	44
AP2B1	17	2.1725999999999997e-06	7.375976e-05	111627	8
APOH	17	1.0412999999999999e-06	0.00022439354	111575	25
APPBP2	17	1.7394e-06	2.6752329999999997e-05	109408	2
ARHGAP23	17	2.5362e-06	0.0	60236	0
ARHGAP27	17	1.5861000000000002e-06	0.00010881155000000001	104420	11
ARHGAP44	17	2.6501e-06	5.779257e-05	106034	6
ARHGDIA	17	5.751300000000001e-07	8.79136e-06	106554	0
ARHGEF15	17	1.8534000000000001e-06	7.116572e-05	110220	7
ARL16	17	2.7549e-07	0.00016183741000000003	103156	16
ARL4D	17	5.3177e-07	8.8294e-06	107169	0
ARL5C	17	3.5222e-07	6.649439999999999e-05	60409	4
ARMC7	17	2.7094e-07	1.772221e-05	108997	1
ARRB2	17	1.2208e-06	0.00111526775	109027	121
ARSG	17	9.4257e-07	0.00027371235	111374	30
ASB16	17	1.3669e-06	0.00024009863999999997	108935	26
ASGR1	17	7.0385e-07	0.00018807391	111209	20
ASGR2	17	6.0911e-07	9.237068e-05	108937	10
ASIC2	17	1.2424e-06	0.0	107605	0
ASPA	17	5.0406e-07	5.278594e-05	111422	5
ASPSCR1	17	1.7828000000000001e-06	0.006140047829999999	103658	636
ATAD5	17	3.8979e-06	8.965549999999999e-05	107329	9
ATP1B2	17	1.0029e-06	4.398391e-05	109110	4
ATP2A3	17	2.7919e-06	0.00022119355	107999	23
ATP5G1	17	2.2425999999999997e-07	0.0	108215	0
ATP5H	17	3.5673e-07	7.914719e-05	108829	8
ATP6V0A1	17	3.0012e-06	2.641948e-05	109428	2
ATPAF2	17	6.622800000000001e-07	7.087651e-05	110729	7
ATXN7L3	17	1.3659000000000001e-06	8.84392e-06	111211	0
AURKB	17	1.0306e-06	0.00030917855	110577	34
AXIN2	17	1.8143000000000001e-06	5.45677e-05	107625	5
AZI1	17	2.9497000000000003e-06	0.00041076112	103706	42
B3GNTL1	17	1.5558000000000002e-06	0.00032832131	103245	33
B4GALNT2	17	1.1619e-06	0.00116092944	109977	127
B9D1	17	6.0557e-07	7.928422e-05	106178	8
BAIAP2	17	1.1727e-06	5.317038000000001e-05	101107	5
BCAS3	17	3.5819e-06	8.942476999999999e-05	109504	9
BCL6B	17	9.890799999999999e-07	3.8371500000000004e-05	111298	4
BECN1	17	1.384e-06	2.6452209999999995e-05	110111	2
BIRC5	17	3.5281999999999995e-07	0.0001151817	97265	11
BLMH	17	1.4785e-06	0.00035206910000000003	111081	39
BPTF	17	7.6561e-06	1.837275e-05	109591	2
BRCA1	17	3.5832e-06	0.00044142334000000003	111917	49
BRIP1	17	3.1272000000000003e-06	0.0005688752	111889	63
BTBD17	17	5.8177e-07	9.057310000000001e-06	98177	0
BZRAP1	17	5.1880999999999995e-06	0.00013926962	106917	14
C17orf100	17	7.4294e-08	5.57128e-05	99837	5
C17orf102	17	1.4954e-07	0.0006919710000000001	100225	69
C17orf103	17	1.4294e-07	0.0	109198	0
C17orf104	17	1.7128e-06	0.0	102378	0
C17orf105	17	3.6368000000000004e-07	0.0001507852	59713	9
C17orf107	17	1.6844000000000002e-07	0.0	103355	0
C17orf47	17	1.4401e-06	0.00027253684	113072	30
C17orf49	17	3.7944e-07	8.796929999999999e-06	107561	0
C17orf50	17	2.6559e-07	0.0	96668	0
C17orf51	17	2.3006e-07	0.0	60205	0
C17orf53	17	1.5985e-06	0.00021140902999999998	112489	23
C17orf58	17	1.1645999999999999e-07	0.0	110015	0
C17orf59	17	2.9878e-07	0.0	99062	0
C17orf62	17	3.8182999999999997e-07	6.219066999999999e-05	106594	6
C17orf64	17	6.962100000000001e-07	0.00018256163	91348	16
C17orf66	17	1.7674e-06	0.0021594824300000003	111409	240
C17orf67	17	3.1359000000000004e-07	7.959455e-05	110399	8
C17orf70	17	1.4581999999999999e-06	2.9197890000000003e-05	102884	3
C17orf72	17	3.1087e-07	0.0	109996	0
C17orf74	17	1.1141e-06	0.00010779296999999999	110966	11
C17orf75	17	1.2474e-06	5.343899e-05	107413	5
C17orf77	17	0.0	0.0	110562	0
C17orf78	17	6.0824e-07	0.00014182565	107673	15
C17orf80	17	1.155e-06	0.00065124932	106462	69
C17orf82	17	0.0	0.0	101109	0
C17orf85	17	2.2271000000000002e-06	4.97761e-05	98020	4
C17orf89	17	8.299099999999999e-08	0.0	99579	0
C17orf97	17	1.0054e-07	8.841110000000001e-06	109188	0
C17orf98	17	3.8645e-07	8.89965e-06	112258	0
C17orf99	17	4.2012e-07	3.30568e-05	84695	2
C1QBP	17	6.0914e-07	2.6384140000000003e-05	112495	2
C1QL1	17	2.2271000000000001e-07	2.6635859999999997e-05	107635	2
C1QTNF1	17	5.9856e-07	8.013576e-05	107898	8
CA10	17	1.0854e-06	1.76255e-05	110420	1
CA4	17	6.5081e-07	1.904736e-05	107305	2
CACNA1G	17	5.1646000000000005e-06	0.00027620886000000004	104449	28
CACNB1	17	1.7418e-06	4.431607e-05	107213	4
CACNG1	17	4.7809e-07	9.743122e-05	111784	10
CACNG4	17	7.992699999999999e-07	2.868817e-05	107701	3
CACNG5	17	4.3208999999999995e-07	1.76932e-05	111990	1
CALCOCO2	17	1.3308e-06	8.796310000000002e-06	112438	0
CAMKK1	17	1.3159e-06	4.42026e-05	109134	4
CAMTA2	17	3.9187e-06	6.164083e-05	111340	6
CANT1	17	6.328100000000001e-07	6.202346999999999e-05	105791	6
CARD14	17	2.4236e-06	0.00032951621	103901	34
CASC3	17	2.3875e-06	5.326411999999999e-05	109932	5
CASKIN2	17	2.1679e-06	1.935102e-05	105874	2
CBX1	17	7.1687e-07	0.0	108338	0
CBX2	17	8.5801e-07	0.0	108777	0
CBX4	17	7.130199999999999e-07	0.0	100545	0
CBX8	17	1.3916e-06	1.16214e-05	105746	1
CCDC103	17	5.5181e-07	5.2832950000000004e-05	110167	5
CCDC137	17	9.413899999999999e-07	0.00018049011000000002	102778	18
CCDC144A	17	2.4508000000000003e-06	0.00047970302	102476	49
CCDC144NL	17	3.9441000000000005e-07	5.348628000000001e-05	107299	5
CCDC40	17	2.8743e-06	0.00028296337000000005	110534	31
CCDC42	17	8.1199e-07	0.00021226267999999997	111445	23
CCDC43	17	1.1022e-06	7.13252e-05	108459	7
CCDC47	17	1.5866e-06	5.2863850000000004e-05	110690	5
CCDC57	17	2.1959e-06	0.0002327552	103100	23
CCL1	17	1.4134e-07	1.761839e-05	112711	1
CCL11	17	2.4547e-07	4.3966899999999994e-05	111551	4
CCL13	17	1.2238e-07	0.00011469658000000001	112711	12
CCL14	17	4.0543e-07	7.196737e-05	109460	7
CCL15	17	1.827e-07	8.809639999999999e-06	111891	0
CCL16	17	1.2935e-07	0.0	109823	0
CCL18	17	1.5241e-07	0.0	112614	0
CCL2	17	1.2449999999999998e-07	0.0	109924	0
CCL23	17	3.3597e-07	4.396874e-05	112306	4
CCL3	17	2.9229e-07	0.0	113265	0
CCL3L1	17	1.3689e-07	0.0	86639	0
CCL4	17	1.3744000000000002e-07	0.0001322119	111369	14
CCL4L2	17	3.8947e-08	0.00034136199999999995	92709	31
CCL5	17	2.5943e-07	0.00024641865	110940	27
CCL7	17	1.3242000000000002e-07	2.6612890000000003e-05	112173	2
CCL8	17	1.2334000000000002e-07	0.0	111403	0
CCR10	17	4.7013000000000004e-07	1.04241e-05	101830	1
CCR7	17	5.8619e-07	1.763535e-05	112530	1
CCT6B	17	1.1369e-06	0.007440339709999999	109644	815
CD300A	17	7.204e-07	0.00038929877	108571	42
CD300C	17	5.5745e-07	0.00110954395	110488	122
CD300E	17	4.904699999999999e-07	2.650127e-05	111375	2
CD300LB	17	6.4764e-07	0.00039572359	110257	43
CD300LD	17	4.5327e-07	3.562693e-05	110562	3
CD300LF	17	6.8054e-07	0.00018505869999999998	111013	20
CD300LG	17	5.6747e-07	1.7776679999999997e-05	110727	1
CD68	17	9.8188e-07	0.00012723202	111178	14
CD7	17	3.0891e-07	1.2282300000000001e-05	102829	1
CD79B	17	6.2835e-07	0.0	112620	0
CDC27	17	2.1524e-06	9.05682e-06	103594	0
CDC42EP4	17	3.8433e-07	0.0	109248	0
CDC6	17	1.4023e-06	0.00030774601000000003	113492	34
CDK12	17	3.5698e-06	0.00052466019	109622	57
CDK3	17	8.946e-07	7.922466999999999e-05	110465	8
CDK5R1	17	3.4823e-07	0.0	109224	0
CDK5RAP3	17	1.784e-06	0.00026626098	109888	29
CDR2L	17	6.777500000000001e-07	6.294789e-05	90205	5
CDRT1	17	2.106e-06	0.0009727185800000001	108794	105
CDRT1	17	3.2140999999999996e-07	0.0009727185800000001	108794	105
CDRT15	17	4.4994e-07	0.03229636327	101987	3293
CDRT15L2	17	3.3916e-07	1.813953e-05	90293	1
CDRT4	17	4.6368999999999997e-08	8.874060000000001e-06	112138	0
CENPV	17	3.6124e-07	8.790130000000001e-06	104201	0
CEP112	17	3.7743e-06	0.00064024413	109511	70
CEP95	17	2.642e-06	0.00029413076000000003	106003	31
CHAD	17	4.4748999999999994e-07	4.419267e-05	111699	4
CHD3	17	6.980700000000001e-06	7.950305999999999e-05	109721	8
CHMP6	17	5.3226e-07	0.0	105057	0
CHRNB1	17	1.0388e-06	0.00020394826	111236	22
CHRNE	17	1.4221000000000001e-06	0.00012266198	102634	12
CISD3	17	2.1408000000000002e-07	5.02676e-05	96035	4
CLDN7	17	3.646e-07	2.642887e-05	110898	2
CLEC10A	17	7.2387e-07	0.00044970182	107985	48
CLTC	17	4.5717e-06	3.550566e-05	110778	3
CLUH	17	3.1751999999999997e-06	6.634945e-05	100939	6
CNP	17	1.0326e-06	1.8135e-05	107633	1
CNTD1	17	1.0366e-06	7.924853e-05	112107	8
CNTNAP1	17	5.2699e-06	0.00015012621999999998	108329	16
CNTROB	17	3.0025e-06	0.00028187706	111499	31
COA3	17	1.6340999999999998e-07	1.76426e-05	112411	1
COASY	17	1.4597e-06	8.123918000000001e-05	110310	8
COG1	17	2.4994e-06	6.203422e-05	109420	6
COIL	17	1.2588e-06	0.00017594798	111457	19
COL1A1	17	5.1157e-06	0.00010149995000000001	109352	11
COPRS	17	3.9234000000000003e-07	1.767831e-05	110490	1
COPS3	17	1.3487000000000001e-06	0.0	109303	0
COPZ2	17	4.7159999999999996e-07	9.79648e-05	103885	10
CORO6	17	1.0383e-06	5.348648e-05	105452	5
COX10	17	8.0367e-07	3.5276929999999996e-05	111106	3
COX11	17	6.1261e-07	3.542345e-05	110033	3
CPD	17	3.306e-06	0.00010568951	107855	11
CPSF4L	17	6.4348e-07	0.0002318924	81669	18
CRHR1	17	1.3133000000000002e-06	0.00057036955	110551	63
CRK	17	9.6256e-07	8.88257e-06	104419	0
CRLF3	17	1.5568e-06	5.5312489999999995e-05	108943	6
CRYBA1	17	8.713799999999999e-07	6.155255000000001e-05	113177	6
CSF3	17	3.915e-07	1.781259e-05	102109	1
CSH1	17	3.3944000000000003e-07	0.0	108022	0
CSH2	17	3.9034e-07	8.790439999999999e-06	110369	0
CSHL1	17	5.5578e-07	0.00042250940000000003	113521	47
CSNK1D	17	1.152e-06	0.0	105438	0
CTB-186H2.3	17	3.325e-08	0.0	107536	0
CTB-58E17.5	17	0.0	0.0	109750	0
CTB-96E2.2	17	6.7477e-07	0.00029243534999999997	109442	32
CTC1	17	3.2694e-06	0.00034702135	109196	37
CTD-2132N18.3	17	7.8083e-07	8.790439999999999e-06	108278	0
CTD-2267D19.3	17	2.0849e-07	0.020437131299999998	92497	1890
CTD-2370N5.3	17	2.991e-07	0.00010643549999999999	111203	11
CTD-2510F5.6	17	2.0787e-07	1.7824e-05	111123	1
CTDNEP1	17	4.820399999999999e-07	0.0	110503	0
CTNS	17	8.781299999999999e-07	0.00014962707000000001	111138	16
CUEDC1	17	1.1297e-06	0.00030835727000000005	105853	32
CWC25	17	1.2898e-06	0.0001163543	105310	12
CXCL16	17	4.5350000000000003e-07	1.762585e-05	107825	1
CYB561	17	5.811e-07	8.92331e-06	108926	0
CYB5D1	17	4.5770000000000003e-07	0.00011362719999999999	108156	12
CYB5D2	17	5.4098e-07	4.414339e-05	108773	4
CYGB	17	5.566899999999999e-07	1.921287e-05	105646	2
CYTH1	17	1.3734e-06	0.0	109113	0
DBF4B	17	1.1094e-06	0.00844320056	110166	930
DCAF7	17	5.1982e-07	0.0	108612	0
DCAKD	17	3.3168e-07	2.637134e-05	110192	2
DCXR	17	5.834899999999999e-07	0.00020145289000000002	107536	21
DDX42	17	2.9531e-06	1.7593870000000002e-05	111862	1
DDX5	17	1.3551e-06	0.0	108514	0
DDX52	17	1.8282e-06	0.0006872271799999999	109947	75
DERL2	17	9.384299999999999e-07	8.80933e-06	105674	0
DGKE	17	1.68e-06	0.00021989607999999998	107265	23
DHRS11	17	7.115399999999999e-07	3.5253690000000004e-05	110932	3
DHRS13	17	4.927000000000001e-07	0.0	105258	0
DHRS7B	17	8.0251e-07	8.908079e-05	111447	9
DHRS7C	17	6.3214e-07	0.00048947224	109079	53
DHX33	17	1.7816999999999998e-06	0.00016732909	110746	18
DHX40	17	2.2795e-06	1.775178e-05	105535	1
DHX58	17	1.3635e-06	0.00063794441	109856	70
DHX8	17	4.0887e-06	0.00022990764	110112	25
DLG4	17	2.5554e-06	5.7679119999999996e-05	107132	6
DLX3	17	5.2942e-07	8.814679000000001e-05	109899	9
DLX4	17	3.6566e-07	1.765085e-05	104753	1
DNAH17	17	1.0424e-05	0.0017788871399999997	106900	190
DNAH17-AS1	17	3.4917e-08	9.056000000000001e-06	109549	0
DNAH2	17	1.3217e-05	0.00133449614	111700	149
DNAH9	17	1.0607999999999999e-05	0.00109706015	111881	122
DNAI2	17	1.9533e-06	0.00036343614	110891	40
DNAJC7	17	1.8731000000000001e-06	2.668276e-05	107984	2
DOC2B	17	3.6412e-07	4.9413400000000004e-05	60576	2
DPH1	17	1.3283e-06	0.00032074365	104214	33
DRG2	17	1.4166e-06	6.172682e-05	110028	6
DUS1L	17	1.6215e-06	0.00012150354999999999	103499	12
DUSP14	17	3.1195e-07	0.0	111039	0
DUSP3	17	2.4692e-07	1.7706e-05	92086	1
DVL2	17	1.8413999999999999e-06	6.50456e-05	110018	7
DYNLL2	17	2.7537e-07	0.0	112968	0
EFCAB13	17	1.9631e-06	0.16041547840999998	107512	17246
EFCAB3	17	1.4031e-06	0.007359574	108355	797
EFCAB5	17	3.4836e-06	0.00900305158	106531	959
EFNB3	17	7.754999999999999e-07	3.295723e-05	108520	3
EFTUD2	17	2.4735e-06	0.0	111040	0
EIF1	17	2.469e-07	0.0	109717	0
EIF4A1	17	1.5622e-06	0.0	111109	0
EIF4A3	17	1.3118e-06	0.0	109750	0
EIF5A	17	4.6957e-07	0.0	107918	0
ELAC2	17	2.3592e-06	0.00036962088	110764	40
ELP5	17	7.3303e-07	6.164575e-05	110695	6
EMC6	17	9.0246e-08	0.0	106901	0
EME1	17	1.2965e-06	0.00041823078000000004	111322	46
ENDOV	17	9.851899999999998e-07	0.04119597242	99866	4114
ENGASE	17	2.0311000000000003e-06	0.00107582399	107834	116
ENO3	17	1.2070999999999998e-06	0.0002656926	111823	29
ENPP7	17	7.322e-07	0.00030490036	109878	33
ENTHD2	17	8.256399999999999e-07	0.00015445601000000001	99399	15
EPN2	17	1.3894e-06	7.351295e-05	108423	7
EPN3	17	1.3446e-06	0.00011609351999999998	109373	12
EPX	17	2.4922e-06	0.01370941591	112622	1543
ERAL1	17	1.3425e-06	7.916352e-05	110788	8
ERBB2	17	3.8298e-06	7.085394e-05	110044	7
ERN1	17	2.6817e-06	4.67239e-05	104904	4
ETV4	17	1.6072999999999998e-06	3.585017e-05	108448	3
EVI2A	17	4.0104e-07	7.979680000000001e-05	110613	8
EVI2B	17	5.2256e-07	1.762292e-05	111913	1
EVPL	17	4.6045e-06	0.00081444149	107932	87
EVPLL	17	1.0913e-06	0.00014016511	88791	12
EXOC7	17	2.0059e-06	0.00018232168999999997	106336	19
EZH1	17	2.6437e-06	4.4299970000000004e-05	110503	4
FADS6	17	4.9893e-07	4.644933e-05	104979	4
FAM101B	17	1.5511e-07	0.0	109026	0
FAM104A	17	3.3051e-07	0.0	107866	0
FAM117A	17	1.3501e-06	6.301392e-05	108369	6
FAM134C	17	1.2473000000000001e-06	2.675469e-05	111001	2
FAM171A2	17	7.7409e-07	0.0	109228	0
FAM187A	17	4.8109e-07	0.0	110167	0
FAM20A	17	1.6908000000000002e-06	0.00011564992	104856	12
FAM211A	17	4.3593e-07	0.0	108153	0
FAM222B	17	1.1613e-06	5.5601059999999996e-05	106072	5
FAM57A	17	7.468600000000001e-07	2.6371770000000002e-05	111734	2
FAM64A	17	5.2546e-07	3.538206e-05	106442	3
FAM83G	17	1.3816e-06	0.00015262082000000002	108097	16
FASN	17	5.7677e-06	3.844108e-05	102700	3
FBF1	17	2.9677999999999998e-06	0.0006245113900000001	101252	63
FBXL20	17	1.8103e-06	2.675823e-05	108285	2
FBXO39	17	7.591299999999999e-07	2.643586e-05	111661	2
FBXO47	17	1.1458e-06	5.291552e-05	110690	5
FBXW10	17	3.0398e-06	0.00077758984	108255	84
FDXR	17	1.4244999999999999e-06	0.00018024085	109204	19
FGF11	17	5.2782e-07	8.79291e-06	109192	0
FKBP10	17	1.3921e-06	0.00016114983	108694	17
FLCN	17	1.3498e-06	6.159185e-05	111055	6
FLII	17	3.5185000000000003e-06	0.00017100493999999998	108703	18
FLJ45079	17	0.0	0.0	60128	0
FLOT2	17	1.2196e-06	0.0001062402	109902	11
FMNL1	17	2.6513999999999997e-06	3.5346669999999996e-05	108117	3
FN3K	17	9.421200000000001e-07	8.804338e-05	109732	9
FN3KRP	17	5.7181e-07	0.00025907452	106663	27
FNDC8	17	4.282e-07	0.00036300092000000005	109571	39
FOXJ1	17	4.6193000000000006e-07	0.0	99242	0
FOXK2	17	1.1540999999999999e-06	1.88809e-05	107136	2
FOXN1	17	1.0416e-06	2.6527740000000003e-05	111214	2
FSCN2	17	1.0948e-06	0.00051019032	93531	47
FTSJ3	17	2.8281e-06	8.939473e-05	110472	9
FXR2	17	2.8676999999999997e-06	8.871230000000001e-06	106123	0
FZD2	17	7.1064e-07	2.64257e-05	106347	2
G6PC	17	8.3435e-07	0.00012310563999999997	113168	13
G6PC3	17	9.5971e-07	7.917107e-05	109301	8
GAA	17	2.3637e-06	0.00021167397	108856	23
GABARAP	17	4.6688e-07	2.6408490000000002e-05	111231	2
GALK1	17	6.6574e-07	2.73534e-05	107027	2
GALR2	17	3.5804e-07	5.506231e-05	107077	5
GAS2L2	17	1.494e-06	0.00025782962	106262	27
GAS7	17	1.6443999999999999e-06	3.667115e-05	111312	4
GAST	17	3.5945e-07	2.65795e-05	110537	2
GCGR	17	1.0792e-06	0.0	63741	0
GDPD1	17	1.1705e-06	9.795216e-05	107361	10
GEMIN4	17	1.71e-06	0.00029249158	111939	32
GFAP	17	1.0503e-06	7.699919e-05	104880	8
GGA3	17	1.4346e-06	9.107921999999999e-05	108448	9
GGNBP2	17	2.5825e-06	0.0	108943	0
GGT6	17	7.107200000000001e-07	0.00012334095	106137	13
GH1	17	5.3958e-07	0.0	112655	0
GH2	17	2.3763000000000002e-07	8.796160000000001e-06	112869	0
GHDC	17	1.5791999999999998e-06	0.00024292706000000002	101495	24
GID4	17	5.2894e-07	0.0	108510	0
GIP	17	3.756e-07	0.00011730200000000001	106491	12
GIT1	17	2.1041e-06	0.0	107664	0
GJC1	17	8.327799999999999e-07	0.0	112008	0
GJD3	17	2.0010000000000002e-07	1.02672e-05	95034	0
GLOD4	17	7.6862e-07	0.00015853033999999998	109782	17
GLP2R	17	1.8430000000000002e-06	0.00012376118999999998	111266	13
GLTPD2	17	3.5864000000000004e-07	4.780505999999999e-05	106911	5
GNA13	17	8.5382e-07	8.791519999999998e-06	109482	0
GNGT2	17	1.1329e-07	0.0	102458	0
GOSR1	17	1.0081e-06	8.791519999999998e-06	109706	0
GOSR2	17	8.307200000000001e-07	0.00024745074	111500	27
GP1BA	17	2.6715e-07	8.873324000000001e-05	111134	9
GPATCH8	17	3.6558e-06	1.7629460000000002e-05	111060	1
GPR142	17	8.232299999999999e-07	8.340256e-05	107157	8
GPR179	17	4.6006e-06	0.00054052368	110050	59
GPRC5C	17	7.061199999999999e-07	1.797467e-05	109978	1
GPS1	17	1.3275e-06	9.36224e-06	103511	0
GPS2	17	9.598200000000002e-07	2.6380100000000002e-05	109270	2
GRAP	17	2.168e-07	0.0	107176	0
GRB2	17	8.340899999999999e-07	8.797239999999999e-06	113147	0
GRB7	17	1.6556e-06	0.00019668162	110100	21
GRIN2C	17	1.6152e-06	0.0001935304	107288	20
GRN	17	1.5665e-06	3.525621e-05	111204	3
GSDMA	17	1.4513e-06	0.00023885898999999997	103523	24
GSDMB	17	9.7857e-07	0.46148261090000003	110523	51004
GSG2	17	1.0554999999999999e-06	0.0001634085	108743	17
GUCY2D	17	2.2385e-06	0.00017508254	108155	18
H3F3B	17	2.3706e-07	0.0	104975	0
HAP1	17	1.2146e-06	0.00019334063000000002	107908	20
HCRT	17	9.5555e-08	0.0	95609	0
HDAC5	17	2.5806e-06	8.82192e-06	107352	0
HEATR6	17	3.13e-06	0.0008112979600000001	110218	89
HELZ	17	5.132799999999999e-06	9.15265e-06	109545	1
HES7	17	2.4793e-07	0.0	97065	0
HEXDC	17	1.1298e-06	0.0006422505	108043	69
HEXIM1	17	5.539100000000001e-07	0.0	110470	0
HEXIM2	17	6.6149e-07	8.242951999999999e-05	108518	8
HGS	17	2.0344999999999997e-06	4.815779000000001e-05	104200	5
HIC1	17	6.0713e-07	8.84189e-06	95690	0
HID1	17	1.6954e-06	0.00014580663	105107	15
HIGD1B	17	2.9002e-07	1.7678620000000002e-05	110584	1
HLF	17	4.0844e-07	0.0	107148	0
HN1	17	3.4695e-07	4.5275990000000004e-05	109350	4
HNF1B	17	1.7141999999999998e-06	8.83689e-06	106498	0
HOXB1	17	8.1119e-07	3.7253870000000004e-05	104342	3
HOXB13	17	4.9488e-07	0.00013270585	112713	14
HOXB2	17	4.1976999999999995e-07	4.4639390000000004e-05	105306	4
HOXB3	17	4.96e-07	8.85849e-06	105827	0
HOXB4	17	3.2332999999999997e-07	8.918860000000001e-06	102219	0
HOXB5	17	3.5036e-07	0.0	105629	0
HOXB6	17	4.1468000000000006e-07	3.8158559999999995e-05	106876	4
HOXB7	17	3.975e-07	3.0211209999999997e-05	104992	3
HOXB8	17	4.6383999999999995e-07	0.0	104992	0
HOXB9	17	3.543e-07	8.78982e-06	102062	0
HS3ST3A1	17	3.4355e-07	3.580061e-05	96576	3
HS3ST3B1	17	3.4475e-07	2.0427e-05	98338	2
HSD17B1	17	4.1045e-07	3.5585929999999996e-05	108319	3
HSF5	17	9.7086e-07	8.94678e-06	109066	0
HSPB9	17	0.0	0.0	108008	0
ICAM2	17	5.8373e-07	5.289413000000001e-05	109996	5
ICT1	17	5.383399999999999e-07	6.266233e-05	108036	6
IFI35	17	7.2845e-07	7.97449e-05	109779	8
IFT20	17	3.8246e-07	1.5701500000000002e-05	109435	1
IGF2BP1	17	2.1056000000000002e-06	8.79229e-06	110859	0
IGFBP4	17	4.6699e-07	2.6599509999999996e-05	108172	2
IKZF3	17	1.0646e-06	8.83377e-06	112433	0
INCA1	17	6.1748e-07	0.00118108718	109448	129
INPP5K	17	1.0699e-06	5.2966219999999996e-05	107387	5
INTS2	17	3.308e-06	4.572898e-05	104721	4
ITGA2B	17	3.3351e-06	0.00023589879	107948	25
ITGA3	17	3.2231e-06	0.00010834868000000001	107750	11
ITGAE	17	2.6718e-06	0.00039243307	109339	42
ITGB3	17	2.1841999999999998e-06	4.3985950000000005e-05	113080	4
ITGB4	17	4.6216e-06	0.00027972866	108783	30
JMJD6	17	1.0618000000000002e-06	8.833450000000001e-06	107422	0
JUP	17	1.429e-06	0.00010951548	110279	12
KANSL1	17	3.2676e-06	3.5217909999999994e-05	110043	3
KAT2A	17	2.3595e-06	6.231637e-05	109308	6
KAT7	17	2.0688e-06	0.0	110491	0
KCNAB3	17	1.9877e-06	0.00057764846	109335	63
KCNH4	17	2.2940999999999998e-06	1.78856e-05	107256	1
KCNH6	17	2.0653e-06	0.00076655725	110379	84
KCNJ12	17	3.2923000000000004e-07	5.2869709999999994e-05	111642	5
KCNJ16	17	1.0311e-06	0.00059850363	111551	66
KCNJ2	17	8.866e-07	8.80949e-06	113509	0
KCTD11	17	5.3096e-07	2.6590690000000005e-05	108011	2
KCTD2	17	4.6990000000000005e-07	9.518730000000001e-06	108669	1
KDM6B	17	4.0167e-06	8.83127e-06	107461	0
KIAA0100	17	6.6158e-06	0.00018667581999999997	111486	20
KIAA0195	17	3.809e-06	0.00023338546000000002	107904	25
KIAA0753	17	3.1826999999999996e-06	0.0007692313000000001	109788	84
KIF18B	17	1.6328999999999999e-06	0.00013607608	104658	14
KIF19	17	2.2535e-06	0.0007479197400000001	101174	75
KIF1C	17	3.2300999999999998e-06	0.00014259646	105484	15
KIF2B	17	9.246799999999999e-07	0.00012321116	112999	13
KLHL10	17	1.0381999999999999e-06	0.0	110256	0
KLHL11	17	1.3275e-06	4.404912e-05	109357	4
KPNA2	17	1.2095e-06	1.7598829999999997e-05	111585	1
KPNB1	17	2.7243e-06	0.0	109867	0
KRBA2	17	7.9792e-07	8.796712e-05	111973	9
KRT10	17	1.3206000000000001e-06	3.535964e-05	110080	3
KRT12	17	1.3649e-06	0.00022938349999999998	112061	25
KRT13	17	7.551000000000001e-07	7.046949e-05	108214	7
KRT14	17	8.244499999999999e-07	5.5581800000000004e-05	106744	5
KRT15	17	1.2767e-06	0.00016722233	112375	18
KRT16	17	8.021300000000001e-07	9.704461999999999e-05	110007	10
KRT17	17	1.0628e-06	0.00034385385	112226	38
KRT19	17	1.0209e-06	5.282906e-05	108929	5
KRT20	17	9.8499e-07	0.00011449997999999999	110489	12
KRT222	17	9.0598e-07	8.812867e-05	111539	9
KRT23	17	1.1633e-06	0.00018803954	109931	20
KRT24	17	1.2637999999999999e-06	0.00070576494	110573	78
KRT25	17	1.1934999999999999e-06	0.00015147598999999998	112130	16
KRT26	17	1.1697e-06	0.00036168235	111078	40
KRT27	17	1.0895000000000001e-06	0.00029250595000000003	111300	32
KRT28	17	1.211e-06	0.00022148592999999997	111126	24
KRT31	17	9.196e-07	0.028417826719999997	112499	3196
KRT32	17	8.404799999999999e-07	0.00024162396	109582	26
KRT33A	17	9.062e-07	0.00034464378	112571	38
KRT33B	17	9.2244e-07	0.00044075139000000004	112228	49
KRT34	17	9.4257e-07	0.00010557882	112978	11
KRT35	17	9.444100000000001e-07	8.819906999999999e-05	111467	9
KRT36	17	9.8255e-07	0.00181389862	112077	203
KRT37	17	7.9021e-07	0.16226225393	111819	18144
KRT38	17	8.8735e-07	0.00012343027	109921	13
KRT39	17	1.3116999999999999e-06	0.00029538547	112079	33
KRT40	17	1.0021e-06	8.441091000000001e-05	108862	9
KRT9	17	1.1251e-06	7.971448000000001e-05	107191	8
KRTAP1-1	17	2.3311e-07	0.15627921890000002	111250	17386
KRTAP1-3	17	2.3103000000000002e-07	0.0	106979	0
KRTAP1-4	17	1.3455999999999998e-07	0.0	108914	0
KRTAP1-5	17	2.4002e-07	2.652571e-05	108144	2
KRTAP17-1	17	1.1805999999999999e-07	0.0	102696	0
KRTAP2-1	17	9.781e-08	0.0	60047	0
KRTAP2-2	17	6.7305e-08	0.0	63293	0
KRTAP2-3	17	1.3384e-07	0.0	63293	0
KRTAP2-4	17	1.3227e-07	0.0	81297	0
KRTAP3-1	17	7.7737e-08	8.804680000000001e-06	110071	0
KRTAP3-2	17	7.9366e-08	0.0	113068	0
KRTAP3-3	17	1.5175999999999998e-07	7.917035e-05	113069	8
KRTAP4-1	17	1.1962e-07	1.95944e-05	106392	2
KRTAP4-11	17	4.0564e-07	6.239053000000001e-05	103926	6
KRTAP4-12	17	3.8258000000000003e-07	1.7860050000000002e-05	110224	1
KRTAP4-16P	17	0.0	0.0	99126	0
KRTAP4-2	17	3.5795e-08	0.0	111870	0
KRTAP4-3	17	0.0	0.0	106074	0
KRTAP4-4	17	1.5560000000000002e-08	0.0	112483	0
KRTAP4-5	17	9.5412e-08	8.88099e-06	106089	0
KRTAP4-6	17	2.2166000000000001e-07	4.4399629999999996e-05	107899	4
KRTAP4-7	17	1.6107e-07	0.00922009	101605	936
KRTAP4-8	17	2.304e-07	0.050018599999999996	96533	4828
KRTAP4-9	17	1.3762e-07	0.0	101663	0
KRTAP9-1	17	0.0	0.0	103241	0
KRTAP9-2	17	1.3024999999999999e-08	0.0	111396	0
KRTAP9-3	17	0.0	0.0	113459	0
KRTAP9-4	17	0.0	0.0	112496	0
KRTAP9-6	17	1.356e-09	0.0	104292	0
KRTAP9-7	17	8.1996e-09	0.0	110162	0
KRTAP9-8	17	0.0	0.0	109929	0
KRTAP9-9	17	3.3568000000000002e-09	0.0	112947	0
KSR1	17	1.9133e-06	4.889413e-05	106214	5
LASP1	17	8.143899999999999e-07	8.8227e-06	105458	0
LEPREL4	17	8.6609e-07	7.055948e-05	108511	7
LGALS3BP	17	6.2847e-07	0.00053421727	108309	57
LGALS9	17	9.5728e-07	0.00013221764	111518	14
LGALS9B	17	5.2791e-07	5.7718950000000004e-05	100058	5
LGALS9C	17	5.8203e-07	0.00011791902	95829	11
LHX1	17	6.201100000000001e-07	1.9160639999999997e-05	100226	1
LIG3	17	3.0372000000000003e-06	0.00024996322	111235	27
LIMD2	17	2.6308000000000005e-07	1.8460420000000002e-05	108030	1
LLGL1	17	2.4723e-06	7.173154999999999e-05	110392	7
LLGL2	17	2.6258e-06	0.00016144194	106655	17
LPO	17	1.7824e-06	0.00023836361	111540	26
LRRC37A	17	5.7637e-07	1.8386760000000002e-05	101746	1
LRRC37A2	17	1.0727e-06	0.00024946157000000003	104402	26
LRRC37A3	17	1.6953e-06	0.00036018894	110186	39
LRRC37B	17	2.1011e-06	9.678053e-05	109842	10
LRRC45	17	1.8522999999999998e-06	0.00036639322	101025	37
LRRC46	17	7.057e-07	7.050866999999999e-05	109336	7
LRRC48	17	1.2713e-06	0.00020190706	105829	21
LRRC59	17	6.779300000000001e-07	0.0	109887	0
LSM12	17	6.5155e-07	0.0	103685	0
LSMD1	17	2.5609999999999997e-07	0.015306280819999999	107677	1648
LUC7L3	17	2.6132e-06	0.0	107702	0
LYRM9	17	2.6467e-07	9.68279e-06	87735	0
LYZL6	17	2.7137e-07	7.9484e-05	112490	8
MAFG	17	1.8467e-07	0.0	101150	0
MAP2K3	17	8.5811e-07	4.403929e-05	110008	4
MAP2K4	17	1.189e-06	8.7926e-06	109604	0
MAP2K6	17	1.5698e-06	1.771224e-05	110524	1
MAP3K3	17	2.3332e-06	3.52566e-05	109608	3
MAPK7	17	1.3311e-06	4.918767e-05	106005	5
MAPT	17	1.3597e-06	0.00011431438999999999	107272	12
MARCH10	17	1.6232e-06	0.0002118019	112404	23
MBTD1	17	2.1806e-06	0.0	99754	0
MED1	17	2.8718e-06	9.06158e-06	112058	1
MED11	17	3.3497e-07	6.1702e-05	108494	6
MED13	17	4.9203e-06	0.0	108223	0
MED24	17	2.5547e-06	0.00031713574	106136	33
MED31	17	5.429600000000001e-07	1.762053e-05	105563	1
MED9	17	2.2124000000000001e-07	9.758949999999999e-06	104947	1
MEOX1	17	6.708800000000001e-07	2.6893070000000003e-05	105788	2
METRNL	17	4.393e-07	0.0	106834	0
METTL16	17	1.7607e-06	2.7149349999999998e-05	110371	2
METTL23	17	3.8313e-07	3.6591479999999995e-05	105982	3
METTL2A	17	1.1473e-06	0.00021472289	110265	23
MFAP4	17	6.315699999999999e-07	8.865015e-05	106005	9
MFSD11	17	1.0417e-06	2.6529609999999998e-05	108157	2
MFSD6L	17	1.2064e-06	0.00021181597000000002	111482	23
MGAT5B	17	1.8944e-06	2.6896020000000003e-05	105799	2
MIEF2	17	6.294e-07	9.17701e-06	99802	0
MIEN1	17	3.6559e-07	5.2738900000000004e-05	109555	5
MIF4GD	17	6.8036e-07	0.00022053298999999998	109050	24
MILR1	17	2.3048e-07	3.8945229999999996e-05	101646	3
MINK1	17	4.7388e-06	1.857833e-05	100419	1
MIS12	17	2.4913e-07	0.0	105958	0
MKS1	17	2.2772e-06	0.00023872793	112002	26
MLLT6	17	2.0344e-06	0.0072731191	103340	751
MLX	17	5.807e-07	2.7794709999999994e-05	110124	3
MMD	17	6.3599e-07	7.126326e-05	104178	7
MMP28	17	2.9741999999999997e-07	8.891419999999999e-06	108680	0
MNT	17	8.325700000000001e-07	0.0	103247	0
MPDU1	17	6.1358e-07	0.00014082979	109812	15
MPO	17	1.62e-06	0.00769066478	110186	847
MPP2	17	1.5085e-06	7.974401999999999e-05	111646	8
MPP3	17	2.3994e-06	0.00010100862	107903	10
MPRIP	17	2.7987999999999998e-06	3.537909e-05	108854	3
MRC2	17	4.27e-06	5.4459040000000004e-05	105444	5
MRM1	17	4.8276e-07	7.350545e-05	110079	8
MRPL10	17	5.524600000000001e-07	1.17302e-05	107424	1
MRPL12	17	4.905600000000001e-07	4.4122749999999994e-05	104712	4
MRPL27	17	2.5556e-07	0.0	112967	0
MRPL38	17	1.2104999999999999e-06	0.00021121757	105186	22
MRPL45	17	1.0672e-06	0.00015328322	111509	17
MRPS23	17	5.7091e-07	8.802510000000002e-06	109818	0
MRPS7	17	4.5325e-07	4.4902790000000006e-05	108849	4
MSI2	17	9.099299999999999e-07	0.0	110873	0
MSL1	17	1.0983e-06	0.0	104315	0
MTMR4	17	3.1413e-06	1.764675e-05	111562	1
MXRA7	17	2.5599e-07	0.00018497335	110342	20
MYADML2	17	2.6853000000000004e-07	1.67297e-05	99066	1
MYBBP1A	17	3.2120999999999997e-06	0.00034949979	107438	37
MYCBPAP	17	2.633e-06	0.00019462636999999997	108392	21
MYH1	17	5.2757e-06	0.00097210339	113210	110
MYH10	17	6.2873e-06	6.183746999999999e-05	111121	6
MYH13	17	5.1391e-06	0.00165130854	109849	181
MYH2	17	5.2730999999999995e-06	0.00045853149	113281	51
MYH3	17	6.0353e-06	0.00032558742	113229	36
MYH4	17	5.8351e-06	0.00295110103	112836	332
MYH8	17	5.3183e-06	0.00278795158	113420	316
MYL4	17	3.9890999999999996e-07	3.553636e-05	111455	3
MYO15A	17	9.355700000000001e-06	0.00117252622	107969	126
MYO18A	17	5.3027e-06	0.00016373873	106584	17
MYO19	17	3.0408999999999995e-06	0.00109234321	107801	117
MYO1C	17	3.8663e-06	0.00022844232999999996	106030	24
MYO1D	17	3.2879000000000003e-06	0.00011528949	110672	12
MYOCD	17	2.4536e-06	7.057104e-05	109747	7
NACA2	17	1.0692999999999999e-07	8.79075e-06	113715	0
NAGLU	17	1.7985e-06	0.00018817502	110292	20
NAGS	17	8.357799999999999e-07	0.00011669081	100149	11
NARF	17	1.1817e-06	0.00012363186	111125	13
NAT9	17	4.536e-07	3.518169e-05	111206	3
NBR1	17	2.4704e-06	0.00014124862	106834	15
NCOR1	17	7.7986e-06	9.96539e-05	108908	10
NDEL1	17	1.2485e-06	8.79507e-06	108942	0
NEK8	17	2.1358e-06	0.00021125404	109425	23
NEURL4	17	3.5041e-06	3.709064e-05	110405	4
NEUROD2	17	3.8479999999999995e-07	0.0	97769	0
NF1	17	7.7453e-06	0.00014983193	111782	16
NFE2L1	17	2.1735e-06	1.758675e-05	111610	1
NGFR	17	8.432700000000002e-07	4.433876e-05	105480	4
NKIRAS2	17	6.9916e-07	0.00010572038000000001	108155	11
NLE1	17	1.4915e-06	7.931126999999999e-05	110857	8
NLGN2	17	1.0212999999999999e-06	0.0	107029	0
NLK	17	1.6268e-06	0.0	100880	0
NLRP1	17	3.0264999999999997e-06	0.0003634868	109823	39
NME1	17	4.5575000000000004e-07	2.68812e-05	107861	2
NME1-NME2	17	8.565700000000001e-07	0.0001073746	108862	11
NME2	17	8.565700000000001e-07	0.0001073746	108862	11
NMT1	17	1.7468000000000002e-06	8.7926e-06	107352	0
NOG	17	3.0961e-07	0.0	101168	0
NOL11	17	1.8131999999999999e-06	0.00010985596000000001	107712	11
NOS2	17	2.8234e-06	0.00035932891	106413	38
NOTUM	17	1.687e-06	0.00014235013	104942	14
NPB	17	5.4067e-08	0.0	104753	0
NPEPPS	17	2.4499e-06	0.0	101742	0
NPLOC4	17	1.8345e-06	0.0	103970	0
NPTX1	17	6.9309e-07	8.808710000000002e-06	104841	0
NR1D1	17	1.3067e-06	9.691610000000001e-06	109412	1
NSF	17	1.2106000000000001e-06	5.3551099999999996e-05	107400	5
NSRP1	17	1.2494e-06	3.580616e-05	105457	3
NT5C	17	4.0988999999999997e-07	0.00021112827999999998	109981	23
NT5C3B	17	8.399899999999999e-07	0.00016264193000000001	108209	17
NT5M	17	3.7981999999999997e-07	0.00012568343	108525	13
NTN1	17	9.141799999999999e-07	9.35384e-06	103978	0
NUFIP2	17	1.1978e-06	9.18038e-06	111072	1
NUP85	17	2.4233e-06	8.85865e-06	108093	0
NUP88	17	2.228e-06	0.00015865143	109968	17
NXN	17	1.2533e-06	8.79245e-06	105984	0
NXPH3	17	4.2793999999999995e-07	0.0	106231	0
ODF4	17	3.1873e-07	0.0	110116	0
OGFOD3	17	9.144e-07	0.00753991276	109256	823
OMG	17	5.4195e-07	0.0	113471	0
OR1A1	17	3.8259e-07	6.157748e-05	112633	6
OR1A2	17	3.0328000000000005e-07	3.557082e-05	111181	3
OR1D2	17	3.6878999999999996e-07	3.518217e-05	112479	3
OR1D5	17	2.3394000000000002e-07	0.0	107097	0
OR1E1	17	4.0832e-07	0.00024618048	112816	27
OR1E2	17	4.1523000000000005e-07	3.5218909999999997e-05	112292	3
OR1G1	17	2.0477e-07	0.0	111734	0
OR3A1	17	3.6429000000000004e-07	0.00083675985	112507	94
OR3A2	17	5.815299999999999e-07	3.529253e-05	106375	3
OR3A3	17	2.4551e-07	2.0126860000000003e-05	103337	2
OR4D1	17	3.7880000000000003e-07	3.52913e-05	112087	3
OR4D2	17	3.6438000000000004e-07	3.516031e-05	113599	3
ORMDL3	17	2.1573000000000001e-07	0.0	111370	0
OSBPL7	17	2.8443e-06	9.074864e-05	109509	9
OTOP2	17	1.1887e-06	0.00023991927000000004	109604	26
OTOP3	17	1.3377000000000001e-06	0.0010309366400000001	107333	110
OVCA2	17	3.1242e-07	3.272106e-05	101923	3
OXLD1	17	1.5456e-07	1.77617e-05	104000	1
P2RX1	17	1.1412e-06	8.075084e-05	110334	8
P2RX5	17	1.1762e-06	0.00027638267	109592	30
P4HB	17	1.0056e-06	0.0	111841	0
PAFAH1B1	17	1.8916e-06	0.0	109166	0
PCGF2	17	7.3461e-07	1.7584e-05	99427	1
PCTP	17	7.9315e-07	0.00011719978000000001	110133	12
PCYT2	17	1.0481e-06	6.240353e-05	106516	6
PDE6G	17	1.8269000000000003e-07	1.796316e-05	104104	1
PDK2	17	1.1534999999999998e-06	7.25788e-05	107841	7
PELP1	17	1.855e-06	0.0	99707	0
PEMT	17	5.951e-07	3.9932800000000005e-05	104187	4
PER1	17	3.068e-06	0.00014280747	106865	15
PEX12	17	8.617200000000001e-07	0.00036420707999999997	112583	41
PFAS	17	3.5158999999999997e-06	0.00029544044	110895	32
PFN1	17	1.8385000000000002e-07	0.0	110370	0
PGAP3	17	6.765399999999999e-07	4.5528599999999996e-05	104539	4
PGS1	17	1.3722e-06	8.952063e-05	107633	9
PHB	17	8.0587e-07	8.86462e-06	108335	0
PHF12	17	2.6391000000000003e-06	8.80654e-06	106781	0
PHF23	17	1.2834e-06	0.0	110233	0
PHOSPHO1	17	2.6677e-07	0.0	96645	0
PIGL	17	5.8953e-07	0.00014947048	110837	16
PIGS	17	1.1576000000000001e-06	0.0001239941	110713	13
PIGW	17	1.0038e-06	0.00025519162999999997	109470	27
PIK3R5	17	2.1638e-06	6.315948e-05	107745	6
PIK3R6	17	1.7663e-06	0.00101497281	104655	106
PIP4K2B	17	8.7449e-07	0.0	111639	0
PIPOX	17	1.2584e-06	0.00013196563	112111	14
PIRT	17	1.1295e-07	0.0	109477	0
PITPNA	17	1.3557e-06	8.848150000000001e-06	107339	0
PITPNC1	17	1.0615000000000001e-06	8.86729e-06	106888	0
PITPNM3	17	2.3872e-06	4.449417e-05	108709	4
PLCD3	17	1.2761e-06	0.00010265655000000001	103499	10
PLD2	17	2.9926e-06	0.0011572347300000002	112415	130
PLD6	17	2.3635999999999998e-07	2.92697e-05	103074	3
PLEKHH3	17	1.8234e-06	7.559425e-05	104520	7
PLEKHM1	17	2.0033e-06	6.820524e-05	108736	7
PLXDC1	17	1.2567e-06	6.292800999999999e-05	108306	6
PMP22	17	3.4552e-07	0.0	107567	0
PNMT	17	5.0121e-07	6.65125e-05	106127	7
PNPO	17	6.9515e-07	3.51667e-05	110646	3
POLDIP2	17	1.211e-06	1.786838e-05	108220	1
POLG2	17	1.5581e-06	0.0002464464	111006	27
POLR2A	17	4.8105e-06	4.4065450000000003e-05	109789	4
PPM1D	17	1.6809999999999999e-06	0.00015021072	107946	16
PPM1E	17	1.1281999999999998e-06	2.6508879999999998e-05	108841	2
PPP1R1B	17	5.0064e-07	8.84862e-06	111066	0
PPP1R27	17	3.3131e-07	4.94346e-05	107191	5
PPP1R9B	17	1.2800999999999998e-06	0.0	104532	0
PPY	17	1.7079e-07	1.7611500000000002e-05	90647	1
PRAC1	17	5.3307e-08	1.7587999999999998e-05	113347	1
PRCD	17	3.685e-07	3.89841e-05	103425	4
PRKAR1A	17	1.6374000000000002e-06	0.0	112286	0
PRKCA	17	2.2074000000000002e-06	4.406605e-05	111563	4
PROCA1	17	7.335500000000001e-07	8.947790999999999e-05	110915	9
PRPF8	17	7.358099999999999e-06	6.163244000000001e-05	111442	6
PRPSAP1	17	6.3152e-07	6.501494000000001e-05	109245	7
PRPSAP2	17	7.150700000000001e-07	3.5774699999999995e-05	109717	3
PRR11	17	1.2648e-06	0.00010623959999999998	110111	11
PRR15L	17	8.439199999999999e-08	0.0	109911	0
PSMB3	17	4.1561000000000005e-07	0.0	111671	0
PSMB6	17	6.9071e-07	1.990046e-05	106917	2
PSMC3IP	17	6.3879e-07	0.00015842111	110343	17
PSMC5	17	1.0942e-06	2.555172e-05	108781	2
PSMD11	17	1.7969e-06	8.795689999999999e-06	110551	0
PSMD12	17	1.7162e-06	8.801889999999999e-06	108995	0
PSMD3	17	1.6444999999999999e-06	0.0	111044	0
PSME3	17	8.0729e-07	0.0	111024	0
PTGES3L	17	4.1924e-07	0.00010549466000000001	104815	11
PTGES3L-AARSD1	17	1.4443999999999999e-06	0.00028139025	109367	30
PTRF	17	4.2565e-07	2.7202990000000003e-05	107766	2
PTRH2	17	3.7938e-07	3.521781e-05	111628	3
PYCR1	17	5.5369e-07	5.505901999999999e-05	100546	5
PYY	17	1.7129999999999998e-07	2.6938790000000003e-05	100095	2
QRICH2	17	3.9473e-06	0.0009174824099999999	110846	101
RAB11FIP4	17	1.6202000000000002e-06	8.815700000000001e-06	103482	0
RAB34	17	1.2351e-06	0.00012317134	107014	13
RAB37	17	6.8493e-07	0.00010652146999999998	106015	11
RAB40B	17	5.656e-07	8.814472e-05	108418	9
RAB5C	17	8.2904e-07	0.0	105458	0
RABEP1	17	2.7193e-06	1.7794849999999998e-05	109092	1
RAC3	17	3.5118e-07	1.794598e-05	104099	1
RAD51C	17	1.0633e-06	0.00018490641	112507	20
RAD51D	17	1.2272e-06	0.00016237777	108670	17
RAD51L3-RFFL	17	1.1318000000000001e-06	0.00015046284	108948	16
RAI1	17	3.0605e-06	8.8115e-06	107118	0
RAMP2	17	3.9319000000000004e-07	1.7597e-05	110900	1
RANGRF	17	5.459700000000001e-07	0.00570168968	109813	626
RAP1GAP2	17	2.0373e-06	1.868135e-05	105791	1
RAPGEFL1	17	1.3193e-06	1.935693e-05	108774	2
RARA	17	1.0257e-06	8.92507e-06	105073	0
RASD1	17	2.7614e-07	6.366002e-05	105058	6
RASL10B	17	4.8408e-07	2.6780479999999997e-05	106017	2
RBFOX3	17	9.9259e-07	0.0	97410	0
RCVRN	17	5.7304e-07	7.05636e-05	110120	7
RDM1	17	5.0527e-07	0.00011479158	111559	12
RECQL5	17	2.3537e-06	0.00073973984	106145	78
RFFL	17	1.0098999999999999e-06	8.801110000000002e-06	110264	0
RFNG	17	4.4185e-07	8.317126e-05	103671	8
RGS9	17	3.1801999999999996e-06	0.00034498483999999995	111594	38
RHBDF2	17	2.0024e-06	5.660458e-05	104505	5
RHBDL3	17	1.1562e-06	8.805177e-05	111720	9
RHOT1	17	2.4819e-06	5.314757e-05	108547	5
RILP	17	5.7621e-07	8.241002000000001e-05	107182	8
RNASEK	17	2.595e-07	0.0	107561	0
RNASEK-C17orf49	17	5.0526e-07	8.796929999999999e-06	107561	0
RND2	17	7.5503e-07	5.2967749999999994e-05	103779	5
RNF112	17	1.2165000000000001e-06	1.780677e-05	106928	1
RNF135	17	6.5452e-07	0.00011445695	111140	12
RNF157	17	2.1035e-06	0.00023835229	108455	25
RNF167	17	9.4223e-07	7.919390000000001e-05	110316	8
RNF213	17	1.1712e-05	0.00079597652	112108	89
RNF222	17	2.661e-07	3.31807e-05	60102	1
RNF43	17	2.0609e-06	5.2899110000000004e-05	109558	5
RNFT1	17	1.1203e-06	0.00020420306	105949	21
RNMTL1	17	8.0315e-07	8.021408000000001e-05	109883	8
RP1-66C13.4	17	2.8135e-07	9.68279e-06	95727	0
RP11-1055B8.7	17	4.141e-06	2.806163e-05	94035	2
RP11-1407O15.2	17	7.8015e-07	0.0027460654300000002	101216	277
RP11-15E18.4	17	2.2257e-08	0.0413826	68274	2825
RP11-178C3.1	17	4.5848e-07	8.84314e-06	106187	0
RP11-192H23.4	17	1.051e-06	0.00099404437	112211	111
RP11-318A15.7	17	1.3894e-07	1.0005e-05	106008	1
RP11-385D13.1	17	2.5914999999999997e-06	0.0007969152499999999	109364	87
RP11-477N12.3	17	5.4878e-07	0.0	106703	0
RP11-527L4.2	17	3.2651e-08	0.0	90647	0
RP11-599B13.6	17	3.697e-07	0.0	109476	0
RPA1	17	2.3458e-06	5.2933690000000004e-05	110739	5
RPAIN	17	4.6744e-07	0.00036149784	109989	39
RPH3AL	17	1.2153e-06	0.00022254713	109612	24
RPL19	17	8.396e-07	0.0	105231	0
RPL23	17	5.239800000000001e-07	0.0	110522	0
RPL23A	17	3.8782e-07	0.0	106404	0
RPL26	17	6.042899999999999e-07	0.0	110949	0
RPL27	17	3.4506999999999995e-07	0.0	112378	0
RPL38	17	3.2181999999999995e-07	0.0	110001	0
RPRML	17	7.0035e-08	0.0	98838	0
RPS6KB1	17	1.9252000000000002e-06	8.84314e-06	107210	0
RPTOR	17	4.0583e-06	1.760658e-05	108355	1
RSAD1	17	9.501700000000001e-07	0.00012402113	108953	13
RTN4RL1	17	4.2906000000000006e-07	0.0	101818	0
RUNDC1	17	1.0511e-06	3.1163509999999995e-05	109065	3
RUNDC3A	17	8.812600000000001e-07	1.7773199999999998e-05	107805	1
SAMD14	17	1.2796e-06	6.182779999999999e-05	107770	6
SAP30BP	17	1.1704e-06	0.00022992928	110999	25
SARM1	17	1.0423e-06	0.00029708899	104017	30
SAT2	17	4.2663999999999996e-07	4.4023130000000004e-05	110257	4
SCARF1	17	1.9745e-06	0.00013193783	106175	14
SCIMP	17	4.5558e-07	5.313879e-05	108777	5
SCN4A	17	3.5679e-06	0.00067056934	107750	72
SCO1	17	7.0905e-07	2.6376259999999997e-05	107928	2
SCPEP1	17	1.3908e-06	0.00042220676	111030	46
SCRN2	17	9.1831e-07	0.00024035754	111490	26
SDF2	17	5.694e-07	2.638713e-05	107422	2
SDK2	17	5.339400000000001e-06	0.00012502681999999998	97734	12
SEC14L1	17	1.8137e-06	4.41048e-05	109683	4
SECTM1	17	3.2292000000000004e-07	0.0	103396	0
SENP3	17	2.1257e-06	8.96459e-06	106840	0
SEPT4	17	1.6412999999999999e-06	0.00011439641000000001	112078	12
SEPT9	17	1.2608e-06	8.90329e-06	103614	0
SERPINF1	17	9.507899999999999e-07	9.673286e-05	110189	10
SERPINF2	17	1.0035e-06	3.580402e-05	109247	3
SEZ6	17	2.4804e-06	0.00016276983	102663	16
SGCA	17	8.0779e-07	3.167591e-05	104882	3
SGK494	17	1.4378999999999998e-06	0.004193769270000001	111247	466
SGSH	17	1.0053e-06	4.602205e-05	104459	4
SGSM2	17	2.6498e-06	0.00024028890999999998	108629	26
SHBG	17	1.0326999999999999e-06	0.00016704653	110273	18
SHISA6	17	9.9404e-07	1.65273e-05	60407	0
SHMT1	17	1.4637e-06	0.00022026860000000001	109309	24
SHPK	17	1.8631e-06	0.0016061118700000001	105152	168
SHPK	17	1.3977000000000002e-06	0.0016061118700000001	105152	168
SIRT7	17	7.187e-07	8.714469000000001e-05	104984	9
SKA2	17	3.5205999999999994e-07	5.314929e-05	107637	5
SKAP1	17	1.4463999999999998e-06	0.00011085898999999999	110079	12
SLC13A2	17	1.4752e-06	0.00034518033	111404	38
SLC13A5	17	1.1651e-06	9.703173000000001e-05	110157	10
SLC16A11	17	4.7256e-07	5.9562890000000005e-05	101456	6
SLC16A13	17	7.539e-07	0.00010629426000000001	102451	10
SLC16A3	17	5.527e-07	7.052484000000001e-05	104530	7
SLC16A5	17	7.3686e-07	0.00015355316999999998	108956	16
SLC16A6	17	7.652600000000001e-07	1.7601629999999996e-05	109610	1
SLC25A10	17	1.2828999999999998e-06	0.00012394674	106160	13
SLC25A10	17	8.028399999999999e-07	0.00012394674	106160	13
SLC25A11	17	8.4696e-07	2.6583000000000003e-05	110918	2
SLC25A19	17	5.1907e-07	2.6421069999999998e-05	112854	2
SLC25A35	17	8.9669e-07	0.00016736641	109813	18
SLC25A39	17	1.2215999999999999e-06	7.490842e-05	108669	8
SLC26A11	17	1.1643e-06	0.00018348838	108554	19
SLC2A4	17	1.2817e-06	2.644519e-05	110732	2
SLC35B1	17	7.681999999999999e-07	4.266967000000001e-05	109648	4
SLC35G3	17	0.0	0.0	113183	0
SLC35G6	17	5.3292e-07	0.00010574617	106954	11
SLC38A10	17	1.7525e-06	0.00027049966	104846	28
SLC39A11	17	8.3919e-07	0.00016308146	109319	17
SLC43A2	17	1.3447999999999998e-06	3.4446740000000006e-05	105580	3
SLC46A1	17	6.660600000000001e-07	8.85755e-06	106052	0
SLC47A1	17	1.3259e-06	0.00010560403999999999	112182	11
SLC47A2	17	1.4978e-06	0.00021341144	108644	23
SLC4A1	17	2.137e-06	5.342512e-05	110572	5
SLC52A1	17	4.4448e-07	7.148617e-05	112655	8
SLC5A10	17	1.7059999999999998e-06	0.0008490584800000001	108453	92
SLC6A4	17	1.7344e-06	2.640241e-05	111370	2
SLC9A3R1	17	5.426e-07	0.00046107959999999997	109413	50
SLFN11	17	1.1233e-06	0.00029324516	111117	32
SLFN12	17	7.569100000000001e-07	0.00031657966	111258	35
SLFN12L	17	7.55e-07	0.00015957267	101693	16
SLFN13	17	9.776600000000001e-07	0.10154230189999999	111105	11281
SLFN14	17	1.5186000000000002e-06	3.3512e-05	59645	1
SLFN5	17	9.604000000000002e-07	0.00023873367	111768	26
SMARCD2	17	2.3488e-06	6.269198e-05	106194	6
SMARCE1	17	1.3897e-06	8.796160000000001e-06	110226	0
SMCR8	17	1.1304e-06	4.41131e-05	112155	4
SMG6	17	3.7574000000000002e-06	7.922504e-05	109367	8
SMG8	17	2.7694e-06	6.157755e-05	110581	6
SMIM5	17	7.5138e-08	0.0	85399	0
SMIM6	17	0.0	0.0	98909	0
SMTNL2	17	7.123499999999999e-07	0.00082682157	111025	91
SMURF2	17	3.1367e-06	7.940191e-05	110279	8
SMYD4	17	1.6001e-06	0.00025714475	110821	28
SNF8	17	8.2068e-07	4.3982299999999994e-05	110233	4
SNX11	17	1.1716e-06	0.00014072	112319	15
SOCS3	17	1.9177e-07	0.0	105412	0
SOCS7	17	1.7593e-06	8.974889999999999e-06	107396	0
SOST	17	2.8418000000000005e-07	0.0	98363	0
SOX15	17	3.0434e-07	8.84611e-06	107940	0
SOX9	17	8.6229e-07	0.0	107700	0
SP2	17	1.121e-06	8.85112e-06	108912	0
SP6	17	4.784e-07	8.83939e-06	102815	0
SPACA3	17	3.9948000000000003e-07	2.970973e-05	108934	3
SPAG5	17	3.2321e-06	0.00039633934	112696	44
SPAG7	17	5.674000000000001e-07	5.320023e-05	112426	5
SPAG9	17	3.9322e-06	2.6795100000000004e-05	110226	2
SPATA20	17	2.4446000000000003e-06	0.00037571126	109787	41
SPATA22	17	1.1838e-06	0.00027884086	107360	29
SPATA32	17	7.2235e-07	0.00021106951	108221	22
SPDYE4	17	9.8375e-07	6.727125e-05	100895	6
SPECC1	17	2.2766999999999997e-06	8.904069e-05	111599	9
SPEM1	17	7.6803e-07	0.00013146946000000003	108688	14
SPHK1	17	6.3293e-07	0.00034064623	106836	36
SPNS2	17	1.2797e-06	5.344085e-05	109900	5
SPNS3	17	1.0793e-06	0.0048445100799999995	107307	519
SPOP	17	1.0214e-06	0.0	112284	0
SPPL2C	17	7.7858e-07	0.00017707342	112294	19
SRCIN1	17	1.9718e-06	9.56407e-06	100605	0
SREBF1	17	2.1548e-06	6.623783e-05	102418	6
SRP68	17	1.8932e-06	6.162423000000001e-05	109144	6
SRR	17	6.702299999999999e-07	1.759836e-05	111411	1
SRSF1	17	6.8742e-07	0.0	110617	0
SRSF2	17	2.6576e-07	9.29195e-06	106133	0
SSH2	17	3.5191000000000003e-06	3.520853e-05	110449	3
SSTR2	17	7.0178e-07	8.796e-06	112960	0
ST6GALNAC1	17	1.2819e-06	0.00038095964	109450	41
ST6GALNAC2	17	8.1002e-07	0.00044698987	108709	48
STAC2	17	1.1022e-06	0.00011841155000000001	107200	12
STARD3	17	1.6716999999999998e-06	5.292812e-05	110789	5
STAT3	17	2.5487e-06	8.79291e-06	111398	0
STAT5A	17	2.2231e-06	1.820034e-05	110556	2
STAT5B	17	2.5143000000000002e-06	0.0	111364	0
STH	17	0.0	0.0	108800	0
STRA13	17	2.1877e-07	2.20673e-05	99775	2
STRADA	17	1.5093e-06	0.00014973575	108817	16
STX8	17	1.0771e-06	0.00010579082	109736	11
STXBP4	17	1.5209000000000001e-06	0.00030905947	108589	33
SUMO2	17	4.3736999999999995e-07	0.0	104933	0
SUPT4H1	17	6.5039e-07	8.79245e-06	112000	0
SUPT6H	17	6.275399999999999e-06	0.0	110655	0
SUZ12	17	1.8936000000000002e-06	0.0	101107	0
SYNGR2	17	3.5233000000000003e-07	2.6474400000000002e-05	102497	2
SYNRG	17	2.675e-06	3.5901409999999995e-05	111387	3
TAC4	17	4.091e-07	3.657087e-05	109092	3
TACO1	17	5.461500000000001e-07	4.425264e-05	111288	4
TADA2A	17	1.8971e-06	0.00019425709	110565	21
TAF15	17	3.1083999999999997e-06	7.243561e-05	111193	8
TANC2	17	5.4801e-06	2.669514e-05	107024	2
TAOK1	17	4.3072e-06	7.299446999999999e-05	109203	7
TAX1BP3	17	2.5521e-07	1.767068e-05	109963	1
TBC1D16	17	1.4888999999999998e-06	0.00011929507	104703	12
TBC1D26	17	7.092900000000001e-07	6.200794e-05	111329	6
TBC1D28	17	3.9343000000000005e-07	0.0002492052	111350	27
TBC1D29	17	2.4684999999999996e-07	0.06807648919999999	108804	7407
TBC1D3	17	9.3874e-08	0.0	102294	0
TBC1D3B	17	1.8541e-07	1.00622e-05	88930	0
TBC1D3F	17	2.1555e-07	3.8967199999999995e-05	107564	4
TBC1D3G	17	0.0	0.0	70360	0
TBCD	17	3.9107e-06	0.00024969716	107571	26
TBKBP1	17	1.3526e-06	1.78846e-05	107209	1
TBX2	17	1.042e-06	0.0	99089	0
TBX21	17	1.0936e-06	0.0	109710	0
TBX4	17	1.4656e-06	6.164118e-05	110872	6
TCAP	17	2.8586e-07	5.328818e-05	109279	5
TEFM	17	8.439200000000001e-07	8.828460000000001e-06	108911	0
TEKT1	17	9.063400000000001e-07	0.00138627967	111113	154
TEKT3	17	1.5369999999999999e-06	0.00025543336	112178	28
TEN1	17	1.9061e-07	1.6566199999999997e-05	104999	1
TEX14	17	4.3438e-06	0.00216175355	111165	240
TEX19	17	0.0	0.0	108300	0
TEX2	17	3.0288e-06	0.00011579221000000002	110710	12
THRA	17	1.5534e-06	0.00017695859	109781	19
TIAF1	17	0.0	0.0	109172	0
TIMM22	17	3.2605e-07	1.758242e-05	105581	1
TIMP2	17	4.0375999999999996e-07	0.0	111757	0
TK1	17	4.1854999999999995e-07	8.86619e-06	104818	0
TLCD1	17	4.515e-07	2.73482e-05	104655	2
TLCD2	17	3.5103000000000004e-07	0.0	104288	0
TLK2	17	3.5145e-06	8.83002e-06	108268	0
TM4SF5	17	6.471300000000001e-07	0.000287749	109845	31
TMC6	17	1.9887e-06	0.00015263723999999997	100271	15
TMC8	17	1.4662e-06	0.00015036862	105146	15
TMEM100	17	9.267799999999999e-08	0.0	110414	0
TMEM101	17	4.8312e-07	2.751785e-05	100900	2
TMEM102	17	7.1249e-07	6.191022e-05	107777	6
TMEM104	17	1.3475999999999998e-06	0.00014976097	111258	16
TMEM105	17	4.5847e-08	8.95833e-06	109736	0
TMEM106A	17	6.2112e-07	3.518761e-05	112708	3
TMEM107	17	3.1203e-07	3.516716e-05	109566	3
TMEM11	17	2.9532e-07	0.0	107961	0
TMEM132E	17	1.6493e-06	7.702377e-05	104369	8
TMEM199	17	4.1878999999999995e-07	3.519129e-05	106904	3
TMEM220	17	3.8418e-07	5.275293e-05	111460	5
TMEM256	17	2.3944000000000003e-07	8.803439999999999e-06	103666	0
TMEM256-PLSCR3	17	8.840600000000001e-07	6.238983e-05	101926	6
TMEM88	17	2.0288e-07	1.83898e-05	107838	1
TMEM92	17	2.6978e-07	4.530619e-05	111886	5
TMEM95	17	6.060600000000001e-07	0.00017579845	107616	18
TMEM97	17	3.9776e-07	4.4364079999999996e-05	107895	4
TMEM98	17	7.538600000000001e-07	4.534452e-05	109874	4
TMEM99	17	0.0	0.0	110168	0
TMIGD1	17	6.1324e-07	0.00013225721000000002	112496	14
TMUB2	17	4.8113e-07	6.309050999999999e-05	111215	7
TNFAIP1	17	7.7433e-07	9.80385e-05	109979	10
TNFRSF13B	17	5.345199999999999e-07	0.00039742536	111788	44
TNFSF12	17	1.366e-06	3.20646e-05	104995	3
TNFSF12-TNFSF13	17	1.366e-06	3.20646e-05	104995	3
TNFSF13	17	7.967100000000001e-07	8.98247e-06	104444	0
TNK1	17	1.2429e-06	0.055042246759999996	103384	5690
TNRC6C	17	3.4131999999999998e-06	2.7502309999999997e-05	105032	2
TNS4	17	1.9479e-06	0.00021628262000000003	109044	23
TOB1	17	4.0915e-07	0.0	112008	0
TOM1L1	17	1.3875999999999999e-06	0.00028665514999999997	110799	31
TOM1L2	17	2.0785e-06	7.061438e-05	111518	7
TOP2A	17	4.3714e-06	8.178957e-05	104643	8
TOP3A	17	2.9870999999999997e-06	0.00041410498	111172	46
TP53	17	1.1051e-06	1.7706570000000002e-05	110922	1
TP53I13	17	9.3196e-07	2.021835e-05	106161	2
TRAF4	17	1.1703e-06	2.653744e-05	111506	2
TRAPPC1	17	5.3631e-07	4.3991840000000004e-05	111251	4
TRIM16	17	1.0018e-06	0.00012352808	110605	13
TRIM16L	17	5.7246e-07	0.0003657522	111285	40
TRIM25	17	1.2181999999999998e-06	3.58629e-05	107925	3
TRIM37	17	3.6741e-06	0.00029108438	111835	32
TRIM47	17	1.0348e-06	4.541784000000001e-05	107325	4
TRIM65	17	9.0337e-07	0.00023049335	104159	24
TRPV1	17	1.8631e-06	0.00040121315000000003	102042	40
TRPV2	17	2.4835e-06	0.00013315135	109748	14
TRPV3	17	2.0195e-06	0.0011134262400000002	110040	122
TSEN54	17	1.3922e-06	0.00010401060999999999	102782	10
TSPAN10	17	2.4976e-07	1.1755e-05	104391	1
TSR1	17	2.2930000000000003e-06	0.00032835618999999997	110227	36
TTC19	17	9.7674e-07	0.00069568148	101217	70
TTLL6	17	2.06e-06	0.00103869477	98185	101
TTYH2	17	1.3768e-06	6.158866999999999e-05	111256	6
TUBD1	17	1.1338e-06	0.0001335648	107365	14
TUBG1	17	1.0673000000000001e-06	1.758489e-05	111052	1
TUBG2	17	1.2902000000000002e-06	7.132474000000001e-05	108920	7
TUSC5	17	2.3119e-07	8.96411e-06	109380	0
TVP23B	17	5.9431e-07	8.131301e-05	105147	8
TVP23C	17	4.9299e-07	9.288890999999999e-05	108264	10
TVP23C-CDRT4	17	5.5015e-07	0.00010172283000000002	109144	11
TXNDC17	17	2.8315e-07	9.08529e-06	110058	0
UBALD2	17	2.0301e-07	9.207419999999999e-06	99984	0
UBB	17	2.1186999999999998e-07	8.81477e-06	112912	0
UBBP4	17	2.0364999999999997e-07	5.3641680000000004e-05	111245	5
UBE2G1	17	6.1534e-07	0.0	103380	0
UBE2O	17	3.0144e-06	2.6528190000000004e-05	108752	2
UBE2Z	17	6.556699999999999e-07	8.834389999999999e-06	108323	0
UBTF	17	2.5789e-06	0.0	110522	0
ULK2	17	3.0225e-06	0.00010973517	105846	11
UNC119	17	5.2159e-07	0.00019618332999999998	109962	21
UNC13D	17	3.5651e-06	0.00060300795	104699	63
UNC45B	17	2.5669999999999997e-06	0.00025936617	110103	28
UNK	17	2.1241e-06	8.90202e-06	98947	0
USH1G	17	8.5427e-07	6.279628999999999e-05	108485	6
USP22	17	1.5439e-06	4.579527e-05	109160	4
USP32	17	5.5271e-06	5.5770530000000006e-05	108283	6
USP36	17	2.775e-06	0.00019269933999999998	110064	21
USP43	17	2.5675999999999998e-06	6.242906999999999e-05	106012	6
USP6	17	4.5522e-06	0.00270170284	111365	300
UTP18	17	1.0590000000000002e-06	1.824206e-05	105928	1
UTP6	17	2.3019999999999997e-06	0.00013203489	110557	14
UTS2R	17	1.8023e-07	5.434168000000001e-05	88433	4
VAMP2	17	3.8691e-07	0.0	106956	0
VAT1	17	6.0371e-07	2.447357e-05	107052	2
VEZF1	17	1.0801e-06	0.0	111196	0
VMO1	17	2.9397e-07	7.926850000000001e-05	108287	8
VMP1	17	9.929399999999999e-07	0.0	110481	0
VPS25	17	5.498600000000001e-07	2.644317e-05	109104	2
VPS53	17	2.6205e-06	0.00014873312	105437	15
VTN	17	1.5641e-06	0.00028221870999999997	108367	30
WBP2	17	5.5326e-07	0.0	106397	0
WDR16	17	1.5953e-06	0.00024773965	111968	27
WDR45B	17	1.095e-06	3.5228920000000006e-05	111252	3
WDR81	17	3.3585e-06	0.00010014288	98431	9
WFIKKN2	17	9.1975e-07	5.505624e-05	110053	6
WIPF2	17	1.5216e-06	2.703816e-05	109444	2
WIPI1	17	1.2738e-06	6.163476e-05	111997	6
WNK4	17	3.0339e-06	0.00052886166	110602	58
WNT3	17	7.585300000000001e-07	0.0	106813	0
WNT9B	17	4.5813999999999995e-07	9.01957e-06	106921	0
WRAP53	17	1.7919e-06	0.00014072503	110702	15
WSB1	17	1.2187999999999999e-06	8.793060000000001e-06	110771	0
WSCD1	17	1.7985e-06	0.00014160225	109553	15
XAF1	17	5.8742e-07	0.00615326752	109896	676
XYLT2	17	1.7242e-06	2.32029e-05	106022	2
YBX2	17	1.4791e-06	0.0	111322	0
YPEL2	17	6.8241e-07	0.0	105952	0
YWHAE	17	5.377000000000001e-07	0.0	110164	0
ZACN	17	8.631399999999999e-07	0.17259357122000002	106808	18434
ZBTB4	17	1.5553e-06	0.0	108466	0
ZFP3	17	6.909e-07	8.79523e-06	112549	0
ZMYND15	17	2.344e-06	0.00019432616999999998	106925	20
ZNF18	17	1.0098e-06	3.1535479999999995e-05	108690	3
ZNF207	17	1.3925999999999998e-06	4.508696e-05	107654	4
ZNF232	17	8.8066e-07	1.7585050000000002e-05	109967	1
ZNF286A	17	1.0028e-06	9.709864e-05	109629	10
ZNF286B	17	8.623000000000001e-07	0.00878641754	107484	944
ZNF287	17	1.7746000000000001e-06	5.282969e-05	111646	5
ZNF385C	17	7.1952e-07	7.252094e-05	106715	7
ZNF594	17	2.4590999999999996e-07	7.069409e-05	112695	7
ZNF624	17	1.637e-06	7.041681e-05	111668	7
ZNF652	17	7.9574e-07	0.0	111732	0
ZNF750	17	8.2786e-07	8.79183e-06	113340	0
ZNF830	17	5.1606e-07	5.278635e-05	111155	5
ZNHIT3	17	3.3254e-07	4.486496e-05	109087	4
ZPBP2	17	9.4485e-07	9.239003e-05	109770	10
ZSWIM7	17	5.7713e-07	3.567404000000001e-05	102712	3
ZZEF1	17	7.8637e-06	0.00021405742000000003	109937	23
