SYMBOL	chromosome	mu_lof	AF_nfe	AN_nfe	NFE_k
A1BG	19	9.1285e-07	5.3506380000000005e-05	99944	5
ABCA7	19	5.1312e-06	0.00170095458	104064	177
ABHD17A	19	5.6013e-07	8.96893e-06	102005	0
ABHD8	19	1.0539e-06	0.0	107121	0
AC003002.4	19	1.4407e-07	8.79832e-06	109579	0
AC003002.6	19	1.9246e-07	0.0	111039	0
AC003006.7	19	1.3591e-07	0.0	111589	0
AC004076.7	19	4.0491999999999996e-08	0.0	110715	0
AC004076.9	19	3.0376999999999997e-07	0.007387034399999999	111867	826
AC006486.1	19	6.2878e-08	0.0	107010	0
AC006486.9	19	4.5999e-07	0.0	105909	0
AC006538.4	19	7.2614e-08	0.0	105286	0
AC007204.1	19	8.5167e-08	3.16302e-05	106580	3
AC008686.1	19	1.2398e-07	0.0	107364	0
AC009892.10	19	2.5682e-08	0.0	110217	0
AC010327.2	19	0.0	0.0	100663	0
AC010336.1	19	4.7211000000000006e-07	0.0001611307	109954	17
AC010646.3	19	2.7421e-08	1.75874e-05	108273	1
AC011475.1	19	2.0985e-08	0.0	108792	0
AC011484.1	19	0.0	0.0	110589	0
AC011500.1	19	1.6665e-07	0.0	112176	0
AC011530.4	19	3.5573e-07	0.0001955845	104771	20
AC012313.1	19	9.670299999999999e-08	0.0	112231	0
AC016586.1	19	0.0	0.0	99584	0
AC018755.1	19	2.2615e-07	0.0	112475	0
AC020922.1	19	0.0	0.0	97252	0
AC024580.1	19	2.4336e-07	0.0	80998	0
AC024592.12	19	2.2971999999999997e-07	8.791669999999999e-06	100729	0
AC037199.1	19	0.0	0.0	108733	0
AC074212.3	19	9.480200000000001e-07	0.0	100584	0
AC090427.1	19	6.425499999999999e-09	0.0	110693	0
AC104534.3	19	7.1488e-07	0.0	108338	0
ACER1	19	5.046199999999999e-07	7.932520999999999e-05	109168	8
ACP5	19	6.3333e-07	0.0	112552	0
ACPT	19	9.397e-07	0.00012868281000000001	103830	13
ACSBG2	19	1.7003e-06	0.0001231367	111073	13
ACTL9	19	4.0008e-07	0.0	105503	0
ACTN4	19	2.326e-06	8.85928e-06	107727	0
ADAMTS10	19	3.1281e-06	8.800030000000001e-06	109027	0
ADAMTSL5	19	1.3046000000000002e-06	0.00018477692	98694	18
ADAT3	19	2.6556999999999996e-07	7.92414e-05	102384	8
ADCK4	19	1.4750999999999999e-06	0.00016281955	109343	17
ADM5	19	4.3504e-08	0.0	102188	0
AES	19	5.641700000000001e-07	0.0	105156	0
AKAP8	19	1.3549000000000001e-06	3.7683470000000004e-05	109126	4
AKAP8L	19	1.9002e-06	4.438366e-05	108628	4
AKT1S1	19	4.6008000000000003e-07	1.7626700000000002e-05	106260	1
AKT2	19	1.1899e-06	3.526584e-05	107578	3
ALDH16A1	19	2.4765e-06	0.00037052763999999993	105329	39
ALKBH6	19	7.2735e-07	8.79477e-06	108248	0
ALKBH7	19	4.915800000000001e-07	0.000169535	105610	17
AMH	19	7.4541e-07	0.00013226861	100195	13
ANGPTL4	19	1.1762e-06	0.00025566291000000003	106243	27
ANGPTL6	19	1.0506e-06	0.00089468189	107078	95
ANKLE1	19	1.2509e-06	0.00033056485	104832	34
ANKRD24	19	2.455e-06	0.00018306116000000003	98046	17
ANKRD27	19	2.8849e-06	0.00030186236	109655	33
ANO8	19	2.5163e-06	3.649925e-05	104861	3
AP1M1	19	1.392e-06	8.80421e-06	108659	0
AP1M2	19	9.810799999999999e-07	0.00074213332	100142	74
AP2A1	19	2.3435e-06	8.86997e-06	100333	0
AP2S1	19	5.721800000000001e-07	8.78966e-06	107812	0
AP3D1	19	2.7949e-06	4.554197e-05	106808	4
APBA3	19	1.4198e-06	0.00040518769	99155	40
APC2	19	2.9017e-06	2.996071e-05	93591	2
APLP1	19	1.8778999999999998e-06	5.3463e-05	110079	5
APOC1	19	1.2622e-07	9.02772e-06	104793	0
APOC2	19	3.1863000000000004e-07	8.78982e-06	110547	0
APOC4	19	2.509e-07	5.337456e-05	110547	5
APOE	19	5.0083e-07	1.7626700000000002e-05	103232	1
ARHGAP33	19	3.1019999999999997e-06	6.289661999999999e-05	106622	6
ARHGAP35	19	3.1017000000000003e-06	0.0	110747	0
ARHGEF1	19	2.6922000000000002e-06	6.328781e-05	107215	6
ARHGEF18	19	2.434e-06	0.00010476528	103643	10
ARID3A	19	1.28e-06	0.0	101515	0
ARMC6	19	1.053e-06	0.00017336677	108237	18
ARRDC2	19	1.1248e-06	0.00024166766	109866	26
ARRDC5	19	2.6183e-07	1.770053e-05	111309	1
ASF1B	19	4.4689999999999996e-07	4.470074000000001e-05	109406	4
ASNA1	19	5.6996e-07	2.1558200000000003e-05	109538	2
ASPDH	19	7.528100000000001e-07	8.773134e-05	102074	8
ATCAY	19	8.771999999999999e-07	2.048381e-05	101039	2
ATF5	19	5.1433e-07	0.00021441202	104529	22
ATG4D	19	1.1812e-06	0.00015000229999999999	110121	16
ATP13A1	19	3.0869e-06	7.516551e-05	104621	7
ATP1A3	19	2.3835e-06	0.0	110367	0
ATP4A	19	2.2403999999999998e-06	0.00018306827000000002	110045	20
ATP5D	19	1.7617000000000002e-07	0.0	89519	0
ATP5SL	19	8.794899999999999e-07	0.0002121669	108745	23
ATP8B3	19	2.7073000000000003e-06	0.00543272073	101685	552
AURKC	19	5.478800000000001e-07	0.00068575	112147	76
AXL	19	2.2056e-06	6.167038000000001e-05	108754	6
AZU1	19	3.3246e-07	3.7063070000000006e-05	105647	3
B3GNT3	19	3.754e-07	8.10212e-05	110150	8
B3GNT8	19	9.3081e-07	9.889107e-05	107494	10
B9D2	19	4.3693000000000004e-07	7.139958000000001e-05	107513	7
BABAM1	19	6.196500000000001e-07	0.0	104127	0
BAX	19	6.3671e-07	1.90701e-05	107025	2
BBC3	19	3.3103e-07	0.0002445734	90019	22
BCAM	19	1.8046e-06	0.00013393007	109960	14
BCAT2	19	1.2887e-06	0.0002144568	107714	23
BCKDHA	19	1.3051e-06	0.00010583992	108846	11
BCL2L12	19	9.1384e-07	0.0007254184200000001	104905	76
BCL3	19	7.045e-07	0.0	97567	0
BEST2	19	1.3413999999999998e-06	0.00019776612	108075	21
BIRC8	19	0.0	0.0	110616	0
BLOC1S3	19	1.0062000000000001e-07	0.0001531009	101455	15
BLVRB	19	4.2472e-07	7.43031e-05	103406	7
BRD4	19	3.1896e-06	0.0	104616	0
BRSK1	19	2.0894e-06	2.6969369999999998e-05	106955	2
BSG	19	8.3244e-07	6.818918e-05	106207	7
BSPH1	19	4.39e-07	0.0	60852	0
BST2	19	3.9464e-07	3.635164e-05	107329	3
BTBD2	19	1.1090999999999999e-06	1.07101e-05	106440	1
C19orf10	19	5.399100000000001e-07	4.398923e-05	105658	4
C19orf12	19	1.9167999999999998e-07	0.0	110241	0
C19orf18	19	5.0622e-07	8.833109e-05	111280	9
C19orf24	19	2.7038e-07	6.66443e-05	105717	7
C19orf25	19	4.5846e-08	0.0	91200	0
C19orf26	19	5.5558e-07	2.6219320000000003e-05	97310	2
C19orf33	19	1.6947e-07	0.0	105185	0
C19orf35	19	1.9004999999999998e-07	2.60916e-05	93335	2
C19orf38	19	6.135e-07	0.0	60290	0
C19orf40	19	4.2935e-07	0.00015870853000000002	111076	17
C19orf43	19	2.5023000000000004e-07	0.0	107859	0
C19orf44	19	1.0156e-06	0.0005980353	107230	64
C19orf45	19	7.639100000000001e-07	0.00019711027	105912	20
C19orf47	19	7.1923e-07	1.765086e-05	108832	1
C19orf48	19	0.0	0.0	104566	0
C19orf52	19	2.9017e-07	3.594812e-05	108910	3
C19orf53	19	1.4905e-07	0.0	107272	0
C19orf54	19	7.877600000000001e-07	0.00014922979	99776	14
C19orf55	19	1.1903e-06	0.00040926848	100777	41
C19orf57	19	1.113e-06	0.0001964679	108040	21
C19orf59	19	7.165999999999999e-07	9.249540999999999e-05	103563	9
C19orf60	19	3.5111999999999993e-07	1.38225e-05	103295	1
C19orf66	19	6.7666e-07	4.531347e-05	106465	4
C19orf67	19	8.2293e-07	0.0	100888	0
C19orf68	19	6.981e-07	0.0	73502	0
C19orf69	19	1.9627e-07	0.0	104579	0
C19orf70	19	2.6396e-07	4.479253e-05	104335	4
C19orf71	19	3.7468e-07	0.0	102814	0
C19orf73	19	3.4272e-08	0.0	110267	0
C19orf77	19	1.7876999999999998e-07	0.0	60299	0
C19orf80	19	4.4228999999999997e-07	0.0012471721	94582	117
C19orf81	19	5.7292e-07	0.0	93837	0
C19orf82	19	1.7329e-07	0.0	96970	0
C19orf83	19	5.2180999999999996e-08	0.0	112109	0
C19orf84	19	2.4906e-08	0.0	112220	0
C3	19	5.1329e-06	0.00018500084	112072	20
C5AR1	19	4.5969999999999994e-08	0.0	112395	0
C5AR2	19	2.3169e-07	0.0	112385	0
CA11	19	1.14e-06	8.80452e-06	108916	0
CABP5	19	5.032399999999999e-07	8.88711e-05	106101	9
CACNA1A	19	6.642e-06	6.106822e-05	103301	6
CACNG6	19	4.0167e-07	8.809639999999999e-06	101732	0
CACNG7	19	5.733399999999999e-07	8.89949e-06	106749	0
CACNG8	19	4.5391000000000007e-07	0.0	103962	0
CACTIN	19	1.678e-06	0.0	98429	0
CADM4	19	7.5472e-07	0.0	110462	0
CALM3	19	4.3972e-07	0.0	108803	0
CALR	19	9.1404e-07	0.0	106931	0
CALR3	19	1.1671e-06	0.00012497333999999998	110137	13
CAMSAP3	19	2.7170999999999998e-06	8.89411e-06	106180	0
CAPN12	19	1.662e-06	0.00044129475999999995	106635	47
CAPNS1	19	1.2426e-06	0.00029311095	105875	31
CAPS	19	2.8195e-07	4.457057e-05	107414	4
CARD8	19	1.0858e-06	0.00011470603000000001	110784	12
CARM1	19	1.3688e-06	0.0	109256	0
CASP14	19	7.918399999999999e-07	0.00015062753999999998	109268	16
CATSPERD	19	1.9152e-06	0.00027609911	108659	30
CATSPERG	19	2.8366e-06	0.00134363878	101108	135
CBLC	19	1.1726e-06	0.00022429982000000005	108916	24
CC2D1A	19	2.8616000000000003e-06	0.00012223747	106573	13
CCDC105	19	9.529600000000001e-07	0.00010591991000000002	105715	11
CCDC106	19	4.129e-07	2.642715e-05	108014	2
CCDC114	19	1.2159e-06	0.00017046971	99350	16
CCDC124	19	3.9661e-07	1.8079210000000002e-05	100301	1
CCDC130	19	8.967100000000001e-07	6.159066999999999e-05	106849	6
CCDC151	19	1.5719e-06	0.00019773807	108804	21
CCDC155	19	1.7519e-06	0.00018567624	100915	18
CCDC159	19	1.1326e-06	0.0001868594	103585	19
CCDC61	19	9.0285e-07	0.00016070929	101712	16
CCDC8	19	3.3376e-07	2.69227e-05	112229	3
CCDC9	19	1.4918e-06	9.734303e-05	103684	10
CCDC94	19	9.3926e-07	7.818686999999999e-05	104281	8
CCDC97	19	8.003e-07	0.00027107162	106999	29
CCER2	19	4.2358000000000004e-07	0.0	109454	0
CCL25	19	4.2060000000000005e-07	0.0001295	105824	13
CCNE1	19	1.1983e-06	4.397754e-05	110039	4
CD209	19	1.0712e-06	0.00018546663	113193	20
CD22	19	2.5522e-06	8.826098e-05	108053	9
CD320	19	3.8125e-07	2.7297909999999996e-05	101292	2
CD33	19	5.8703e-07	0.00042974645	110680	47
CD37	19	8.9139e-07	6.213373e-05	110638	6
CD3EAP	19	1.0152999999999998e-07	8.89933e-06	110093	0
CD70	19	1.6296e-07	1.7785e-05	109932	1
CD79A	19	7.8449e-07	9.13893e-06	102172	0
CD97	19	1.911e-06	0.00018616014	108668	20
CDC34	19	4.1723e-07	0.0	104864	0
CDC37	19	1.0048e-06	8.81834e-06	107722	0
CDC42EP5	19	1.569e-08	0.0	103424	0
CDKN2D	19	8.023199999999999e-08	0.0	107427	0
CEA	19	5.0562e-07	6.4805e-05	111104	7
CEACAM1	19	1.1162e-06	3.525185e-05	111203	3
CEACAM16	19	8.4949e-07	6.035354e-05	100584	6
CEACAM18	19	5.2518e-07	0.0002181882	106890	23
CEACAM19	19	6.64e-07	0.00013356961000000002	104211	13
CEACAM21	19	7.8226e-07	0.00014388136999999999	109554	15
CEACAM3	19	8.6685e-07	9.896209999999999e-05	109756	10
CEACAM4	19	9.3616e-07	0.0002774732	106454	29
CEACAM5	19	1.3961e-06	0.00015270749	110855	16
CEACAM6	19	8.1265e-07	7.395746999999999e-05	111409	8
CEACAM7	19	6.3591e-07	0.0036189672799999996	109969	397
CEACAM8	19	9.196600000000001e-07	0.00015298571000000002	111604	17
CEBPA	19	1.0325999999999999e-07	0.0	97943	0
CEBPG	19	3.8081e-07	1.03248e-05	110397	1
CELF5	19	1.0384999999999999e-06	0.0	107693	0
CEP89	19	2.1325999999999997e-06	0.0022829287100000002	108744	248
CERS1	19	5.637899999999999e-07	3.653499e-05	102955	3
CERS4	19	1.3745e-06	0.00013396636	109155	14
CFD	19	3.5478e-07	0.0001778557	96044	17
CGB	19	4.9048e-08	0.000141171	105552	14
CGB1	19	1.1237e-07	0.0	106915	0
CGB2	19	9.8876e-08	0.0	106915	0
CGB5	19	8.6205e-08	8.842510000000001e-06	106941	0
CGB7	19	1.14e-07	0.00037106849999999996	106842	39
CGB8	19	5.3823e-08	2.6444299999999997e-05	106941	2
CHAF1A	19	1.8853e-06	1.78923e-05	106378	1
CHERP	19	2.4086e-06	0.0	103924	0
CHMP2A	19	5.0537e-07	1.7583039999999997e-05	112049	1
CHST8	19	7.2342e-07	5.428639e-05	106543	5
CIB3	19	4.1799e-07	0.00051957971	110721	57
CIC	19	2.59e-06	2.670329e-05	109767	2
CILP2	19	2.2988999999999997e-06	0.00011741051000000001	104080	12
CIRBP	19	8.954999999999999e-07	2.772985e-05	103716	2
CKM	19	6.476000000000001e-07	5.699438e-05	110525	6
CLASRP	19	2.6977e-06	6.343358e-05	105849	6
CLC	19	4.8165e-07	8.836412e-05	112507	9
CLDND2	19	3.2171e-07	6.447084e-05	106975	6
CLEC11A	19	5.1707e-07	7.33913e-05	101103	7
CLEC17A	19	1.3101e-06	6.237696e-05	105553	6
CLEC4G	19	6.5485e-07	3.884157e-05	105374	4
CLEC4M	19	7.509000000000001e-07	0.005067487589999999	111979	567
CLIP3	19	1.3271000000000002e-06	3.6801659999999994e-05	110071	4
CLPP	19	4.774300000000001e-07	0.0	98400	0
CLPTM1	19	1.9211e-06	4.4197929999999994e-05	108116	4
CNFN	19	2.4185e-07	2.8954899999999996e-05	103915	3
CNN1	19	6.1231e-07	0.0	110289	0
CNN2	19	6.857e-07	4.4066530000000004e-05	107434	4
CNOT3	19	2.0536e-06	0.0	105300	0
CNTD2	19	4.6561999999999996e-07	1.23953e-05	98854	1
COL5A3	19	5.326900000000001e-06	0.00037951626000000003	107833	40
COLGALT1	19	1.3369e-06	6.161358000000001e-05	108945	6
COMP	19	1.9137999999999998e-06	0.00015347466	106809	16
COPE	19	8.071500000000001e-07	8.89553e-06	107416	0
COX6B1	19	2.2995000000000002e-07	1.761261e-05	102707	1
COX6B2	19	2.445e-07	5.909419e-05	93185	5
COX7A1	19	2.5527e-07	4.7336e-05	104403	4
CPAMD8	19	5.3717e-06	0.0008377327499999999	104843	87
CPT1C	19	2.457e-06	0.00020506788	107770	22
CRB3	19	1.972e-07	8.8098e-06	102134	0
CREB3L3	19	1.0854e-06	0.00027368681	107971	29
CRLF1	19	8.103199999999999e-07	4.751159000000001e-05	105835	5
CRTC1	19	1.3013e-06	2.6520059999999998e-05	107905	2
CRX	19	5.361999999999999e-07	0.0	112721	0
CSNK1G2	19	7.898899999999999e-07	1.53511e-05	99594	1
CTB-102L5.4	19	4.946e-07	2.63746e-05	107204	2
CTB-54O9.9	19	1.2096e-07	1.29272e-05	102453	1
CTB-60B18.6	19	8.5046e-09	0.0	106698	0
CTC-260F20.3	19	4.959899999999999e-07	0.00019666039000000002	102259	20
CTC-273B12.7	19	1.7522000000000003e-07	0.0	108169	0
CTC-360G5.8	19	2.0953e-06	0.00029377394	105829	31
CTC-429P9.4	19	1.7805e-07	8.86038e-06	108652	0
CTC-435M10.3	19	1.3400999999999999e-06	0.00011466729	107395	12
CTC-454I21.3	19	2.152e-07	0.0	112393	0
CTC-512J12.6	19	3.1894e-07	1.85271e-05	112041	2
CTD-2192J16.24	19	5.129399999999999e-07	2.6424159999999997e-05	109326	2
CTD-2207O23.12	19	4.7989999999999995e-08	0.0	108047	0
CTD-2207O23.3	19	2.3405000000000003e-06	0.00010476528	104630	10
CTD-2368P22.1	19	5.425e-07	0.0	109492	0
CTD-2521M24.10	19	2.689e-07	0.0	104366	0
CTD-2545M3.6	19	9.9155e-07	5.343228e-05	94852	5
CTD-2583A14.10	19	1.407e-07	8.92188e-06	107276	0
CTD-3105H18.16	19	2.6819e-07	0.0	112039	0
CTD-3193O13.9	19	1.0582999999999999e-06	0.0	63871	0
CTD-3214H19.16	19	4.6876e-07	5.59334e-05	103563	5
CTU1	19	1.6903e-07	0.0	80934	0
CTXN1	19	4.9942000000000005e-08	0.0	107247	0
CXCL17	19	2.5203e-07	1.763437e-05	112505	1
CYP2A13	19	7.553699999999999e-07	0.0095150591	111340	1059
CYP2A6	19	9.0096e-07	8.812416e-05	110801	9
CYP2A7	19	9.3398e-07	0.00027588507999999997	108956	30
CYP2B6	19	1.3475999999999998e-06	0.00043199278	112591	48
CYP2F1	19	9.391200000000001e-07	0.00032846966	108455	35
CYP2S1	19	9.6772e-07	0.00014171034	109157	15
CYP4F11	19	1.2997e-06	0.00043538960999999995	112262	48
CYP4F12	19	1.3754e-06	0.00040807884	111080	45
CYP4F2	19	1.1553e-06	0.00022049101000000003	111612	24
CYP4F22	19	1.4021999999999999e-06	0.00011456141000000002	111086	12
CYP4F3	19	1.0449e-06	0.00066003837	110505	72
CYTH2	19	1.4950999999999999e-06	6.333576999999999e-05	109982	6
DACT3	19	4.5988999999999997e-07	1.66179e-05	88860	1
DAND5	19	2.3331999999999997e-07	4.8936099999999994e-05	109184	5
DAPK3	19	9.0988e-07	4.7971409999999993e-05	102728	4
DAZAP1	19	1.5218e-06	0.0	104722	0
DBP	19	3.7700000000000005e-07	0.0	107745	0
DCAF15	19	1.4035e-06	1.799501e-05	108464	1
DDA1	19	5.254399999999999e-07	0.0	104469	0
DDX39A	19	9.4765e-07	1.772e-05	109081	1
DDX49	19	1.5952000000000002e-06	0.00020433691999999999	106013	21
DEDD2	19	6.5181e-07	2.751895e-05	103838	2
DENND1C	19	1.6741999999999998e-06	0.00024027560000000001	104927	25
DHDH	19	7.659499999999999e-07	0.060066892979999995	108668	6527
DHPS	19	8.5958e-07	0.00054729373	109673	60
DHX34	19	2.7911000000000003e-06	0.00020583749	105476	21
DIRAS1	19	2.1154e-07	8.86321e-06	108363	0
DKFZP761J1410	19	1.0847e-06	1.35292e-05	102400	1
DKKL1	19	4.3573999999999996e-07	5.296422e-05	109586	5
DLL3	19	1.0289e-06	7.937935e-05	102826	8
DMKN	19	1.5612e-06	0.00031734052000000003	103259	32
DMPK	19	1.2812000000000001e-06	3.571585e-05	101641	3
DMRTC2	19	8.9001e-07	0.000211082	107348	22
DMWD	19	8.215899999999999e-07	8.9865e-06	103673	0
DNAAF3	19	1.421e-06	5.3576330000000006e-05	105317	5
DNAJB1	19	7.712999999999999e-07	7.0359e-05	107330	7
DNASE2	19	7.282800000000001e-07	3.529667e-05	104579	3
DNM2	19	2.4114e-06	1.842901e-05	107676	1
DNMT1	19	5.0584e-06	1.768213e-05	110306	1
DOCK6	19	5.4671000000000006e-06	0.00104695094	102553	107
DOHH	19	4.1832999999999996e-07	2.652196e-05	110279	2
DOT1L	19	3.1428e-06	9.65456e-06	104543	1
DPF1	19	1.5993e-06	2.75593e-05	103885	2
DPP9	19	2.4911e-06	4.517882e-05	98717	4
DPRX	19	2.7858e-07	1.7786989999999997e-05	111230	1
DPY19L3	19	2.058e-06	0.00015174280000000001	109926	16
DUS3L	19	1.6922e-06	0.00017528923	102047	17
DUXA	19	6.733800000000001e-07	8.798774e-05	112918	9
DYRK1B	19	1.1994e-06	9.06306e-06	105265	0
EBI3	19	4.7235e-07	1.89154e-05	101207	1
ECH1	19	8.0596e-07	0.00029974498	109039	32
ECSIT	19	9.631e-07	0.00013863528	110945	15
EEF2	19	1.8246e-06	8.82535e-06	105318	0
EFNA2	19	3.5925e-07	1.7675839999999997e-05	100873	1
EGLN2	19	9.7945e-07	2.694042e-05	110827	2
EHD2	19	7.8471e-07	0.0	105828	0
EID2	19	1.7944000000000002e-07	9.201160000000002e-06	105843	0
EID2B	19	0.0	0.0	108995	0
EIF3G	19	7.282300000000001e-07	9.43236e-06	107715	1
EIF3K	19	8.5258e-07	9.693697e-05	112424	10
ELANE	19	7.154899999999999e-07	5.6620010000000004e-05	96438	5
ELAVL1	19	7.541199999999999e-07	0.0	110666	0
ELAVL3	19	5.8572e-07	8.80065e-06	104276	0
ELL	19	1.8657e-06	1.798414e-05	102128	1
ELOF1	19	2.9315e-07	0.0	112197	0
ELSPBP1	19	7.8137e-07	0.00021134618	107916	22
EMC10	19	9.398700000000001e-07	0.00032035416000000003	101245	32
EML2	19	2.1832e-06	0.00012449748	110305	13
EMP3	19	6.0831e-07	0.00015849885	103743	16
EMR1	19	2.2319e-06	0.00107706731	110628	119
EMR2	19	1.9865e-06	0.00220320095	110618	243
EMR3	19	1.5936e-06	0.0005607642700000001	109891	61
EPHX3	19	1.0181999999999998e-06	0.00010845031000000002	109263	11
EPN1	19	1.3917e-06	4.7635109999999995e-05	96312	4
EPOR	19	8.715999999999999e-07	0.00010633991000000002	105680	11
EPS15L1	19	2.9312e-06	4.406212000000001e-05	111173	4
EPS8L1	19	1.7871e-06	6.1009719999999994e-05	101595	6
ERCC1	19	7.254300000000001e-07	7.915018e-05	108306	8
ERCC2	19	2.0618e-06	0.00042339862000000003	105965	44
ERF	19	1.0121e-06	0.0	105783	0
ETFB	19	6.9156e-07	5.290795999999999e-05	101256	5
ETHE1	19	4.7223e-07	6.272863e-05	102330	6
ETV2	19	6.702500000000001e-07	6.047962e-05	99566	6
EVI5L	19	1.9488999999999997e-06	2.092348e-05	95766	2
EXOC3L2	19	9.3244e-07	2.6762559999999997e-05	103840	2
EXOSC5	19	3.9159e-07	4.492024e-05	105549	4
F2RL3	19	3.7351999999999997e-07	6.521684e-05	97622	6
FAM129C	19	1.9373e-06	0.00011038588	104574	11
FAM187B	19	4.2705e-07	0.33082028516999995	109563	36245
FAM32A	19	2.4991999999999995e-07	1.6240599999999998e-05	93442	1
FAM71E1	19	3.1024e-07	0.00169798848	100603	170
FAM71E2	19	1.4575e-06	1.67622e-05	83700	1
FAM83E	19	6.984000000000001e-07	0.00016310358999999997	103106	16
FAM98C	19	7.6851e-07	0.00013623348	106992	14
FARSA	19	1.7519e-06	5.358935e-05	109360	5
FBL	19	1.3108000000000002e-06	0.0	108815	0
FBN3	19	7.598099999999999e-06	0.0011545338199999999	107098	123
FBXL12	19	7.0094e-07	3.63245e-05	101767	3
FBXO17	19	6.656e-07	0.00034460480000000004	102399	35
FBXO27	19	7.3794e-07	0.00030690951000000003	108574	33
FBXO46	19	1.1254e-06	9.46128e-06	103181	0
FBXW9	19	1.4436e-06	0.00029179306	108628	31
FCAR	19	5.5066e-07	0.00010625615	111808	11
FCER2	19	9.5155e-07	0.00042691212999999996	105677	45
FCGBP	19	8.8047e-06	0.00158794041	105975	168
FCGRT	19	7.3779e-07	1.799886e-05	106974	1
FCHO1	19	2.4534e-06	6.292092e-05	109472	6
FDX1L	19	3.1243e-07	3.87446e-05	98393	3
FEM1A	19	8.0818e-07	0.00014334537	109156	15
FFAR1	19	3.4687e-07	9.63462e-05	94536	9
FFAR2	19	3.9704999999999997e-07	0.0	111080	0
FFAR3	19	1.8434000000000002e-07	1.7728610000000002e-05	107749	1
FGF21	19	2.5143e-07	2.75491e-05	109930	3
FGF22	19	3.1882e-07	3.693993e-05	98452	3
FIZ1	19	5.394300000000001e-07	0.0	97920	0
FKBP8	19	8.7581e-07	0.0	106603	0
FKRP	19	5.8844e-07	9.291516e-05	95556	8
FLT3LG	19	6.443300000000001e-07	0.0	108592	0
FOSB	19	1.1195e-06	8.97215e-06	104142	0
FOXA3	19	3.7099e-07	9.08959e-06	107919	0
FPR1	19	0.0	0.0	112617	0
FPR2	19	4.4556e-08	0.0	113012	0
FPR3	19	0.0	0.0	111098	0
FSD1	19	1.0713e-06	2.6600559999999995e-05	105560	2
FSTL3	19	4.1312e-07	0.0	94927	0
FTL	19	2.9431e-07	4.398526e-05	106824	4
FUT1	19	3.9095e-07	8.969201e-05	111144	9
FUT2	19	7.7184e-07	0.47561927284999994	113348	53910
FUT3	19	1.1265999999999998e-07	2.637393e-05	112834	2
FUT5	19	0.0	0.0	100773	0
FUT6	19	0.0	0.0	112206	0
FUZ	19	9.6525e-07	2.656856e-05	101560	2
FXYD1	19	3.2531e-07	8.83986e-06	109751	0
FXYD3	19	5.9255e-07	7.371981999999999e-05	105766	7
FXYD5	19	5.9576e-07	2.6598459999999997e-05	110187	2
FXYD7	19	2.5636e-07	1.758103e-05	110521	1
FZR1	19	1.3821e-06	0.0	103047	0
GADD45B	19	3.0124e-07	4.43247e-05	106601	4
GADD45GIP1	19	4.8477e-07	6.19463e-05	109694	6
GALP	19	4.1313999999999995e-07	1.758861e-05	112620	1
GAMT	19	3.1106e-07	2.68764e-05	100452	2
GAPDHS	19	1.2574e-06	0.00010569925	111628	11
GATAD2A	19	1.869e-06	8.80018e-06	109666	0
GCDH	19	1.1804000000000002e-06	5.3108809999999996e-05	111772	5
GDF1	19	2.6087e-07	0.0	102955	0
GDF15	19	3.9919e-07	4.593988e-05	106848	4
GEMIN7	19	2.4195e-07	0.0	102969	0
GFY	19	5.593800000000001e-07	0.0	103854	0
GGN	19	9.166799999999999e-07	3.835607e-05	100469	3
GIPC1	19	5.6716e-07	8.79446e-06	105339	0
GIPC3	19	5.721899999999999e-07	8.997572e-05	106163	9
GIPR	19	1.4590000000000001e-06	0.00025792943	107427	27
GLTSCR1	19	1.4905000000000002e-06	9.63076e-06	90745	0
GLTSCR2	19	1.1512999999999999e-06	8.79523e-06	107523	0
GMFG	19	6.6807e-07	0.00016028941	110797	17
GMIP	19	2.5397e-06	0.00013366700000000002	106388	14
GNA11	19	6.8068e-07	0.0	106630	0
GNA15	19	9.8437e-07	5.427097e-05	103916	5
GNG7	19	8.031499999999999e-08	0.0	96633	0
GNG8	19	9.6304e-08	0.0	109491	0
GP6	19	7.3654e-07	6.0796190000000005e-05	106614	6
GPATCH1	19	3.2068e-06	0.00034745596	108046	37
GPI	19	1.6265e-06	0.00014213985	110108	15
GPR108	19	1.4494e-06	0.0005305400499999999	107912	57
GPR32	19	0.0	0.0	112026	0
GPR4	19	3.8624000000000005e-07	5.768285e-05	108619	6
GPR42	19	1.4317e-07	3.05633e-05	64688	1
GPX4	19	5.3271e-07	3.6364609999999995e-05	97455	3
GRAMD1A	19	2.106e-06	0.00290048215	109423	317
GRIK5	19	2.4691e-06	3.577525e-05	108916	3
GRIN2D	19	1.9719e-06	8.90202e-06	103975	0
GRIN3B	19	1.0937e-06	9.031966e-05	100415	9
GRWD1	19	9.626700000000001e-07	9.970873e-05	106673	10
GSK3A	19	1.3968000000000001e-06	0.0	109112	0
GTF2F1	19	1.2495e-06	0.00484294713	108395	524
GTPBP3	19	1.0639e-06	5.331661999999999e-05	107303	5
GYS1	19	2.4234e-06	8.700694e-05	109653	9
GZMM	19	3.2472e-07	1.2233900000000002e-05	100496	1
HAMP	19	1.4966e-07	1.75966e-05	110208	1
HAPLN4	19	9.461799999999999e-07	0.0	103429	0
HAS1	19	9.5925e-07	0.00012722136	99333	12
HAUS5	19	2.5917e-06	0.00021307906000000003	107938	22
HAUS8	19	8.9155e-07	0.00013258485	109749	14
HCN2	19	1.0049e-06	2.7259e-05	104602	2
HCST	19	1.8602e-07	8.808089999999999e-06	107987	0
HDGFRP2	19	1.7356e-06	1.837316e-05	100221	1
HIF3A	19	1.2888999999999998e-06	5.2924e-05	106126	5
HIPK4	19	1.1746e-06	5.377763000000001e-05	109516	5
HKR1	19	1.4975999999999999e-06	0.0022080226000000002	112682	248
HMG20B	19	7.283800000000001e-07	1.834948e-05	88167	1
HMHA1	19	2.4591e-06	8.463108e-05	102188	8
HNRNPL	19	1.1796e-06	0.0	105425	0
HNRNPM	19	1.8047e-06	0.0	109344	0
HNRNPUL1	19	2.966e-06	0.0	107351	0
HOMER3	19	9.5022e-07	1.66135e-05	103124	1
HOOK2	19	2.6459e-06	0.00035658822	109765	39
HPN	19	1.3602000000000001e-06	9.637630000000001e-06	107273	1
HRC	19	1.5376e-06	0.00026409358	110000	29
HSD11B1L	19	5.573499999999999e-07	3.6406479999999996e-05	100444	3
HSD17B14	19	9.4896e-07	0.00024830672	107796	26
HSPB6	19	1.9559000000000002e-07	0.0	100025	0
HSPBP1	19	8.3505e-07	0.00010631276000000002	98712	10
ICAM1	19	9.7455e-07	5.3540059999999996e-05	109751	5
ICAM3	19	9.986200000000002e-07	0.00022196341	107986	23
ICAM4	19	4.8853e-07	7.267003000000001e-05	108670	7
ICAM5	19	1.5132e-06	3.5789e-05	108032	3
IER2	19	2.1778000000000004e-07	0.0	97262	0
IFI30	19	5.973399999999999e-07	0.00010538344	99760	10
IFNL1	19	3.2402e-07	5.298168000000001e-05	112833	5
IFNL2	19	3.3499e-07	7.986247e-05	108123	8
IFNL3	19	3.0124e-07	1.7597e-05	109827	1
IGFL1	19	3.797e-07	2.6554309999999995e-05	110390	2
IGFL2	19	2.5802e-07	3.744211e-05	102778	3
IGFL3	19	4.276300000000001e-07	8.821139999999999e-06	112094	0
IGFL4	19	2.8905e-07	1.770456e-05	111094	1
IGFLR1	19	6.343600000000001e-07	6.390728e-05	108077	6
IGLON5	19	5.9546e-07	2.712264e-05	95167	2
IL11	19	4.9758e-07	0.0	81484	0
IL12RB1	19	2.4032e-06	0.0007376817200000001	109214	80
IL27RA	19	1.9859e-06	0.00019684589	99188	19
IL4I1	19	5.7279e-07	0.0123594	106973	1322
ILF3	19	2.6144e-06	0.0	108552	0
ILVBL	19	1.2794e-06	0.00012351193	108384	13
INSL3	19	3.8135999999999997e-07	0.0	110654	0
INSR	19	4.1732e-06	8.797749e-05	111110	9
IRF2BP1	19	1.1391e-06	8.88068e-06	102376	0
IRF3	19	7.344199999999999e-07	3.542616e-05	105379	3
IRGC	19	5.6549e-07	8.89284e-06	108742	0
IRGQ	19	1.0745e-06	0.0001018975	104889	10
ISOC2	19	4.7826e-07	2.6628119999999998e-05	106975	2
ISYNA1	19	1.1235e-06	0.00010134125	105061	10
ITPKC	19	1.3666e-06	1.758536e-05	106091	1
IZUMO1	19	9.9317e-07	7.080813e-05	111453	7
IZUMO2	19	7.742e-07	0.0001259297	109755	13
IZUMO4	19	6.8705e-07	0.00022093007	109752	24
JAK3	19	2.8147000000000003e-06	0.00013901128999999998	105020	14
JOSD2	19	2.9678e-07	1.7953e-05	104606	1
JSRP1	19	4.5363e-07	0.0006646785000000001	97987	65
JUNB	19	2.7463e-07	0.0	100761	0
JUND	19	1.6842e-07	0.0	95703	0
KANK2	19	1.8233000000000002e-06	0.00017938694	105855	18
KANK3	19	1.1275e-06	0.00026997426	101546	27
KCNA7	19	6.000800000000001e-07	1.1952e-05	105807	1
KCNC3	19	8.436700000000001e-07	3.595099e-05	108765	3
KCNJ14	19	4.2472e-07	4.812838e-05	109321	5
KCNK6	19	3.3639e-07	0.00020791491	109893	22
KCNN1	19	8.345299999999999e-07	0.0	103556	0
KCNN4	19	1.1136e-06	0.00015631433000000002	107990	16
KCTD15	19	4.4533000000000003e-07	2.87682e-05	102903	2
KDELR1	19	5.3908e-07	1.58063e-05	98967	1
KDM4B	19	2.5556e-06	2.7228270000000003e-05	103411	2
KEAP1	19	1.9483e-06	6.211331999999999e-05	107075	6
KHSRP	19	1.8556999999999999e-06	0.0	104903	0
KIAA0355	19	2.2551e-06	1.760333e-05	110090	1
KIAA1683	19	1.4037e-06	0.0006725538099999999	107040	71
KIR2DL1	19	6.418999999999999e-07	0.0069585841	101048	703
KIR2DL3	19	5.3676e-07	0.00041539275000000004	96655	40
KIR2DL4	19	3.2525e-07	4.2555900000000004e-05	93547	3
KIR3DL1	19	6.770499999999999e-07	0.0012157712599999999	100221	121
KIR3DL2	19	5.2623e-07	4.612265e-05	99465	4
KIR3DL3	19	2.6674e-07	2.157361e-05	93414	2
KIRREL2	19	1.7459e-06	0.00219690351	107945	237
KISS1R	19	4.1598999999999996e-07	2.7889699999999998e-05	80641	2
KLC3	19	1.5483e-06	0.00024651457000000003	104732	25
KLF1	19	5.0547e-07	6.027493e-05	106885	6
KLF16	19	1.1443e-07	0.0	98279	0
KLF2	19	3.38e-07	0.0	98050	0
KLHL26	19	1.0122e-06	0.00012948318000000002	105825	13
KLK1	19	4.2571000000000007e-07	6.29473e-05	109977	6
KLK10	19	5.888300000000001e-07	9.492006e-05	102657	9
KLK11	19	8.066700000000001e-07	0.00013864548999999998	106507	14
KLK12	19	4.624e-07	0.5885533858600001	104347	61414
KLK13	19	4.0329999999999997e-07	4.5158059999999994e-05	105348	4
KLK14	19	6.805500000000001e-07	0.016464440940000002	108085	1779
KLK15	19	3.5495e-07	4.4176729999999995e-05	109168	4
KLK2	19	4.1039999999999997e-07	4.408276e-05	108733	4
KLK3	19	5.2381e-07	0.00010632419	110874	11
KLK4	19	4.8037e-07	6.167254e-05	106683	6
KLK5	19	4.5106e-07	3.555617e-05	109957	3
KLK6	19	5.3117e-07	2.652105e-05	112425	2
KLK7	19	3.8912e-07	2.05017e-05	104178	2
KLK8	19	9.7553e-07	0.00010630753000000001	109738	11
KLK9	19	6.804000000000001e-07	0.00011088163999999999	107455	11
KMT2B	19	6.4033e-06	1.914888e-05	104522	2
KPTN	19	1.2217e-06	0.00024791034	105990	26
KRI1	19	2.2561000000000003e-06	0.00016834634	111726	18
KRTDAP	19	5.4378e-07	2.6388340000000002e-05	112252	2
KXD1	19	3.6753999999999997e-07	1.866487e-05	109482	2
L34079.2	19	2.1030999999999998e-07	5.274728e-05	106494	5
LAIR1	19	7.8449e-07	0.0002651941	109991	29
LAIR2	19	2.9843000000000006e-07	0.04320589942	111277	4807
LDLR	19	2.2814e-06	0.00029977213	112624	33
LENG1	19	8.309399999999999e-07	9.212449000000001e-05	106352	9
LENG8	19	2.8695999999999996e-06	9.16826e-06	107518	0
LENG9	19	0.0	0.0	105963	0
LEUTX	19	4.1791e-08	3.289e-05	60500	1
LGALS13	19	4.4669e-07	0.00010555826999999999	113338	11
LGALS14	19	4.0792e-07	8.81912e-06	112386	0
LGALS16	19	3.4045e-07	2.6577620000000003e-05	99574	2
LGALS4	19	9.8496e-07	0.00015842335	110083	17
LGALS7	19	1.0099999999999999e-07	0.0	71162	0
LGALS7B	19	1.4537e-07	5.3070100000000005e-05	104594	5
LGI4	19	8.2402e-07	0.00016312692	99902	16
LHB	19	1.9532e-07	2.652937e-05	110644	2
LIG1	19	2.2173e-06	0.00010620459999999999	108621	11
LILRA1	19	1e-06	0.046909484	112765	5289
LILRA2	19	8.8674e-07	0.00018494939999999998	112934	20
LILRA3	19	8.0809e-07	0.0035498186100000003	106345	377
LILRA4	19	1.0478e-06	0.00020359381	112116	22
LILRA5	19	6.0679e-07	0.00020237155	113135	22
LILRA6	19	8.9105e-07	0.00014592792999999998	106755	15
LILRB1	19	1.5849e-06	0.00147187971	109665	161
LILRB2	19	1.6909e-06	0.00015140017	109435	16
LILRB3	19	1.1375e-06	0.00029694585	103202	30
LILRB4	19	9.2512e-07	0.0007189999900000001	109569	78
LILRB5	19	1.5748e-06	0.00046874504	108247	50
LIM2	19	4.0603e-07	1.7603199999999998e-05	112399	1
LIN37	19	6.9961e-07	7.157836e-05	106589	7
LIN7B	19	7.152299999999999e-07	4.4474499999999996e-05	110267	4
LINGO3	19	3.3501e-07	3.7363119999999996e-05	102534	3
LIPE	19	2.0645e-06	0.00032841182	107893	35
LMNB2	19	1.4183e-06	0.0	104503	0
LMTK3	19	2.1294e-06	1.80573e-05	100604	1
LONP1	19	2.0993e-06	2.7393520000000003e-05	106493	2
LPAR2	19	7.0654e-07	3.53802e-05	104487	3
LPHN1	19	4.111600000000001e-06	1.7712939999999997e-05	107816	1
LPPR3	19	6.679899999999999e-07	1.885943e-05	100464	1
LRFN1	19	8.779700000000001e-07	1.39946e-05	100366	1
LRFN3	19	4.7915e-07	0.0	102836	0
LRG1	19	4.5834e-08	8.78966e-06	105432	0
LRP3	19	1.4471999999999999e-06	0.00011243185	104553	11
LRRC25	19	6.6308e-07	0.0	108381	0
LRRC4B	19	7.4472e-07	2.10133e-05	101381	2
LRRC8E	19	1.1645e-06	7.053776e-05	109954	7
LSM14A	19	1.3709999999999999e-06	8.79415e-06	107403	0
LSM4	19	5.576800000000001e-07	4.577337e-05	101500	4
LSM7	19	3.2159999999999997e-07	0.0	92885	0
LSR	19	1.3973e-06	0.00151839047	104525	158
LTBP4	19	4.4726999999999995e-06	7.147188e-05	104188	7
LYL1	19	2.4236999999999997e-07	0.0	98027	0
LYPD3	19	4.1979e-07	0.00037489713	108694	40
LYPD4	19	4.656399999999999e-07	7.236054e-05	108792	7
LYPD5	19	4.2533999999999997e-07	1.762799e-05	101417	1
MADCAM1	19	2.7748e-07	0.00018171599999999998	93364	16
MAG	19	1.5852e-06	7.922353000000001e-05	107651	8
MAMSTR	19	6.5666e-07	3.667214000000001e-05	104108	3
MAN2B1	19	2.6783999999999996e-06	0.00037244222	110116	41
MAP1S	19	1.5e-06	3.111978e-05	99459	3
MAP2K2	19	1.0184e-06	8.85332e-06	93119	0
MAP2K7	19	9.654299999999999e-07	0.0	108507	0
MAP3K10	19	1.3397e-06	5.4554809999999995e-05	104029	5
MAP4K1	19	2.7887e-06	1.768963e-05	108467	1
MARCH2	19	5.0194e-07	4.40964e-05	110737	4
MARK4	19	1.9246e-06	1.7639029999999997e-05	109357	1
MAST1	19	3.4863e-06	4.7770159999999996e-05	106712	5
MAST3	19	2.7452999999999998e-06	2.667501e-05	100047	2
MATK	19	1.5465000000000001e-06	0.0003339722	105009	35
MAU2	19	1.9593e-06	0.0	110039	0
MBD3	19	4.9554e-07	0.0	107236	0
MBD3L1	19	0.0	0.0	110621	0
MBD3L2	19	0.0	0.0	87909	0
MBD3L3	19	4.1613e-09	0.0	87909	0
MBOAT7	19	8.5756e-07	8.87138e-06	104146	0
MCOLN1	19	1.7566e-06	0.00020280365000000002	108389	21
MED16	19	1.5875999999999998e-06	0.00031097283	102126	31
MED25	19	2.0083000000000003e-06	0.00015788479	105832	16
MED26	19	1.2061e-06	0.0007741839999999999	109036	84
MED29	19	4.3088999999999996e-07	1.791269e-05	110100	1
MEF2B	19	9.365899999999999e-07	0.0010908242999999999	108956	118
MEF2BNB	19	3.1925999999999996e-07	0.0	113094	0
MEF2BNB-MEF2B	19	9.128200000000001e-07	0.0010908242999999999	108910	118
MEGF8	19	6.9251e-06	0.00022684402000000003	102257	23
MEIS3	19	1.3991999999999999e-06	0.00014644529	101891	14
MEX3D	19	4.8864e-07	0.0	99837	0
MFSD12	19	1.3312999999999999e-06	0.00035775247000000005	102913	36
MIA	19	8.173399999999999e-07	1.75874e-05	110140	1
MIDN	19	8.139799999999999e-07	1.801953e-05	98870	1
MIER2	19	1.5194e-06	0.00017638759	105252	18
MISP	19	1.011e-06	0.00068298623	109155	74
MKNK2	19	1.2221e-06	5.5860859999999996e-05	99853	5
MLLT1	19	9.259e-07	1.79779e-05	104160	1
MOB3A	19	3.1223000000000004e-07	9.020203999999999e-05	109228	9
MPND	19	8.2472e-07	7.099468000000001e-05	104720	7
MPV17L2	19	5.6979e-07	7.227335e-05	105098	7
MRI1	19	6.765300000000001e-07	0.00016905438999999998	104687	17
MRPL34	19	1.1571e-07	5.33454e-05	105808	5
MRPL4	19	7.5316e-07	0.00403289781	109827	442
MRPL54	19	2.2329e-07	0.000261502	105921	27
MRPS12	19	2.3905e-07	1.7681279999999998e-05	109804	1
MUC16	19	1.5727e-05	0.0018720681299999999	111377	208
MUM1	19	1.7703e-06	8.836384e-05	105625	9
MVB12A	19	8.841200000000001e-07	6.247111e-05	109544	6
MYADM	19	2.8178e-07	1.759186e-05	112124	1
MYBPC2	19	2.8056e-06	0.0005726909200000001	101258	57
MYH14	19	6.1989e-06	0.00019708488999999998	98879	19
MYO1F	19	4.0429e-06	0.00041702277000000003	109656	45
MYO9B	19	4.6611e-06	3.058672e-05	102628	3
MYPOP	19	4.0614000000000006e-07	0.0	97997	0
MZF1	19	1.3291e-06	0.00011737066999999999	105155	12
NACC1	19	8.447200000000001e-07	0.0	108094	0
NANOS2	19	1.4395e-07	1.763062e-05	110951	1
NANOS3	19	4.5373000000000003e-07	3.555444e-05	109263	3
NAPA	19	9.562100000000001e-07	8.78997e-06	109109	0
NAPSA	19	8.704000000000001e-07	0.00013264764	109802	14
NAT14	19	2.1653000000000002e-07	0.0	97354	0
NCAN	19	2.8927e-06	8.817267e-05	108161	9
NCCRP1	19	7.2884e-07	8.803164e-05	108662	9
NCLN	19	1.3599e-06	1.805319e-05	98847	1
NCR1	19	1.0692e-06	9.672353000000001e-05	112399	10
NDUFA11	19	2.0434000000000002e-07	8.791669999999999e-06	85263	0
NDUFA13	19	3.3093e-07	0.00018775028000000003	104931	19
NDUFA3	19	1.7216999999999999e-07	0.0	104761	0
NDUFA7	19	2.3308000000000005e-07	1.77021e-05	101314	1
NDUFB7	19	2.178e-07	8.381139999999999e-05	105190	8
NDUFS7	19	6.289e-07	0.0	100124	0
NFIC	19	1.0249e-06	4.380445e-05	103694	4
NFIX	19	9.6476e-07	0.0	102678	0
NFKBIB	19	7.737699999999999e-07	5.106520000000001e-05	107009	5
NFKBID	19	1.0023000000000001e-06	1.811908e-05	107427	1
NKG7	19	2.8246e-07	3.5779790000000005e-05	106798	3
NKPD1	19	1.0912e-06	0.0006385097	92795	59
NLRP11	19	1.929e-06	8.806341999999999e-05	111826	9
NLRP12	19	2.0096e-06	0.00090699769	111187	100
NLRP13	19	2.0738999999999997e-06	0.00023964165	112253	26
NLRP2	19	2.6431e-06	0.0009763201	112180	109
NLRP4	19	1.7667e-06	0.00132956739	112179	149
NLRP5	19	2.5257e-06	0.00031080574	108403	33
NLRP7	19	1.9444e-06	0.00026562490000000004	112387	29
NLRP8	19	1.8859e-06	0.00080136229	112447	90
NLRP9	19	1.9149e-06	0.00040720507000000005	110499	44
NMRK2	19	4.2376999999999994e-07	0.00052830103	106297	56
NOSIP	19	9.131200000000001e-07	9.522338999999999e-05	106832	10
NOTCH3	19	5.1445000000000005e-06	0.00013874261	105427	14
NOVA2	19	6.155399999999999e-07	0.0	102664	0
NPAS1	19	8.398100000000001e-07	4.2188479999999996e-05	103217	4
NPHS1	19	3.3507e-06	0.00074269505	109994	81
NR1H2	19	1.1231999999999999e-06	2.89099e-05	104985	3
NR2C2AP	19	3.1813e-07	0.0	111985	0
NR2F6	19	4.2463999999999997e-07	2.638046e-05	104948	2
NRTN	19	3.9369e-07	8.927769999999999e-06	110915	0
NTF4	19	2.2296e-07	0.0	107682	0
NTN5	19	8.976899999999999e-07	0.00017519423999999998	101774	17
NUCB1	19	1.6154e-06	0.00018646174	109475	20
NUDT19	19	3.5301e-07	0.0011715793	96843	113
NUMBL	19	1.8613999999999999e-06	0.0	100912	0
NUP62	19	4.2265e-07	0.0	109769	0
NWD1	19	3.2213e-06	0.00044085419	111064	48
NXNL1	19	1.7304000000000002e-07	3.53388e-05	104366	3
OAZ1	19	8.088500000000001e-07	1.875695e-05	95932	1
OCEL1	19	5.6429e-07	0.00019286827000000002	103054	19
ODF3L2	19	2.3533e-07	2.74409e-05	99748	2
OLFM2	19	8.0824e-07	2.7764209999999998e-05	105951	2
ONECUT3	19	2.1311999999999997e-07	9.62927e-06	103155	0
OPA3	19	1.2077e-07	0.0	110112	0
OR10H1	19	2.2274999999999998e-07	3.556679e-05	112286	3
OR10H2	19	1.9869e-07	7.937049e-05	112498	8
OR10H3	19	6.051300000000001e-08	8.7926e-06	112999	0
OR10H4	19	1.1174000000000001e-07	0.0001143674	112107	12
OR10H5	19	1.7274999999999998e-07	8.791519999999998e-06	113085	0
OR1I1	19	2.2191999999999996e-07	2.642713e-05	110933	2
OR1M1	19	0.0	0.0	111798	0
OR2Z1	19	2.2793000000000003e-07	2.6412670000000003e-05	112796	2
OR4F17	19	3.5738e-08	0.0	112699	0
OR7A10	19	6.099e-08	8.7926e-06	112931	0
OR7A17	19	1.3427e-08	0.0	112243	0
OR7A5	19	0.0	0.0	111006	0
OR7C1	19	0.0	0.0	110432	0
OR7C2	19	5.190100000000001e-09	8.79229e-06	110782	0
OR7D2	19	0.0	0.0	111765	0
OR7D4	19	4.9762000000000006e-08	1.84918e-05	112116	2
OR7E24	19	0.0	0.0	111650	0
OR7G1	19	0.0	0.0	111001	0
OR7G2	19	0.0	0.0	111459	0
OR7G3	19	0.0	0.0	111512	0
OSCAR	19	3.44e-07	1.760703e-05	100557	1
OVOL3	19	4.4450000000000004e-07	0.0	108781	0
P2RY11	19	1.413e-07	9.01291e-06	108277	0
PAF1	19	1.7985e-06	4.414184e-05	109736	4
PAFAH1B3	19	7.7551e-07	4.715266e-05	108373	5
PAK4	19	1.4071e-06	5.4001619999999996e-05	100437	5
PALM	19	6.399e-07	0.0002776804	102290	28
PALM3	19	6.2217e-07	0.0	86332	0
PAPL	19	1.6128999999999998e-06	0.00074782553	109993	82
PBX4	19	7.287600000000001e-07	0.00015896168	110699	17
PCP2	19	4.681e-07	7.28287e-05	98272	7
PCSK4	19	1.8812e-06	0.00039479996	99070	39
PDCD2L	19	8.469e-07	0.00011674763999999999	110703	12
PDCD5	19	3.8024e-07	2.638196e-05	107822	2
PDE4A	19	1.9129e-06	3.6531840000000004e-05	105860	3
PDE4C	19	1.454e-06	0.0001320963	106622	14
PEG3	19	2.9811e-06	0.00012464435	111605	13
PEPD	19	1.3172e-06	0.00016008877	103270	16
PET100	19	2.0820999999999998e-07	0.0	100937	0
PEX11G	19	6.228e-07	5.63928e-05	97419	5
PGLS	19	5.0206e-07	7.258161e-05	102066	7
PGLYRP1	19	2.8565e-07	2.7443109999999995e-05	101321	2
PGLYRP2	19	1.2561e-06	0.00014955313	105683	15
PGPEP1	19	6.2012e-07	5.349899e-05	108871	5
PHLDB3	19	1.9736e-06	0.00033727538999999996	97902	33
PIAS4	19	1.1435e-06	0.0	105513	0
PIH1D1	19	7.212899999999999e-07	8.802610000000001e-05	107680	9
PIK3R2	19	1.7973e-06	5.295762e-05	103375	5
PIN1	19	4.5981000000000004e-07	0.0	103640	0
PIP5K1C	19	1.6363e-06	4.897126e-05	107656	5
PKN1	19	2.5551e-06	0.00012946186000000002	105253	13
PLA2G4C	19	1.8128999999999998e-06	0.00029129854999999997	109525	31
PLAUR	19	6.7521e-07	0.00255240902	111300	284
PLD3	19	1.2129e-06	6.198225000000001e-05	107591	6
PLEKHA4	19	2.6795e-06	0.00054943073	108992	59
PLEKHF1	19	4.2367e-07	0.000114384	104404	11
PLEKHG2	19	3.4015e-06	0.00021929218999999997	106581	23
PLEKHJ1	19	3.3207e-07	1.867695e-05	104065	1
PLIN3	19	8.217900000000001e-07	0.00027430247000000005	108630	29
PLIN4	19	8.493799999999998e-07	0.0013060380699999998	104629	136
PLIN5	19	6.7477e-07	4.6332489999999997e-05	105226	4
PLVAP	19	1.0377e-06	7.934736e-05	112469	8
PNKP	19	1.3418e-06	0.00011946107	106159	12
PNMAL1	19	5.4497e-07	2.678511e-05	110989	2
PNMAL2	19	0.0	0.0	110589	0
PNPLA6	19	3.8995e-06	0.00020511241999999997	107604	22
PODNL1	19	9.6302e-07	0.00052471373	99321	52
POLD1	19	2.6358e-06	0.00017396563999999998	100423	17
POLR2E	19	7.617399999999999e-07	0.00013670576	107417	14
POLR2I	19	3.7859e-07	8.796160000000001e-06	108781	0
POLRMT	19	2.4818e-06	0.0003126586	103152	32
POP4	19	6.503499999999999e-07	0.01156893259	107342	1241
POU2F2	19	1.0215999999999999e-06	0.0	102212	0
PPAN	19	1.2781e-06	0.0005866486	108092	63
PPAN-P2RY11	19	1.2781e-06	0.0005866486	108092	63
PPAP2C	19	8.514100000000001e-07	0.00015956610000000002	107641	17
PPFIA3	19	3.1832999999999997e-06	0.19233543656	108038	20779
PPM1N	19	4.7321999999999995e-07	3.695244e-05	101596	3
PPP1R12C	19	2.096e-06	2.652115e-05	102773	2
PPP1R13L	19	1.5619999999999998e-06	1.789636e-05	104539	1
PPP1R14A	19	2.2981e-07	8.79028e-06	98800	0
PPP1R15A	19	1.2512e-06	0.00034312345	110095	37
PPP1R37	19	1.0381e-06	0.0	106072	0
PPP2R1A	19	1.5222999999999998e-06	4.443683e-05	110794	4
PPP5C	19	1.5993e-06	8.79229e-06	107019	0
PPP5D1	19	2.9834e-07	8.9786e-06	105773	0
PPP6R1	19	2.0166999999999997e-06	3.0501750000000003e-05	103253	3
PRAM1	19	1.1698e-06	4.547380999999999e-05	106450	4
PRDX2	19	3.6381e-07	2.668567e-05	101107	2
PRKACA	19	9.3944e-07	8.801889999999999e-06	107414	0
PRKCG	19	2.0721e-06	2.2363870000000002e-05	107345	2
PRKCSH	19	1.6893e-06	0.00011549091999999999	107668	12
PRKD2	19	1.9646000000000002e-06	8.8541e-06	108029	0
PRMT1	19	9.5618e-07	0.0	102099	0
PRODH2	19	1.4817e-06	0.0006785784700000001	105032	71
PRPF31	19	1.2132999999999999e-06	8.79554e-06	106057	0
PRR12	19	2.8383e-06	0.0	98740	0
PRR19	19	5.1313e-07	8.86603e-06	111766	0
PRR22	19	1.866e-07	9.517830000000001e-06	102397	0
PRR24	19	1.1472e-08	0.0	107320	0
PRRG2	19	7.0509e-07	0.0001530982	103880	15
PRSS57	19	4.712e-07	0.0039272994299999996	90164	354
PRTN3	19	4.1193999999999997e-07	3.06269e-05	95338	2
PRX	19	2.5317e-06	0.00022466843999999997	108371	24
PSENEN	19	3.8012e-07	0.0	108847	0
PSG1	19	8.291700000000001e-07	0.1990761832	111084	22114
PSG11	19	1.1294e-06	0.00068887338	112649	77
PSG2	19	1.1456e-06	0.00044173027	112953	49
PSG3	19	1.5558000000000002e-06	0.00051073962	112504	57
PSG4	19	1.375e-06	0.0032253304300000002	111298	358
PSG5	19	1.2578e-06	0.00029866053	111996	33
PSG6	19	1.3506e-06	0.0012958977900000002	111150	144
PSG8	19	1.1145e-06	0.00104199608	112015	116
PSG9	19	1.1915000000000002e-06	0.06474166224	111094	7192
PSMC4	19	1.0798e-06	2.6478290000000003e-05	112902	2
PSMD8	19	8.9637e-07	6.97873e-05	99740	6
PSPN	19	4.0829e-07	9.021530000000001e-05	107901	9
PTBP1	19	1.3357e-06	0.0	104301	0
PTGER1	19	3.2429e-07	9.29956e-06	106961	0
PTGIR	19	2.7069000000000005e-07	0.00016518700000000002	96704	15
PTH2	19	7.1596e-08	2.1072199999999998e-05	95047	2
PTOV1	19	1.051e-06	2.0030799999999998e-05	106258	2
PTPRH	19	3.1917000000000003e-06	0.00521279557	109721	571
PTPRS	19	4.7262e-06	0.00014191669	106553	15
PVR	19	9.7721e-07	0.00038188913	108013	41
PVRL2	19	1.444e-06	0.0	106457	0
QPCTL	19	6.3199e-07	6.333441e-05	110032	6
QTRT1	19	9.9088e-07	0.00011783676000000001	108516	12
R3HDM4	19	5.9707e-07	0.0001301757	102668	13
RAB11B	19	5.1511e-07	0.0	101554	0
RAB3A	19	3.9361e-07	0.0	106018	0
RAB3D	19	4.823199999999999e-07	3.519568e-05	112014	3
RAB4B	19	5.976699999999999e-07	1.758938e-05	110119	1
RAB8A	19	4.8161e-07	0.0	107635	0
RABAC1	19	5.1516e-07	3.647171e-05	107560	3
RAD23A	19	1.0006e-06	1.763437e-05	107851	1
RANBP3	19	1.6928e-06	9.13075e-06	108896	0
RASAL3	19	2.3905000000000002e-06	0.00034849977	104348	36
RASGRP4	19	2.145e-06	8.302093000000001e-05	106577	8
RASIP1	19	1.8171000000000001e-06	1.897331e-05	107024	2
RAVER1	19	1.303e-06	1.8136e-05	102481	1
RAX2	19	1.4682000000000001e-07	1.0660499999999999e-05	103775	1
RBM42	19	9.5831e-07	5.279396e-05	108855	5
RCN3	19	6.939100000000001e-07	0.00011443899999999999	103958	11
RDH13	19	8.553e-07	0.00025017634	106430	26
RDH8	19	4.402399999999999e-07	4.465385999999999e-05	110013	4
REEP6	19	5.086399999999999e-07	4.434344e-05	103238	4
RELB	19	1.2611e-06	9.05518e-06	101659	0
RETN	19	1.131e-07	9.88924e-06	107637	1
REXO1	19	1.9105e-06	1.78625e-05	102444	1
RFPL4A	19	1.2449000000000002e-07	0.0	60830	0
RFPL4AL1	19	1.2458e-07	0.0	61168	0
RFX1	19	2.2488e-06	2.7583059999999997e-05	102746	2
RFX2	19	1.6528999999999999e-06	1.79785e-05	101315	1
RFXANK	19	9.3066e-07	9.7499e-05	112147	10
RGL3	19	2.7144e-06	0.0015025715	106504	160
RGS9BP	19	1.9683e-07	1.87899e-05	94465	1
RHPN2	19	1.6981e-06	0.09104700174000001	112582	10250
RINL	19	1.1058e-06	1.772658e-05	106305	1
RLN3	19	3.672e-07	7.92635e-05	104481	8
RNASEH2A	19	5.9219e-07	8.79028e-06	108513	0
RNF126	19	6.834399999999999e-07	9.235660000000001e-06	94109	0
RP11-618P17.4	19	3.4955999999999996e-07	7.217646e-05	111541	8
RPL13A	19	9.5125e-07	5.70175e-05	107782	6
RPL18	19	6.1902e-07	0.0	103484	0
RPL18A	19	9.4978e-07	0.0	107209	0
RPL28	19	2.0419e-07	0.0	102565	0
RPL36	19	1.5974999999999998e-07	0.0	104088	0
RPS11	19	5.382600000000001e-07	0.0	107622	0
RPS15	19	2.5425e-07	0.0	104311	0
RPS16	19	4.2695e-07	0.000440335	113137	49
RPS19	19	3.897e-07	0.0	112346	0
RPS28	19	1.6289000000000002e-07	0.0	102295	0
RPS5	19	4.962699999999999e-07	0.0	110285	0
RPS9	19	2.9072e-07	0.0	108994	0
RPSAP58	19	2.2158e-07	0.0	93148	0
RRAS	19	4.5303000000000003e-07	3.6640209999999996e-05	105160	3
RSPH6A	19	1.4953000000000001e-06	0.00038164911	105041	40
RTBDN	19	6.3516e-07	0.00012877945	102292	13
RTN2	19	2.0602e-06	1.770298e-05	104511	1
RUVBL2	19	1.3729e-06	0.0	110182	0
RYR1	19	1.3902e-05	0.00074304563	110123	81
S1PR2	19	4.652e-07	4.4083000000000005e-05	110014	4
S1PR4	19	4.2868e-07	2.816015e-05	104904	2
S1PR5	19	2.6224e-07	2.82937e-05	98097	2
SAE1	19	9.2856e-07	0.0	111156	0
SAFB	19	2.5441999999999997e-06	8.79322e-06	108358	0
SAFB2	19	2.5203e-06	6.169468e-05	105614	6
SAMD1	19	6.593099999999999e-07	3.5824109999999995e-05	102486	3
SAMD4B	19	1.7458e-06	0.0	110309	0
SARS2	19	1.5747e-06	8.147994000000001e-05	106835	8
SBK2	19	4.0482e-07	5.2987799999999994e-05	99433	5
SBK3	19	2.4766e-07	0.0	92838	0
SBNO2	19	2.7545e-06	0.00018005069	93828	16
SBSN	19	8.898999999999999e-07	8.644504e-05	101951	8
SCAF1	19	2.086e-06	8.80918e-06	103568	0
SCAMP4	19	6.638600000000001e-07	7.322295e-05	98426	7
SCGB2B2	19	1.436e-07	0.00011439503000000001	102226	11
SCN1B	19	2.1538000000000001e-07	0.0	105460	0
SDHAF1	19	3.872e-08	0.0	70138	0
SELV	19	3.8310000000000004e-07	8.255799e-05	100397	8
SEMA6B	19	1.8935e-06	6.248515e-05	107803	6
SEPW1	19	4.2287e-07	4.9188100000000004e-05	99390	4
SERTAD1	19	1.7936e-07	0.0	103444	0
SERTAD3	19	2.8203000000000004e-07	2.23617e-05	106869	2
SF3A2	19	7.5279e-07	9.04961e-06	99425	0
SGTA	19	8.6648e-07	0.0	103228	0
SH2D3A	19	1.3031e-06	0.00051147323	105532	53
SH3GL1	19	1.1069e-06	6.307806e-05	106995	6
SHANK1	19	4.3200999999999995e-06	5.269963000000001e-05	101956	5
SHC2	19	1.2826e-06	0.00015831379	97873	15
SHD	19	7.0869e-07	6.231898e-05	108663	6
SHISA7	19	2.735e-07	0.0	59671	0
SHKBP1	19	1.9917e-06	0.00013238848	109944	14
SIGLEC10	19	2.1393e-06	0.00023051561	110886	25
SIGLEC11	19	1.4057e-06	0.00050646152	107635	54
SIGLEC12	19	1.5444999999999998e-06	0.19090102866	110911	21173
SIGLEC14	19	7.058599999999999e-07	1.01525e-05	102315	1
SIGLEC5	19	9.8323e-07	0.0014504318	105238	152
SIGLEC5	19	9.820200000000002e-07	0.0014504318	105238	152
SIGLEC6	19	8.854299999999999e-07	9.708165e-05	110474	10
SIGLEC7	19	9.6421e-07	0.00015949396	110873	17
SIGLEC8	19	1.0443000000000001e-06	5.3270659999999995e-05	111459	5
SIGLEC9	19	8.343700000000001e-07	0.00016901553	111056	18
SIGLECL1	19	3.5525e-07	0.0008463973199999998	113057	95
SIN3B	19	2.3968e-06	0.00010571568000000001	107596	11
SIPA1L3	19	3.5154000000000003e-06	0.00010730018999999998	105608	11
SIRT2	19	1.1679e-06	3.5181550000000005e-05	105846	3
SIRT6	19	9.210500000000001e-07	8.93879e-06	103960	0
SIX5	19	6.8735e-07	3.6730440000000006e-05	98284	3
SLC17A7	19	1.1001999999999999e-06	0.0	107913	0
SLC1A5	19	6.409000000000001e-07	5.3269899999999996e-05	102538	5
SLC1A6	19	8.4795e-07	1.799878e-05	108210	1
SLC25A23	19	1.2994999999999998e-06	0.00011586002000000001	108391	12
SLC25A41	19	7.969499999999999e-07	0.00025221194	107247	27
SLC25A42	19	7.9175e-07	1.800057e-05	106147	1
SLC27A1	19	1.5890000000000002e-06	0.00024473122000000003	105124	25
SLC27A5	19	1.4365000000000001e-06	0.00027322029	106931	29
SLC35E1	19	6.8384e-07	2.6485540000000002e-05	110130	2
SLC39A3	19	2.2500999999999997e-07	0.0	103990	0
SLC44A2	19	1.8382e-06	7.116381e-05	111478	7
SLC5A5	19	1.4147e-06	6.68276e-05	108343	7
SLC6A16	19	1.4471e-06	0.00039746733	111095	44
SLC7A10	19	1.0276000000000001e-06	0.00010523552	103314	10
SLC7A9	19	9.8339e-07	0.00019349351000000003	112387	21
SLC8A2	19	1.3601e-06	8.83923e-06	102801	0
SMARCA4	19	5.0181e-06	0.0	107236	0
SMG9	19	1.6352e-06	0.00015863456	110004	17
SMIM7	19	3.1454e-07	2.6518579999999996e-05	108539	2
SNAPC2	19	3.8463e-07	0.0	107151	0
SNRNP70	19	1.9967e-06	0.0	105284	0
SNRPA	19	4.3879e-07	5.365807e-05	103724	5
SNRPD2	19	3.0896e-07	0.0	107994	0
SPACA4	19	9.1862e-10	0.0	100638	0
SPC24	19	5.033600000000001e-07	4.45572e-05	90527	4
SPHK2	19	1.2614e-06	9.457216e-05	106710	10
SPIB	19	5.2213e-07	0.0	91365	0
SPINT2	19	6.837e-07	0.00013190921999999998	111331	14
SPRED3	19	6.1512e-07	1.76532e-05	97533	1
SPTBN4	19	5.1054e-06	5.437144e-05	105948	5
SRRM5	19	0.0	0.0	90968	0
SSBP4	19	1.4633e-06	2.4506770000000002e-05	105531	2
SSC5D	19	2.5894e-06	0.000147896	73630	10
STAP2	19	1.0951000000000001e-06	0.016441282890000002	104439	1717
STK11	19	8.2115e-07	0.0	97844	0
STRN4	19	1.4809999999999999e-06	8.80065e-06	108359	0
STX10	19	6.7172e-07	8.001189e-05	101735	8
STXBP2	19	1.3182e-06	0.00047557373	102807	48
SUGP1	19	1.6159999999999999e-06	0.0	107872	0
SUGP2	19	2.4003e-06	2.653312e-05	111268	2
SULT2A1	19	7.233800000000001e-07	9.677987e-05	112614	10
SULT2B1	19	5.993e-07	1.06011e-05	100781	1
SUPT5H	19	3.4376e-06	0.0	108855	0
SUV420H2	19	1.6605e-06	1.766394e-05	97252	1
SWSAP1	19	3.0228000000000003e-07	0.0001593117	106129	16
SYCE2	19	5.201100000000001e-07	3.536837e-05	112230	3
SYCN	19	2.1298000000000002e-07	6.75443e-05	108662	7
SYDE1	19	1.88e-06	2.2086100000000002e-05	107385	2
SYMPK	19	3.0119e-06	8.81663e-06	107104	0
SYNE4	19	1.2634e-06	0.00090142196	106361	95
SYNGR4	19	4.7308e-07	0.00027701703999999996	111155	30
SYT3	19	1.309e-06	1.08757e-05	104099	1
SYT5	19	7.398e-07	5.5119490000000006e-05	108843	5
TARM1	19	7.5172e-07	5.0281499999999996e-05	59687	3
TBC1D17	19	1.9343000000000003e-06	0.00035278127	104674	36
TBCB	19	5.0158e-07	1.9377089999999997e-05	106647	2
TBXA2R	19	5.0084e-07	7.67041e-05	102771	7
TCF3	19	1.6533000000000001e-06	2.693761e-05	98063	2
TDRD12	19	1.0468e-06	0.00014812889999999998	60710	8
TEAD2	19	1.5801e-06	7.105971e-05	110509	7
TECR	19	1.1749e-06	3.526288e-05	106026	3
TEX101	19	4.0434e-07	7.161791e-05	111073	7
TFPT	19	7.167000000000001e-07	4.78257e-05	107795	5
TGFB1	19	1.2005e-06	2.728566e-05	107181	2
TGFBR3L	19	1.908e-07	0.0	107690	0
THAP8	19	4.4964e-07	0.0	102738	0
THEG	19	7.4795e-07	0.00043841386	103818	45
THOP1	19	1.3021e-06	4.571251e-05	103147	4
TICAM1	19	0.0	0.0	108395	0
TIMM13	19	1.6007e-07	9.21676e-06	103265	0
TIMM44	19	1.7144e-06	5.340094e-05	108085	5
TIMM50	19	1.1893e-06	5.688286e-05	110096	6
TJP3	19	2.7589999999999998e-06	0.00032923062000000003	101102	33
TLE2	19	1.8493e-06	0.000149746	101581	15
TLE6	19	1.5927e-06	0.00010444695	98273	10
TM6SF2	19	7.840999999999999e-07	7.300713000000001e-05	107414	7
TMC4	19	1.7440000000000002e-06	0.00018880433	105392	19
TMED1	19	4.7882e-07	8.25939e-05	103840	8
TMEM143	19	8.8763e-07	0.00037993237	105935	40
TMEM145	19	1.5493000000000001e-06	9.712651e-05	110631	10
TMEM147	19	6.610800000000001e-07	2.657435e-05	111253	2
TMEM150B	19	4.3857e-07	0.00010679241000000002	104254	11
TMEM160	19	2.1293000000000004e-07	8.830180000000001e-06	104421	0
TMEM161A	19	1.5752000000000002e-06	9.223088e-05	103056	9
TMEM190	19	2.9328000000000004e-07	2.194468e-05	100674	2
TMEM205	19	6.8598e-07	1.765635e-05	103600	1
TMEM238	19	5.484299999999999e-09	0.0	101687	0
TMEM259	19	8.375700000000001e-07	9.34352e-06	102279	0
TMEM38A	19	7.141500000000001e-07	7.917373999999999e-05	108134	8
TMEM59L	19	9.487200000000001e-07	4.538987e-05	107787	4
TMEM86B	19	2.1894999999999999e-07	5.3515509999999993e-05	100663	5
TMEM91	19	2.3862e-07	8.827369999999999e-06	105070	0
TMIGD2	19	3.8533e-07	6.347794e-05	108247	6
TMPRSS9	19	2.4678e-06	0.00218367223	105574	230
TNFAIP8L1	19	9.7127e-08	0.0	99676	0
TNFSF14	19	6.6616e-07	8.832360000000001e-06	107992	0
TNFSF9	19	1.8038e-07	8.80096e-06	101242	0
TNNI3	19	7.231199999999999e-07	0.000114857	104888	12
TNNT1	19	8.484200000000001e-07	0.00015208183	109803	16
TNPO2	19	2.2559e-06	2.696876e-05	107434	2
TOMM40	19	6.1867e-07	0.0	109415	0
TPGS1	19	1.6199e-07	0.0	100684	0
TPM4	19	9.515700000000001e-07	4.4408919999999996e-05	107116	4
TPRX1	19	2.9668e-08	0.0	95331	0
TPRX2P	19	1.6082e-07	6.43262e-05	108085	6
TRAPPC2P1	19	9.7506e-08	4.4479070000000004e-05	105442	4
TRAPPC5	19	1.3366e-07	0.0	103563	0
TRAPPC6A	19	3.3821999999999997e-07	0.00013762856	100871	13
TRIM28	19	1.8441e-06	0.0	112541	0
TRIP10	19	1.8109e-06	7.147639e-05	106727	7
TRMT1	19	2.0394999999999997e-06	0.00022844739	107019	24
TRPM4	19	3.2402999999999997e-06	0.0045376444	108735	493
TSEN34	19	7.378000000000001e-07	1.767846e-05	106127	1
TSHZ3	19	1.3222999999999998e-06	1.771862e-05	110070	1
TSKS	19	1.5934999999999999e-06	1.7691489999999998e-05	109247	1
TSPAN16	19	4.4228999999999997e-07	7.035503e-05	111965	7
TSSK6	19	6.2765e-07	8.95335e-06	109565	0
TTC9B	19	3.0715e-07	0.0	99572	0
TTYH1	19	1.1581e-06	8.87847e-06	106673	0
TUBB4A	19	5.953999999999999e-07	1.761781e-05	110884	1
TULP2	19	2.1294e-06	0.0002385132	111066	26
TYK2	19	3.088e-06	9.67691e-05	107122	10
TYROBP	19	3.7948e-07	2.6774200000000002e-05	108446	2
U2AF1L4	19	3.5046e-07	4.4552089999999996e-05	108053	4
U2AF2	19	1.0897e-06	0.0	104351	0
UBA2	19	1.5203999999999999e-06	4.24204e-05	108125	4
UBA52	19	3.8384000000000003e-07	8.798020000000001e-06	109949	0
UBE2M	19	4.0944000000000005e-07	2.95969e-05	106958	3
UBE2S	19	4.0062e-07	0.0	104990	0
UBL5	19	1.9675e-07	8.78966e-06	113650	0
UBXN6	19	1.0341e-06	4.577778e-05	102924	4
UNC13A	19	5.1335e-06	3.544027e-05	101806	3
UPF1	19	2.5004e-06	8.91472e-06	107054	0
UPK1A	19	6.065999999999999e-07	0.00011476122	108809	12
UQCR11	19	1.3917e-07	4.8622600000000004e-05	96987	4
UQCRFS1	19	3.443e-07	0.0	111292	0
URI1	19	1.8777e-06	6.243353e-05	108587	6
USE1	19	9.9233e-07	0.00012266298	99207	12
USF2	19	1.1548e-06	0.0	105795	0
USHBP1	19	2.4966e-06	0.00048617069	107170	52
USP29	19	0.0	0.0	112682	0
VASP	19	1.1096e-06	8.834860000000001e-06	108152	0
VAV1	19	3.1753e-06	4.411643e-05	107985	4
VMAC	19	1.253e-07	8.85991e-06	100786	0
VN1R1	19	0.0	0.0	112162	0
VN1R2	19	0.0	0.0	106657	0
VN1R4	19	0.0	0.0	110450	0
VRK3	19	1.4121e-06	0.00030854322	111402	34
VSIG10L	19	1.1818e-06	4.99678e-05	82778	4
VSTM1	19	5.819600000000001e-07	6.156088000000001e-05	111176	6
VSTM2B	19	3.8135999999999997e-07	4.9756199999999996e-05	60916	3
WDR18	19	8.875399999999999e-07	1.76703e-05	96548	1
WDR62	19	3.5056999999999997e-06	0.00027573425	108904	30
WDR83	19	7.1616e-07	7.942431e-05	109594	8
WDR83OS	19	2.1905000000000002e-07	8.79585e-06	108805	0
WDR87	19	3.0264999999999997e-06	0.0012393441000000001	60964	75
WDR88	19	9.5481e-07	4.475103e-05	111713	4
WIZ	19	1.7088999999999999e-06	0.0	102485	0
WTIP	19	9.555e-07	7.100712e-05	111037	7
XAB2	19	2.5982e-06	3.525434e-05	106496	3
XRCC1	19	2.3378e-06	0.00024742531	109631	27
YIF1B	19	7.0515e-07	7.998853e-05	104928	8
YIPF2	19	6.9078e-07	0.00011136073	109855	12
YJEFN3	19	5.2802e-07	4.116191e-05	99201	4
ZBTB32	19	8.937100000000001e-07	5.41334e-05	105090	5
ZBTB45	19	8.3167e-07	0.00019644952	103780	20
ZBTB7A	19	7.8972e-07	9.09686e-06	99792	0
ZC3H4	19	3.7692000000000003e-06	0.0	106080	0
ZFP14	19	1.105e-06	8.132406999999999e-05	111366	9
ZFP28	19	1.8665e-06	0.00010664375	109388	11
ZFP30	19	1.3711e-06	0.00013361765	110842	14
ZFP36	19	4.8399e-07	0.0	103177	0
ZFP82	19	1.3752000000000002e-06	3.518374e-05	110898	3
ZFR2	19	2.0196e-06	0.00047419707000000003	94070	44
ZGLP1	19	3.9076e-07	1.13353e-05	100467	1
ZIK1	19	1.8598e-07	3.7648600000000004e-05	109176	4
ZIM2	19	8.456399999999999e-07	4.45796e-05	111641	4
ZIM3	19	4.1391000000000003e-07	7.035175999999999e-05	113041	7
ZNF100	19	2.9498e-07	0.00157737924	111590	176
ZNF101	19	2.079e-07	0.0	110250	0
ZNF112	19	1.586e-06	3.6348449999999996e-05	112220	4
ZNF114	19	1.3093e-07	0.00013210797	112054	14
ZNF121	19	4.2178e-08	0.0	110832	0
ZNF132	19	1.2192000000000001e-06	0.00036074775999999997	111707	40
ZNF134	19	8.3885e-07	0.00022054682000000002	111943	24
ZNF135	19	1.5980000000000002e-06	0.0024126529199999997	110784	267
ZNF136	19	3.6024999999999996e-07	9.273170000000001e-06	108200	1
ZNF14	19	2.0965999999999999e-07	0.0	111983	0
ZNF146	19	3.5443000000000003e-07	0.0	110914	0
ZNF154	19	9.3779e-07	0.012982786670000001	109672	1423
ZNF155	19	3.1672e-07	6.247667e-05	112275	7
ZNF160	19	2.4514e-07	3.5174390000000006e-05	110727	3
ZNF17	19	1.3662000000000002e-07	0.0	111329	0
ZNF175	19	1.2207e-06	0.00032645273	111423	36
ZNF177	19	6.8042e-07	7.171301e-05	110098	7
ZNF180	19	1.1551e-06	0.00013857949	112192	15
ZNF181	19	9.937799999999998e-07	0.00014291418	110744	15
ZNF20	19	2.0344999999999999e-07	8.824880000000001e-06	109353	0
ZNF208	19	2.2363000000000002e-07	8.391029000000001e-05	111174	9
ZNF211	19	6.6575e-07	0.0002264446	108098	24
ZNF221	19	3.3946999999999996e-07	7.033964e-05	112596	7
ZNF222	19	3.1569000000000004e-07	3.5180770000000005e-05	110734	3
ZNF223	19	4.0373000000000003e-07	5.305995e-05	110968	5
ZNF224	19	2.8105e-07	0.0	111167	0
ZNF225	19	3.0645e-07	8.807310000000002e-06	112022	0
ZNF226	19	1.5402e-06	0.00030380206	110374	33
ZNF227	19	1.883e-06	0.0006047650599999999	111067	67
ZNF229	19	3.646e-07	0.00045020240999999996	112755	50
ZNF230	19	1.8698e-07	1.761826e-05	111663	1
ZNF233	19	2.9169e-07	4.6533500000000004e-05	111121	5
ZNF234	19	1.1837e-06	0.00016873567	109658	18
ZNF235	19	1.5151e-06	0.00019429982	112542	21
ZNF253	19	2.1656999999999996e-07	4.462638e-05	110931	4
ZNF254	19	2.2695e-07	7.061644e-05	111050	7
ZNF256	19	1.1732000000000001e-07	1.782864e-05	113305	2
ZNF257	19	2.1021999999999999e-07	2.6631599999999998e-05	110760	2
ZNF260	19	6.5555e-07	3.51887e-05	112603	3
ZNF264	19	1.031e-06	7.854774999999999e-05	110234	8
ZNF266	19	2.2725999999999998e-07	2.7790009999999997e-05	112403	3
ZNF274	19	1.4640999999999999e-06	4.457091e-05	107172	4
ZNF28	19	1.3792e-07	0.00019367717	113353	21
ZNF283	19	1.0546e-06	0.00020287531999999998	109196	22
ZNF284	19	4.1403999999999997e-07	8.82753e-06	110542	0
ZNF285	19	4.946600000000001e-07	3.520916e-05	111839	3
ZNF296	19	6.911700000000001e-07	0.0	105245	0
ZNF30	19	1.9356e-07	3.086998e-05	109591	3
ZNF302	19	6.926100000000001e-07	8.972248e-05	111740	10
ZNF304	19	7.9514e-07	1.759635e-05	110375	1
ZNF317	19	1.3013e-06	3.524997e-05	111345	3
ZNF320	19	1.2884e-07	0.0	109642	0
ZNF321P	19	1.5310000000000001e-07	1.7634500000000002e-05	111918	1
ZNF324	19	1.1743000000000001e-06	8.241923e-05	107715	8
ZNF324B	19	7.8552e-07	2.680324e-05	108808	2
ZNF329	19	8.266299999999999e-07	0.00013338821000000002	111166	14
ZNF331	19	8.196799999999999e-07	8.79461e-06	111588	0
ZNF333	19	1.6438e-06	0.00025574246	112029	28
ZNF345	19	8.9869e-07	0.00014100569	112019	15
ZNF347	19	2.2337e-07	0.00036215293	112506	40
ZNF350	19	1.1137e-06	7.920323000000001e-05	112313	8
ZNF358	19	4.7693e-07	9.14846e-06	106020	0
ZNF382	19	8.6738e-07	3.542131e-05	110811	3
ZNF383	19	1.1435e-06	0.0002557409	110043	28
ZNF404	19	8.987000000000001e-07	9.856078000000002e-05	109996	10
ZNF414	19	6.1206e-07	1.866087e-05	101250	1
ZNF415	19	1.2757999999999998e-07	0.0	110563	0
ZNF416	19	2.0054000000000002e-07	9.06717e-06	111815	1
ZNF417	19	1.3140999999999998e-07	0.0038785613799999998	109709	425
ZNF418	19	7.862899999999999e-07	0.00020722433999999996	112649	23
ZNF419	19	2.5706999999999996e-07	7.200819999999999e-05	111540	8
ZNF420	19	1.6916e-06	0.00023832062000000002	111566	26
ZNF426	19	5.5992e-07	5.276147e-05	112404	5
ZNF428	19	2.571e-07	1.52402e-05	79832	1
ZNF429	19	2.0579000000000002e-07	6.573031999999999e-05	111079	7
ZNF43	19	2.2695e-07	3.524978e-05	111445	3
ZNF430	19	2.9548e-07	2.667942e-05	110624	2
ZNF431	19	3.9789e-07	4.61126e-05	110363	5
ZNF432	19	2.1909e-06	0.00080111614	111742	89
ZNF433	19	1.7584e-07	0.0	110228	0
ZNF439	19	1.7401e-07	0.0018994551399999999	113065	214
ZNF44	19	4.3564999999999996e-07	7.03671e-05	110437	7
ZNF440	19	1.8731999999999999e-07	3.524541e-05	112210	3
ZNF441	19	1.9683e-07	8.80096e-06	110804	0
ZNF442	19	2.5284000000000003e-07	9.021849999999999e-06	113089	1
ZNF443	19	3.0537e-07	5.95692e-05	111999	6
ZNF444	19	2.8289e-07	0.0	93025	0
ZNF446	19	1.1043000000000002e-06	9.761394e-05	104828	10
ZNF45	19	1.6903e-06	0.00015000608	111801	16
ZNF460	19	1.6067999999999998e-07	0.0	112186	0
ZNF461	19	1.121e-06	0.00040815032999999996	110176	44
ZNF468	19	1.3506e-07	6.254355e-05	111536	6
ZNF470	19	1.1454e-06	0.00040838977	110608	45
ZNF471	19	1.0053e-06	0.00012369135	110797	13
ZNF473	19	1.5202e-06	2.6422890000000003e-05	111341	2
ZNF480	19	2.666e-07	8.85849e-06	111688	0
ZNF486	19	2.3081e-07	6.258956999999999e-05	108855	6
ZNF490	19	3.3310000000000004e-07	6.158694e-05	112057	6
ZNF491	19	0.0	0.0	110621	0
ZNF492	19	1.1138e-07	0.023184261	101987	2364
ZNF493	19	2.2267e-07	7.149868e-05	111002	7
ZNF497	19	0.0	0.0	99091	0
ZNF506	19	5.0244e-07	8.883181e-05	109655	9
ZNF507	19	2.1188e-06	4.4127049999999996e-05	112083	4
ZNF524	19	2.6563000000000003e-07	2.02807e-05	98287	1
ZNF525	19	1.3536e-07	0.0	110861	0
ZNF526	19	1.1968000000000001e-06	2.6600359999999998e-05	107559	2
ZNF527	19	1.0207e-06	5.300054e-05	111292	5
ZNF528	19	2.5019000000000005e-07	1.7617170000000003e-05	111402	1
ZNF529	19	9.3897e-07	7.616669e-05	109615	8
ZNF530	19	1.3858e-07	5.391334e-05	110939	5
ZNF534	19	2.6293000000000004e-07	4.4834470000000004e-05	103626	4
ZNF536	19	1.5301e-06	3.66431e-05	109290	4
ZNF540	19	2.0723000000000004e-07	0.0	111299	0
ZNF541	19	2.8892000000000002e-06	4.9636000000000004e-05	60749	3
ZNF543	19	9.6961e-07	0.006232166460000001	112836	703
ZNF544	19	3.6321e-07	7.053763000000001e-05	112254	7
ZNF546	19	2.0268000000000002e-06	0.00084545037	112504	95
ZNF547	19	1.4407e-07	8.79832e-06	108570	0
ZNF548	19	1.8808e-07	0.0	110711	0
ZNF549	19	2.0767e-07	3.7795e-05	111090	4
ZNF550	19	3.8748e-07	7.034528e-05	112068	7
ZNF551	19	1.4872999999999998e-07	0.0	112500	0
ZNF552	19	1.3218e-07	0.0	105942	0
ZNF554	19	1.0952e-06	0.0003790347	110374	41
ZNF555	19	1.2742e-06	0.00016718163	111626	18
ZNF556	19	2.517e-07	0.00565969412	110671	626
ZNF557	19	5.0146e-07	4.416959e-05	111748	4
ZNF558	19	6.3441e-07	5.3033549999999996e-05	107887	5
ZNF559	19	2.7201999999999997e-07	3.5289609999999996e-05	110455	3
ZNF559-ZNF177	19	5.110000000000001e-07	4.415491e-05	110305	4
ZNF560	19	6.5297e-07	0.0	110417	0
ZNF561	19	3.106e-07	7.808960999999999e-05	108197	8
ZNF562	19	3.158e-07	1.769401e-05	105643	1
ZNF563	19	2.0225e-07	0.0	111951	0
ZNF564	19	1.9298999999999998e-07	3.62345e-05	110895	4
ZNF565	19	1.3484e-06	7.078344000000001e-05	109833	7
ZNF566	19	9.017700000000001e-07	3.5273470000000005e-05	111179	3
ZNF567	19	1.0575e-06	9.117098e-05	111705	10
ZNF568	19	1.6971e-06	0.00033558153	111804	37
ZNF569	19	1.159e-06	9.749458000000001e-05	111145	10
ZNF57	19	2.4471e-07	0.0	109243	0
ZNF570	19	1.2639e-06	0.00026427205000000004	110961	29
ZNF571	19	9.752e-07	7.998593000000001e-05	112440	8
ZNF573	19	9.2617e-07	0.00011660518	110028	12
ZNF574	19	1.6272999999999999e-06	3.52114e-05	111425	3
ZNF575	19	3.0383000000000004e-07	8.86054e-06	101104	0
ZNF576	19	1.6972000000000001e-07	0.00011433428999999999	104889	11
ZNF577	19	7.0336e-07	0.0008273316	111799	92
ZNF578	19	1.5533e-07	0.000519485	111812	58
ZNF579	19	6.2912e-07	9.84795e-06	85673	0
ZNF580	19	9.9408e-08	0.0	99942	0
ZNF581	19	2.8386e-07	8.83564e-06	106329	0
ZNF582	19	2.3008000000000003e-07	0.00028141847000000004	109385	30
ZNF583	19	1.0772e-06	0.00013280851000000002	111198	14
ZNF584	19	6.247e-07	0.00050114842	110642	55
ZNF585A	19	1.3690000000000001e-06	8.803414e-05	112530	9
ZNF585B	19	1.4372e-06	0.0013365803400000001	112866	150
ZNF586	19	1.1415999999999998e-07	0.0	111048	0
ZNF587	19	1.407e-07	8.92188e-06	110162	0
ZNF587B	19	6.2687e-07	9.385716e-05	105482	9
ZNF599	19	1.4389e-06	0.007050923409999999	112848	795
ZNF600	19	0.0	0.0	112996	0
ZNF606	19	1.3267e-06	1.767021e-05	111870	1
ZNF607	19	1.1690000000000002e-06	0.0005109646900000001	112943	57
ZNF610	19	2.5962e-07	3.5267129999999995e-05	109037	3
ZNF611	19	1.664e-07	0.0	113338	0
ZNF613	19	1.2546e-06	0.00012352871	111205	13
ZNF614	19	1.4016999999999999e-06	0.00016770237	112776	18
ZNF615	19	2.3907e-06	0.00049252794	112210	55
ZNF616	19	1.426e-07	0.00010515270000000001	112135	11
ZNF625	19	1.8565999999999998e-07	0.0	110104	0
ZNF626	19	2.1822e-07	1.77787e-05	109131	1
ZNF627	19	1.8327999999999998e-07	0.0	107869	0
ZNF628	19	1.335e-06	0.0	99043	0
ZNF649	19	4.2922e-07	7.03346e-05	111632	7
ZNF653	19	1.0048e-06	4.386327e-05	108842	4
ZNF66	19	1.6492e-07	2.3221239999999997e-05	101895	2
ZNF665	19	1.4842e-07	9.074739999999999e-06	112019	1
ZNF667	19	1.4336000000000001e-06	0.00013223896	109790	14
ZNF671	19	4.1994e-07	6.190765000000001e-05	111891	6
ZNF675	19	2.2849e-07	8.99896e-06	111187	1
ZNF676	19	1.0712e-07	0.0023269017	110328	256
ZNF677	19	8.7611e-07	8.813546e-05	109378	9
ZNF681	19	2.2750999999999998e-07	9.733265e-05	111480	10
ZNF682	19	2.0796999999999998e-07	8.81446e-06	111976	0
ZNF69	19	3.364e-07	0.0005809492500000001	113241	65
ZNF699	19	9.9053e-07	0.00012775687	111127	14
ZNF700	19	2.0643e-07	1.7655870000000003e-05	112970	1
ZNF701	19	2.2471e-07	3.82733e-05	111365	4
ZNF708	19	2.228e-07	6.916015e-05	110072	7
ZNF709	19	1.92e-07	8.79709e-06	110180	0
ZNF709	19	1.8856e-07	8.79709e-06	110180	0
ZNF71	19	9.4191e-07	7.075853e-05	110842	7
ZNF714	19	1.2203e-07	2.9587490000000004e-05	110160	3
ZNF724P	19	2.1449e-07	9.16658e-06	103596	0
ZNF726	19	2.3232e-07	5.326982e-05	104131	5
ZNF728	19	2.2412e-07	3.51933e-05	108160	3
ZNF729	19	2.1119e-07	2.6466199999999997e-05	107854	2
ZNF730	19	2.307e-07	2.170304e-05	101634	2
ZNF737	19	2.1420000000000003e-07	3.637486e-05	110039	4
ZNF738	19	2.8333000000000004e-07	0.000659055	107272	70
ZNF749	19	1.3814e-07	0.0	112012	0
ZNF763	19	2.1748e-07	2.644136e-05	112920	2
ZNF763	19	2.0710000000000002e-07	2.644136e-05	112920	2
ZNF765	19	1.286e-07	1.9559170000000002e-05	111718	2
ZNF766	19	2.5609999999999997e-07	2.9170929999999998e-05	107967	3
ZNF77	19	2.4347e-07	1.802869e-05	111622	2
ZNF772	19	7.4089e-07	0.0074048339	111525	825
ZNF773	19	4.5415e-07	0.00031668799	109712	34
ZNF776	19	1.2913e-07	0.00120887	111380	134
ZNF780A	19	2.7183e-07	1.780159e-05	109104	1
ZNF780B	19	2.1739999999999997e-07	0.013260459779999999	111810	1482
ZNF781	19	0.0	0.0	111937	0
ZNF784	19	3.3292e-07	0.0	95268	0
ZNF787	19	3.1046e-07	0.0	92683	0
ZNF788	19	1.8169e-07	9.02967e-06	91622	0
ZNF788	19	0.0	9.02967e-06	91622	0
ZNF790	19	1.5073e-06	0.0005051275900000001	112003	56
ZNF791	19	1.5828e-06	3.521112e-05	110642	3
ZNF792	19	1.0295e-06	0.00026843492	110515	29
ZNF793	19	9.897200000000002e-07	0.00057655224	110606	63
ZNF799	19	2.6126e-07	0.0	112086	0
ZNF8	19	7.937899999999999e-07	6.169585999999999e-05	110831	6
ZNF8	19	7.937899999999999e-07	6.169585999999999e-05	110831	6
ZNF805	19	1.3055e-06	2.639175e-05	104490	2
ZNF808	19	1.6258e-07	0.0	112853	0
ZNF812	19	1.7388e-07	0.00028628308	108351	31
ZNF813	19	1.3792e-07	0.0	112785	0
ZNF814	19	1.3161e-07	1.75837e-05	106120	1
ZNF816	19	1.5244e-07	5.13955e-05	111595	5
ZNF823	19	2.0355999999999998e-07	0.0	111871	0
ZNF829	19	1.0617e-06	0.00012555451999999998	110696	13
ZNF83	19	0.0	0.0	109721	0
ZNF835	19	0.0	0.0	110331	0
ZNF836	19	1.3574999999999998e-07	2.702475e-05	111170	3
ZNF837	19	5.8181e-07	0.0	81023	0
ZNF841	19	2.2995000000000002e-07	0.0001576013	103066	16
ZNF844	19	1.8617e-07	8.7943e-06	103152	0
ZNF845	19	1.3797e-07	8.807310000000002e-06	112163	0
ZNF846	19	2.6204e-07	2.7738890000000002e-05	111160	3
ZNF85	19	2.1425e-07	2.991282e-05	110048	3
ZNF850	19	1.7772000000000003e-07	0.0	80477	0
ZNF865	19	8.8962e-07	0.0	96389	0
ZNF878	19	1.8586e-07	0.0	107449	0
ZNF880	19	2.0853999999999999e-07	2.587772e-05	101743	2
ZNF90	19	2.086e-07	4.6827380000000004e-05	108079	5
ZNF91	19	2.301e-07	9.07655e-06	111446	1
ZNF93	19	2.1118000000000002e-07	0.00014090503	108031	15
ZNF98	19	2.2180999999999997e-07	4.4311300000000004e-05	102655	4
ZNF99	19	2.3584e-07	8.86713e-06	109394	0
ZNRF4	19	7.9326e-08	0.0	109983	0
ZSCAN1	19	5.017899999999999e-07	0.00017635112	105878	18
ZSCAN18	19	6.943500000000001e-07	2.696321e-05	102791	2
ZSCAN22	19	1.093e-06	0.00020401381	111353	22
ZSCAN4	19	3.3042e-07	4.000249e-05	110469	4
ZSCAN5A	19	6.3448e-07	9.10283e-06	107663	0
ZSCAN5B	19	6.927500000000001e-07	0.00012543601	110667	13
ZSCAN5C	19	4.8828e-07	0.00019813221999999997	105798	20
ZSCAN5D	19	4.1637e-07	8.819804e-05	101896	8
ZSWIM4	19	1.805e-06	0.0001772843	106794	18
hsa-mir-150	19	3.5314e-09	0.0	112129	0
