SYMBOL	chromosome	mu_lof	AF_nfe	AN_nfe	NFE_k
AAK1	2	2.2369e-06	8.86211e-06	101344	0
AAMP	2	1.0406999999999998e-06	1.764105e-05	110145	1
ABCA12	2	7.2492e-06	0.0004255907	112672	47
ABCB11	2	3.398e-06	0.00014597938999999998	106974	15
ABCB6	2	2.6374e-06	0.00048314032999999994	110192	53
ABCG5	2	1.7615e-06	0.00033621662000000004	106996	35
ABCG8	2	1.5852e-06	0.00162904693	110940	180
ABHD1	2	1.0538e-06	0.00057437946	111217	63
ABI2	2	1.2975e-06	2.885357e-05	107382	3
AC007040.11	2	3.9625e-07	0.0001106091	107001	11
AC007401.2	2	1.7235e-07	0.0	99780	0
AC011308.1	2	2.6926000000000002e-08	0.0	110222	0
AC011897.1	2	2.5752e-07	0.0	98909	0
AC011997.1	2	2.3511e-07	3.740983e-05	109558	4
AC013449.1	2	0.0	0.0	108240	0
AC013468.1	2	2.2115999999999998e-08	0.0	110826	0
AC016745.1	2	0.0	0.0	113310	0
AC016757.3	2	6.5783e-08	0.0	105911	0
AC017028.1	2	1.4252e-07	0.0	113528	0
AC017104.2	2	1.2095e-07	0.0	111129	0
AC018470.1	2	5.666e-07	0.0	69958	0
AC018867.1	2	2.3157e-08	0.0	101237	0
AC018867.2	2	3.4622000000000004e-08	0.0	103900	0
AC019171.1	2	1.9012999999999997e-07	0.0	61224	0
AC019206.1	2	8.7394e-10	0.0	110283	0
AC079354.2	2	0.0	0.0	87962	0
AC079612.1	2	4.7494e-07	0.0	59640	0
AC104667.3	2	1.3004000000000002e-07	0.0	93050	0
AC110619.2	2	2.6738000000000006e-07	0.0	106986	0
ACADL	2	1.3219e-06	0.00032659592999999997	110154	35
ACKR3	2	4.0556e-07	8.78997e-06	113140	0
ACMSD	2	1.0628e-06	8.033375e-05	111691	8
ACOXL	2	1.5661000000000001e-06	0.00155992997	106993	166
ACP1	2	4.6498e-07	2.649749e-05	110882	2
ACSL3	2	2.0418e-06	7.054531999999999e-05	110179	7
ACTG2	2	8.6506e-07	2.785889e-05	107136	2
ACTR1B	2	1.4244999999999999e-06	6.163115e-05	109737	6
ACTR2	2	1.5512999999999999e-06	8.853789999999999e-06	109350	0
ACTR3	2	1.3349000000000001e-06	0.0	105400	0
ACVR1	2	1.425e-06	1.76419e-05	112571	1
ACVR1C	2	1.5644e-06	0.00024573886000000004	107746	26
ACVR2A	2	1.3746000000000001e-06	0.0	110939	0
ACYP2	2	2.3195e-07	5.3350530000000006e-05	110301	5
ADAM17	2	2.0482e-06	3.520556e-05	108968	3
ADAM23	2	2.6122e-06	4.3977120000000004e-05	111401	4
ADCY3	2	2.9312999999999998e-06	0.00012919311000000002	109939	14
ADD2	2	2.3151e-06	2.905835e-05	109721	3
ADI1	2	3.9999e-07	0.00011559478	107779	12
ADRA2B	2	7.5509e-07	9.816059000000001e-05	108095	10
AFF3	2	3.1112999999999998e-06	1.80881e-05	110627	2
AFTPH	2	1.7268000000000001e-06	1.76146e-05	111930	1
AGAP1	2	3.131e-06	4.432084e-05	110407	4
AGBL5	2	2.8964999999999997e-06	0.00015042191	111278	16
AGFG1	2	1.2772e-06	8.826439999999998e-06	109282	0
AGPS	2	2.0011e-06	8.80824e-06	110515	0
AGXT	2	1.0776e-06	0.00014974204	104314	15
AHSA2	2	2.931e-07	0.00024743702999999997	111503	27
ALK	2	4.062200000000001e-06	0.00015013378999999998	111377	16
ALLC	2	1.25e-06	0.00138239299	107870	149
ALMS1	2	8.1993e-06	0.00075218572	111764	84
ALPI	2	1.3123e-06	0.00030918551	110696	34
ALPP	2	1.4113e-06	0.0001776776	110101	19
ALPPL2	2	9.7786e-07	0.00018657269	107611	20
ALS2	2	5.1047000000000004e-06	0.0007792151700000001	110893	86
ALS2CR11	2	3.0733e-06	0.00079899523	107169	85
ALS2CR12	2	1.3287e-06	0.0002814356	112490	31
AMER3	2	6.5895e-07	0.0	107853	0
AMMECR1L	2	1.3976e-06	0.0	109537	0
ANAPC1	2	3.9534e-06	5.427927e-05	106445	5
ANKAR	2	3.0789999999999997e-06	0.0005459879799999999	107585	58
ANKMY1	2	2.0124e-06	0.0008141471400000001	107529	87
ANKRD23	2	8.8112e-07	0.0002985914	105675	31
ANKRD36	2	4.3325e-06	0.00137027946	91423	125
ANKRD39	2	6.764100000000001e-07	1.776477e-05	107208	1
ANKRD44	2	9.2066e-07	1.758581e-05	112894	1
ANKRD53	2	7.098399999999999e-07	0.00012028693999999999	103327	12
ANKZF1	2	2.8201e-06	0.00041866852999999997	111724	46
ANO7	2	2.7974e-06	0.006456685720000001	106485	687
ANTXR1	2	1.8612999999999999e-06	2.641692e-05	109865	2
ANXA4	2	1.5194999999999998e-06	0.00010589517	108085	11
AOX1	2	4.4183e-06	0.0019299671399999998	111069	214
AP1S3	2	4.1998000000000003e-07	2.6693699999999998e-05	105860	2
APLF	2	1.0731e-06	0.00076914134	109516	84
APOB	2	7.826699999999999e-06	0.00046752399000000007	112878	52
AQP12A	2	2.0670000000000002e-07	0.0	109508	0
AQP12B	2	1.8694000000000003e-07	9.86766e-05	110571	10
ARHGAP15	2	1.5681999999999999e-06	0.0001297694	109335	14
ARHGAP25	2	1.597e-06	3.547736e-05	110279	3
ARHGEF33	2	2.0558000000000003e-06	9.85509e-05	60846	5
ARHGEF4	2	1.6591e-06	7.992273e-05	108168	8
ARID5A	2	8.439399999999999e-07	2.7039670000000003e-05	102762	2
ARL4C	2	2.0294000000000002e-07	0.0	106243	0
ARL5A	2	4.1268e-07	3.5680359999999995e-05	105196	3
ARL6IP6	2	3.7140999999999996e-07	0.0	106442	0
ARMC9	2	1.8208000000000002e-06	0.00014185233	111863	15
ARPC2	2	9.9034e-07	0.0	109200	0
ASAP2	2	3.202e-06	3.52423e-05	109532	3
ASB1	2	6.8539e-07	3.533252e-05	110878	3
ASB18	2	4.8398e-07	9.418986e-05	100379	9
ASB3	2	1.2018999999999999e-06	4.5065559999999995e-05	109480	4
ASIC4	2	1.34e-06	8.447064e-05	106733	9
ASNSD1	2	1.3391999999999998e-06	0.00025768412999999996	111352	28
ASPRV1	2	3.6845999999999995e-07	3.52607e-05	111550	3
ASTL	2	9.0035e-07	0.00014175764999999998	109147	15
ASXL2	2	2.6831e-06	1.894116e-05	110657	2
ATAD2B	2	3.7860000000000003e-06	3.729941e-05	100541	3
ATF2	2	1.4658000000000002e-06	3.53245e-05	107203	3
ATG16L1	2	2.4909e-06	1.761637e-05	110411	1
ATG4B	2	1.066e-06	0.0	99700	0
ATG9A	2	1.7607e-06	2.744553e-05	109556	3
ATIC	2	1.6988e-06	0.00035199415	113015	39
ATL2	2	1.9324e-06	5.626945e-05	103659	5
ATOH8	2	3.4516999999999996e-07	0.0	103426	0
ATP5G3	2	4.7424e-07	4.589947e-05	109519	5
ATP6V1B1	2	1.7025e-06	9.687706e-05	109608	10
ATP6V1C2	2	1.3956e-06	9.681752e-05	110101	10
ATP6V1E2	2	6.3164e-07	7.935201e-05	111465	8
ATRAID	2	6.157600000000001e-07	2.6392059999999998e-05	106736	2
AUP1	2	1.0492e-06	7.391769e-05	108215	7
B3GALT1	2	8.0015e-07	8.794919999999999e-06	111708	0
B3GNT2	2	6.3776e-07	0.0	111669	0
B3GNT7	2	6.2408e-07	1.777031e-05	109055	1
BARD1	2	1.7975e-06	0.00029225166	111301	32
BAZ2B	2	6.0398e-06	0.00012478288999999998	108330	13
BBS5	2	1.0206e-06	0.0002385936	112786	26
BCL11A	2	1.1024e-06	1.759185e-05	108038	1
BCL2L11	2	4.3476000000000006e-07	0.0	97709	0
BCS1L	2	1.9907e-06	0.00044897377999999995	109998	49
BIN1	2	1.7055e-06	1.774876e-05	103132	1
BIRC6	2	1.0770999999999999e-05	0.00029374766	106897	31
BMP10	2	6.030300000000001e-07	0.0	112082	0
BMPR2	2	2.8910000000000004e-06	3.517799000000001e-05	112898	3
BOK	2	2.6406e-07	9.07408e-06	103446	0
BOLA3	2	3.5201e-07	7.031729999999999e-05	113461	7
BOLL	2	9.726799999999999e-07	6.371379e-05	107459	6
BRE	2	1.5940000000000001e-06	3.640163e-05	111290	4
BUB1	2	2.4796e-06	0.00023173028999999999	108934	25
BZW1	2	1.0096e-06	9.082319999999999e-06	102702	0
C1D	2	2.5868000000000004e-07	1.9058810000000002e-05	106012	2
C1QL2	2	2.6788e-07	0.0	98139	0
C2ORF15	2	2.8067e-07	0.00016200087	107635	17
C2orf15	2	3.0584e-07	8.79291e-06	107974	0
C2orf16	2	1.9697e-06	0.00028307113999999996	112592	31
C2orf27A	2	2.6494e-08	0.0	113018	0
C2orf27B	2	2.6494e-08	0.0	112160	0
C2orf40	2	4.493899999999999e-07	0.0028046919	112815	316
C2orf42	2	1.4899000000000001e-06	4.4069040000000004e-05	111144	4
C2orf43	2	9.087299999999999e-07	5.3435390000000006e-05	112385	6
C2orf44	2	8.424700000000001e-07	5.2906490000000005e-05	112797	5
C2orf47	2	5.746800000000001e-07	0.00012927927	106937	13
C2orf48	2	1.6750999999999997e-07	0.0	102891	0
C2orf49	2	4.2619e-07	0.0	108764	0
C2orf50	2	3.1994e-07	5.364863e-05	103962	5
C2orf53	2	3.5014000000000004e-07	0.00132063065	110635	146
C2orf54	2	5.4137e-07	0.00010825288999999999	101656	11
C2orf57	2	4.8815e-08	1.80976e-05	111955	2
C2orf61	2	5.973699999999999e-07	8.331651e-05	96444	8
C2orf62	2	1.0706e-06	8.817249e-05	110312	9
C2orf66	2	1.3345e-07	4.405554e-05	111964	4
C2orf68	2	4.3276e-07	8.914844000000001e-05	100387	8
C2orf69	2	6.361600000000001e-07	0.0	111271	0
C2orf70	2	4.1313999999999995e-07	0.00010363584999999998	110528	11
C2orf71	2	2.1066e-06	0.00023929039	111248	26
C2orf72	2	9.5021e-08	0.0	60311	0
C2orf73	2	4.3053999999999994e-07	3.527736e-05	97082	3
C2orf74	2	2.3623000000000002e-07	0.0	61177	0
C2orf76	2	2.5395e-07	0.0	109544	0
C2orf78	2	1.4398e-06	0.00010674368	109780	11
C2orf80	2	7.7575e-07	0.00022093731	112579	24
C2orf81	2	5.637899999999999e-07	3.32751e-05	86252	2
C2orf82	2	1.2376e-07	0.0	101711	0
C2orf83	2	1.134e-07	0.0	104266	0
C2orf88	2	7.2449e-08	3.5383200000000004e-05	110085	3
CAB39	2	7.829500000000001e-07	3.6669770000000004e-05	107112	3
CACNB4	2	1.8707e-06	8.150618e-05	105300	8
CAD	2	6.3159e-06	0.00010578501	110799	11
CALCRL	2	1.1848999999999999e-06	1.773909e-05	107960	1
CALM2	2	3.4099000000000004e-07	0.0	107679	0
CAMKMT	2	1.1454e-06	0.00019457821	111772	21
CAPG	2	1.0196e-06	0.00022450761	107451	24
CAPN10	2	1.6263999999999998e-06	0.00022839705000000002	106096	24
CAPN13	2	2.0948e-06	0.00053253726	106750	56
CAPN14	2	2.0129e-06	0.0003622165	60493	21
CARF	2	1.4679e-06	5.307869e-05	109840	5
CASP10	2	1.0912e-06	0.00031764441000000005	111551	35
CASP8	2	1.4208000000000002e-06	5.2806700000000004e-05	112287	5
CBWD2	2	6.0958e-07	9.54053e-06	106260	1
CCDC104	2	1.0631999999999998e-06	7.425836999999999e-05	106696	7
CCDC108	2	4.3898e-06	0.00066356348	107694	71
CCDC115	2	3.8965000000000005e-07	5.320884e-05	108218	5
CCDC121	2	1.9162e-07	0.0	105837	0
CCDC138	2	1.6007e-06	0.00023561646	107884	25
CCDC140	2	0.0	0.0	107725	0
CCDC141	2	3.5075e-06	0.00055262906	109753	60
CCDC142	2	1.7593e-06	0.00020406293999999998	109137	22
CCDC148	2	1.6665e-06	0.00036632281000000005	108836	39
CCDC150	2	3.3995e-06	0.0005479508900000001	104874	57
CCDC173	2	1.7274000000000002e-06	0.00042828197	103959	44
CCDC74A	2	8.1377e-07	0.00020582674	107303	22
CCDC74B	2	8.2162e-07	0.00023071682999999997	106559	24
CCDC85A	2	1.0347e-06	6.582824000000001e-05	107923	7
CCDC88A	2	5.5839e-06	5.0156709999999994e-05	105852	5
CCDC93	2	2.8433e-06	0.00023821653999999998	109493	26
CCL20	2	1.8061e-07	1.760596e-05	111660	1
CCNT2	2	1.4259e-06	3.549983e-05	110018	3
CCNYL1	2	8.2182e-07	0.0	108433	0
CCT4	2	1.8305e-06	8.80096e-06	108163	0
CCT7	2	1.3081e-06	8.830180000000001e-06	111019	0
CD207	2	6.4292e-07	0.00043926871	109621	48
CD28	2	3.7201999999999997e-07	1.764089e-05	109112	1
CD302	2	4.3907e-07	9.908914000000001e-05	109101	10
CD8A	2	4.1806999999999993e-07	4.456295e-05	109582	4
CD8B	2	3.4933e-07	0.00015879761999999998	100262	15
CDC42EP3	2	2.7945e-07	0.0	109965	0
CDCA7	2	1.4716999999999998e-06	5.329425999999999e-05	111030	5
CDK15	2	1.2924000000000001e-06	0.00036126086000000005	111355	40
CDK5R2	2	3.5085e-07	1.78266e-05	98661	1
CDKL4	2	8.8326e-07	0.00015127412	108069	16
CEBPZ	2	2.1653e-06	0.00011868879999999999	109493	12
CEBPZ-AS1	2	1.5967e-07	0.0	100752	0
CENPA	2	4.998e-07	1.76022e-05	110148	1
CENPO	2	1.2072e-06	0.00021124292	111250	23
CEP68	2	1.0316e-06	1.763361e-05	109579	1
CERKL	2	1.4747e-06	0.0007297074799999999	107360	78
CERS6	2	1.5864e-06	3.643164e-05	110610	4
CFC1	2	2.6443e-07	0.00010941700000000001	108253	11
CFLAR	2	1.9513e-06	0.0	108836	0
CGREF1	2	3.3338e-07	0.00044029805	110170	48
CH17-132F21.1	2	4.6361999999999995e-08	3.65263e-05	104880	3
CHAC2	2	2.888e-07	0.00017623293	107389	18
CHCHD5	2	3.7162e-07	3.517873e-05	110337	3
CHMP3	2	7.376e-07	4.479419e-05	109879	4
CHN1	2	1.1056999999999998e-06	2.671472e-05	99361	2
CHPF	2	1.4318e-06	0.00042976295999999994	105090	45
CHRNA1	2	9.202500000000001e-07	0.00021194794999999998	111935	23
CHRND	2	1.4903e-06	0.00062936881	112438	70
CHRNG	2	1.8737e-06	0.00016760623	111224	18
CHST10	2	1.0619e-06	7.034817e-05	112713	7
CIAO1	2	8.9946e-07	0.00011449186000000002	110733	12
CIB4	2	6.487e-07	0.00029902587	109986	32
CIR1	2	1.3418e-06	0.00019829598999999997	106986	21
CKAP2L	2	1.5433000000000001e-06	7.105584e-05	111079	7
CLASP1	2	5.6222e-06	6.479607e-05	103851	6
CLEC4F	2	1.2085e-06	0.00021525109	109119	23
CLHC1	2	1.6630000000000002e-06	0.0123558421	110568	1366
CLIP4	2	1.5046000000000002e-06	8.88299e-05	110032	9
CLK1	2	1.5866e-06	7.935901999999998e-05	111277	8
CMPK2	2	5.0035e-07	5.333985e-05	111555	5
CNGA3	2	1.3906e-06	0.00023796421000000002	112398	26
CNNM3	2	1.4004e-06	7.93116e-05	112016	8
CNNM4	2	1.3053e-06	9.716935e-05	109616	10
CNOT11	2	1.1909000000000001e-06	1.889922e-05	108212	2
CNPPD1	2	1.2454e-06	7.921819e-05	111079	8
CNRIP1	2	2.5846999999999996e-07	0.0	105740	0
CNTNAP5	2	3.7499000000000003e-06	5.4434530000000004e-05	106876	5
COA5	2	2.0433e-07	2.8821479999999997e-05	106294	3
COBLL1	2	2.1269e-06	8.864579e-05	110113	9
COL3A1	2	5.521e-06	2.6442150000000002e-05	109212	2
COL4A3	2	4.885199999999999e-06	0.00014285764	109942	15
COL4A4	2	3.8684e-06	0.00034624097	110864	38
COL5A2	2	5.1314e-06	9.691368e-05	110277	10
COL6A3	2	7.1052e-06	0.00034440535000000006	112761	38
COLEC11	2	5.622100000000001e-07	2.8854200000000002e-05	110202	3
COMMD1	2	3.0154e-07	4.402e-05	107888	4
COPS7B	2	9.2898e-07	2.6424829999999997e-05	111076	2
COPS8	2	5.5027e-07	8.854420000000001e-06	109969	0
COQ10B	2	7.6308e-07	1.785615e-05	106933	1
COX5B	2	3.6689e-07	0.0	100939	0
COX7A2L	2	3.5656999999999997e-07	7.086090999999999e-05	107484	7
CPO	2	1.0183e-06	0.00035278062999999994	111987	39
CPS1	2	3.8791e-06	0.00020286995999999998	112711	22
CPSF3	2	1.6896e-06	0.0002304157	108614	25
CREB1	2	1.1552e-06	0.0	108497	0
CREG2	2	4.5631e-07	5.276375e-05	111515	5
CRIM1	2	2.3685e-06	2.6611950000000002e-05	108221	2
CRIPT	2	2.6879999999999997e-07	6.218805e-05	103865	6
CRYBA2	2	4.5906000000000004e-07	0.00041717963	107414	44
CRYGA	2	7.099800000000001e-07	0.00011464513	112527	12
CRYGB	2	3.6114000000000007e-07	4.410504e-05	109916	4
CRYGC	2	4.7703e-07	9.686639999999999e-05	109165	10
CRYGD	2	4.0997e-07	0.0027336228600000003	108698	297
CSRNP3	2	1.7690000000000001e-06	4.42308e-05	112474	4
CTDSP1	2	9.391700000000001e-07	0.0	107702	0
CTLA4	2	4.6559e-07	0.0	111660	0
CTNNA2	2	2.6304000000000003e-06	6.213822e-05	109418	6
CUL3	2	2.1841999999999998e-06	8.81461e-06	105947	0
CWC22	2	3.0127999999999998e-06	0.00016862924	99312	16
CXCR1	2	4.0465e-07	0.00010576916000000001	113342	11
CXCR2	2	4.3903999999999994e-07	0.0	112833	0
CXCR4	2	4.6481e-07	1.780499e-05	111758	1
CXXC11	2	5.5404e-08	0.0	102205	0
CYBRD1	2	5.9218e-07	2.644934e-05	110993	2
CYP1B1	2	7.102199999999999e-07	0.0004353977	104039	45
CYP20A1	2	1.3159e-06	0.00036899652	107683	39
CYP26B1	2	7.1056e-07	0.00035147199999999997	106884	37
CYP27A1	2	1.6658000000000002e-06	0.00038721044999999996	112686	43
CYP27C1	2	9.4911e-07	8.807577e-05	112619	9
CYS1	2	5.6795999999999995e-08	0.0	107070	0
CYTIP	2	1.2148e-06	5.4977e-05	109994	6
D2HGDH	2	9.366500000000001e-07	4.7769140000000006e-05	106359	5
DAPL1	2	2.0686999999999997e-07	0.00025847618	100424	25
DARS	2	1.6950999999999999e-06	0.00011728726000000001	107172	12
DAW1	2	1.109e-06	6.212424e-05	110360	6
DBI	2	2.9645e-07	0.20097479377	111597	22428
DCAF17	2	1.2757e-06	0.00017464343	111360	19
DCDC2C	2	6.950100000000001e-07	0.0	104282	0
DCTN1	2	4.0875e-06	0.00013546356	111002	15
DDX1	2	2.0317e-06	5.909654e-05	109972	6
DDX18	2	1.6594e-06	9.837943000000002e-05	108541	10
DES	2	1.4134999999999999e-06	7.034137e-05	104709	7
DFNB59	2	1.4047999999999999e-06	0.00022092817000000004	109515	24
DGKD	2	3.6705000000000003e-06	8.224624e-05	109924	9
DGUOK	2	8.1155e-07	8.816934000000001e-05	111546	9
DHRS9	2	4.6523999999999995e-07	0.0019309922	111677	215
DHX57	2	4.2037e-06	0.00066506689	111530	74
DIRC1	2	0.0	0.0	112025	0
DIS3L2	2	2.3753e-06	3.545329e-05	107755	3
DLX1	2	4.3856000000000003e-07	0.0	106025	0
DLX2	2	5.0243e-07	0.0	99656	0
DNAH6	2	1.0766e-05	0.00080855807	72436	58
DNAH7	2	1.0408e-05	0.0061090554200000004	108629	663
DNAJB2	2	7.4329e-07	0.00019471166000000002	108070	21
DNAJC10	2	2.6244e-06	0.00019519446	108110	21
DNAJC27	2	8.337299999999999e-07	0.00010690713	109953	11
DNAJC5G	2	3.4768999999999996e-07	4.3998699999999996e-05	112563	4
DNER	2	1.6716999999999998e-06	2.6714990000000004e-05	111182	2
DNMT3A	2	2.0948e-06	0.00038066107	107105	40
DNPEP	2	1.2885e-06	0.00015109434	107473	16
DOCK10	2	5.8441e-06	0.0003232225	105692	34
DOK1	2	8.1741e-07	3.525641e-05	109867	3
DPP10	2	2.4997e-06	8.840639999999999e-06	109799	0
DPP4	2	2.3395e-06	0.0003445692	110394	38
DPY30	2	2.7210999999999997e-07	8.79817e-06	111858	0
DPYSL5	2	1.3525e-06	0.0	111866	0
DQX1	2	2.7454e-06	0.0009160583500000001	106367	97
DRC1	2	2.1424e-06	0.00098902894	108784	107
DTNB	2	2.3753e-06	0.00021686519	102900	22
DTYMK	2	3.5631e-07	1.759309e-05	103089	1
DUSP11	2	8.4307e-07	7.32838e-05	107115	7
DUSP19	2	3.0839e-07	2.72125e-05	111583	3
DUSP2	2	3.3798999999999997e-07	8.79507e-06	105631	0
DUSP28	2	1.0572000000000001e-07	0.0	93306	0
DYNC1I2	2	1.9167e-06	0.00013135291000000002	103003	13
DYNC2LI1	2	9.7725e-07	0.00025682967999999997	109785	28
DYSF	2	6.1605e-06	0.00042207037	110412	46
DYTN	2	1.6069999999999998e-06	0.00021411240000000003	108191	23
E2F6	2	7.1647e-07	9.01469e-06	102647	0
ECEL1	2	2.5613e-06	0.00014719538	105503	15
EDAR	2	1.1468e-06	0.00015019472	110126	16
EEF1B2	2	5.121e-07	8.79446e-06	111261	0
EFEMP1	2	1.9975999999999997e-06	0.0	112675	0
EFHD1	2	2.5015e-07	1.763444e-05	106002	1
EFR3B	2	2.3345e-06	9.87931e-05	60563	5
EGR4	2	4.4492e-07	9.89472e-06	93091	0
EHBP1	2	4.1054000000000005e-06	9.107778e-05	107952	9
EHD3	2	1.0122e-06	6.173913000000001e-05	111542	6
EIF2AK2	2	1.4519e-06	6.62833e-05	108528	7
EIF2AK3	2	2.8766e-06	8.823886999999998e-05	111248	9
EIF2B4	2	1.6546e-06	1.75793e-05	110853	1
EIF4E2	2	9.4361e-07	0.0	106861	0
EIF5B	2	3.4923e-06	2.829454e-05	108289	3
ELMOD3	2	1.0655e-06	0.00017662339	109226	19
EMILIN1	2	1.8972999999999998e-06	9.523375e-05	103246	9
EML4	2	3.208e-06	0.00013351403	109344	14
EML6	2	5.6522e-06	0.0002634334	65136	17
EMX1	2	3.1321e-07	0.0	96452	0
EN1	2	3.6654000000000005e-07	0.0	102447	0
EPAS1	2	2.031e-06	2.641716e-05	110539	2
EPB41L5	2	2.7738e-06	9.742599e-05	110322	10
EPC2	2	2.2213e-06	9.02462e-06	103286	0
EPCAM	2	9.929299999999998e-07	0.00014127788000000002	109244	15
EPHA4	2	3.2595e-06	2.6413000000000003e-05	111108	2
EPT1	2	9.6826e-07	9.26922e-06	101123	0
ERBB4	2	4.0407999999999995e-06	3.517829e-05	112021	3
ERCC3	2	2.7608e-06	0.0005188474299999999	111250	57
ERLEC1	2	1.3495e-06	8.018341999999999e-05	109504	8
ERMN	2	6.5319e-07	3.540663e-05	110902	3
ESPNL	2	1.5658000000000001e-06	0.00033599202000000005	97868	32
ETAA1	2	1.4812000000000001e-06	5.3290150000000003e-05	107884	5
EVA1A	2	2.3375999999999997e-07	8.80282e-06	109262	0
EVX2	2	4.0027e-07	9.73255e-06	99544	0
EXOC6B	2	2.7834e-06	5.073957e-05	102622	5
FABP1	2	2.4960999999999997e-07	2.6401490000000004e-05	111466	2
FAHD2A	2	8.292100000000001e-07	0.00011466701999999999	111809	12
FAHD2B	2	6.933899999999999e-07	3.5603829999999995e-05	109756	3
FAM110C	2	2.5142e-07	0.00014963998	100910	15
FAM117B	2	1.1925e-06	0.0001246664	110534	13
FAM124B	2	5.1473e-07	4.4182890000000006e-05	95088	4
FAM126B	2	1.6179e-06	0.0	111187	0
FAM132B	2	4.051e-07	0.0	111545	0
FAM134A	2	9.521e-07	1.75801e-05	111909	1
FAM136A	2	2.3611000000000001e-07	0.00032533536	105786	34
FAM150B	2	3.2224000000000006e-07	6.25335e-05	111325	6
FAM161A	2	2.1183e-06	0.00078091363	108556	84
FAM168B	2	3.5527000000000003e-07	1.797389e-05	104691	1
FAM171B	2	1.5194999999999998e-06	4.427164000000001e-05	109169	4
FAM178B	2	1.7678e-06	0.00013418412	79275	10
FAM179A	2	1.8113e-06	0.0007632011099999999	101798	77
FAM228A	2	4.553e-07	2.6762259999999997e-05	109496	2
FAM228B	2	6.409899999999999e-07	0.0006646463000000001	87514	58
FAM49A	2	1.2502e-06	2.6706300000000002e-05	111259	2
FAM84A	2	3.0594e-07	0.0	98909	0
FAM98A	2	1.7525e-06	4.396532e-05	112081	4
FANCL	2	1.1665e-06	0.00019398979	112194	21
FAP	2	2.5465e-06	0.00036031425999999997	110353	39
FARP2	2	3.0358999999999996e-06	0.00047375789	109691	51
FARSB	2	1.6712e-06	0.00012812646	107444	13
FASTKD1	2	2.1425e-06	0.01257142014	108997	1370
FASTKD2	2	1.5816e-06	0.00012369075000000002	111605	13
FBLN7	2	9.834200000000001e-07	0.00016979552	109466	18
FBXO11	2	2.5495e-06	0.0	109739	0
FBXO36	2	4.274100000000001e-07	8.000505000000001e-05	110867	8
FBXO41	2	1.5408000000000001e-06	1.78479e-05	103825	1
FBXO48	2	3.4595e-07	4.397942e-05	111241	4
FEV	2	2.973e-07	2.65673e-05	98992	2
FEZ2	2	8.259200000000001e-07	0.00015065566999999998	107450	16
FHL2	2	5.879e-07	7.956193e-05	108611	8
FIGLA	2	3.3586999999999995e-07	4.16285e-05	104151	4
FIGN	2	1.158e-06	0.0	112264	0
FKBP1B	2	2.0916e-07	8.79075e-06	109850	0
FKBP7	2	5.2469e-07	9.793689e-05	109416	10
FLJ20373	2	0.0	0.0	108075	0
FMNL2	2	2.7699e-06	4.894772e-05	105060	5
FN1	2	7.7039e-06	0.00024679207999999997	112251	27
FNDC4	2	6.12e-07	0.0	112434	0
FOSL2	2	6.903e-07	0.0	107644	0
FOXD4L1	2	2.9955e-07	0.0	106832	0
FOXN2	2	1.1383e-06	1.764598e-05	109802	1
FRZB	2	6.702199999999999e-07	8.83611e-06	112030	0
FSHR	2	1.0642000000000001e-06	0.00012348374	113006	13
FSIP2	2	9.2392e-06	0.00024133615	106369	25
FZD5	2	7.230500000000001e-07	9.200310000000001e-06	99556	0
FZD7	2	7.5288e-07	2.673011e-05	110080	2
G6PC2	2	8.566200000000001e-07	0.0027338928	113098	309
GAD1	2	1.6072e-06	2.6771079999999997e-05	111968	2
GAL3ST2	2	5.397e-07	0.0061966103399999995	101954	631
GALM	2	7.733800000000001e-07	0.00045477920999999996	111293	50
GALNT13	2	1.2994e-06	1.776024e-05	109776	1
GALNT14	2	1.9528e-06	0.00023003964	110919	25
GALNT3	2	1.6274e-06	0.00017623763	110781	19
GALNT5	2	1.9592e-06	0.00084853285	108228	91
GAREML	2	1.0556000000000001e-06	0.0	113551	0
GBX2	2	3.7344e-07	1.78533e-05	102115	1
GCA	2	6.65e-07	0.00205031238	109763	225
GCC2	2	4.4304e-06	9.064213e-05	108843	9
GCFC2	2	2.2794e-06	0.0010119314	105314	106
GCG	2	5.989e-07	2.688301e-05	109812	2
GCKR	2	2.1285e-06	0.00220835167	112963	249
GDF7	2	3.594e-07	9.034400000000001e-06	94264	0
GEMIN6	2	3.1012e-07	7.983364000000001e-05	109364	8
GEN1	2	2.0827e-06	0.00023191142999999997	109971	25
GFPT1	2	2.4979e-06	5.391881e-05	111667	6
GGCX	2	2.426e-06	0.00023825700000000002	111460	26
GIGYF2	2	6.3787000000000004e-06	1.85264e-05	109895	2
GKN1	2	3.7288000000000004e-07	0.00010573992000000001	112014	11
GKN2	2	6.092499999999999e-07	6.171163000000001e-05	111663	6
GLB1L	2	1.8709e-06	0.00023829507	111025	26
GLI2	2	2.7094e-06	4.419646e-05	109992	4
GLS	2	2.0939e-06	2.662255e-05	106388	2
GMCL1	2	1.5791e-06	0.00010762158999999999	105559	11
GMPPA	2	1.6138e-06	0.0001731669	107267	18
GNLY	2	4.7015e-07	0.0029282674900000002	107619	315
GORASP2	2	1.1559e-06	2.649433e-05	111037	2
GPAT2	2	1.5449e-06	0.00024541068	104198	25
GPATCH11	2	1.0571e-06	0.00013799545000000001	94784	13
GPBAR1	2	2.8471e-07	5.5610719999999994e-05	109061	6
GPC1	2	9.9908e-07	8.841110000000001e-06	103464	0
GPD2	2	1.8019e-06	0.0001500057	112444	16
GPN1	2	1.1423e-06	6.169981e-05	108396	6
GPR1	2	6.003800000000001e-07	0.00020314902	112452	22
GPR113	2	2.2135e-06	0.00668905403	102271	684
GPR148	2	3.1681e-07	9.682633e-05	107872	10
GPR155	2	2.1638e-06	0.00031866546000000004	111073	35
GPR17	2	4.7509999999999996e-07	6.26618e-05	107326	6
GPR35	2	3.357e-07	0.0013950892999999998	109271	152
GPR39	2	4.3299e-07	3.555132e-05	109626	3
GPR45	2	4.0171e-07	1.7788470000000002e-05	110784	1
GPR55	2	4.0283e-07	8.796862e-05	112570	9
GPR75	2	7.797700000000001e-07	0.00012311981000000003	113415	13
GPR75-ASB3	2	1.2018999999999999e-06	4.5065559999999995e-05	109480	4
GRB14	2	1.4718e-06	0.00014144036	109800	15
GREB1	2	4.1944e-06	0.00019785168999999998	108833	21
GRHL1	2	1.8803999999999998e-06	2.6804299999999997e-05	109408	2
GTDC1	2	1.0501000000000001e-06	0.00058067052	109891	63
GTF2A1L	2	9.564200000000002e-07	0.00016638048999999998	105419	17
GTF3C2	2	4.0532e-06	2.48614e-05	110187	2
GTF3C3	2	2.6555000000000002e-06	0.00016929876	109536	18
GULP1	2	7.099600000000001e-07	0.0	106160	0
GYPC	2	2.2418000000000004e-07	7.87043e-05	108453	8
HAAO	2	1.2321e-06	0.00013771158	103975	14
HADHA	2	2.0396e-06	0.00018471894000000001	111145	20
HADHB	2	1.8047e-06	0.0001935302	109949	21
HAT1	2	1.212e-06	2.7220209999999998e-05	105412	2
HDAC4	2	2.6969e-06	0.0	108168	0
HDLBP	2	3.0198000000000003e-06	2.76441e-05	111348	3
HEATR5B	2	6.842899999999999e-06	0.00037879282	109866	41
HECW2	2	4.7482e-06	7.053472e-05	108687	7
HES6	2	1.9035999999999997e-07	9.43005e-06	97089	0
HIBCH	2	1.3466e-06	0.00013258856	110846	14
HJURP	2	1.5603e-06	0.00013207755	109168	14
HK2	2	2.3407e-06	4.397613e-05	110377	4
HNMT	2	5.5698e-07	4.499220999999999e-05	109636	4
HNRNPA3	2	1.0217e-06	8.79136e-06	109244	0
HNRNPLL	2	1.6937e-06	5.313465e-05	107898	5
HOXD1	2	3.8818e-07	1.8463989999999997e-05	100623	1
HOXD10	2	6.1204e-07	2.680685e-05	104101	2
HOXD11	2	2.8603000000000003e-07	1.758025e-05	106382	1
HOXD12	2	3.2445e-07	1.98409e-05	102374	2
HOXD13	2	4.8653e-07	4.5154989999999996e-05	104968	4
HOXD3	2	6.6913e-07	0.0	108053	0
HOXD4	2	4.3045e-07	6.205901e-05	108114	6
HOXD8	2	3.9879e-07	1.843908e-05	101751	1
HOXD9	2	3.7196e-07	1.0697000000000001e-05	100864	1
HPCAL1	2	3.0525e-07	0.0	109685	0
HS1BP3	2	8.0301e-07	0.00016269221	109703	17
HS6ST1	2	5.5244e-07	0.0086677	104025	901
HSPD1	2	1.1756e-06	1.7655520000000002e-05	110270	1
HSPE1	2	2.3005e-07	0.0	109907	0
HSPE1-MOB4	2	6.5107e-07	0.0	106998	0
HTR2B	2	1.195e-06	0.0005466939900000001	113262	61
HTRA2	2	9.9635e-07	7.912626999999999e-05	107682	8
IAH1	2	6.1806e-07	4.417292000000001e-05	108356	4
ICA1L	2	1.2546e-06	0.0009260469300000001	108343	100
ICOS	2	4.2494e-07	2.6464179999999995e-05	112701	2
ID2	2	1.5297e-07	0.0	112052	0
IDH1	2	1.0873e-06	5.4356080000000005e-05	111611	6
IFIH1	2	2.4156000000000002e-06	0.02610956151	109802	2866
IFT172	2	6.2367e-06	0.00040661517999999997	111775	45
IGFBP2	2	4.8834e-07	8.984560000000001e-06	105017	0
IGFBP5	2	4.3799e-07	0.0	103196	0
IHH	2	5.509e-07	9.62427e-06	106914	1
IKZF2	2	1.2609999999999999e-06	2.7207020000000004e-05	110429	3
IL18R1	2	1.142e-06	0.00017719619	109842	19
IL18RAP	2	1.5456e-06	6.2184e-05	111468	6
IL1A	2	4.8957e-07	6.159664e-05	113032	6
IL1B	2	9.1234e-07	8.79585e-06	113537	0
IL1F10	2	2.8549e-07	0.0001847538	110899	20
IL1R1	2	9.802899999999999e-07	1.765514e-05	109867	1
IL1R2	2	7.203699999999999e-07	0.00028340041	111572	31
IL1RL1	2	1.1865e-06	9.709523000000001e-05	110560	10
IL1RL2	2	1.6207e-06	0.00023057877000000001	111202	25
IL1RN	2	5.152000000000001e-07	9.673074e-05	113425	10
IL36A	2	3.3795000000000003e-07	3.53113e-05	112874	3
IL36B	2	5.378e-07	0.0005902595200000001	112342	66
IL36G	2	3.3895000000000005e-07	7.06747e-05	112408	7
IL36RN	2	4.0773e-07	6.160969e-05	112481	6
IL37	2	2.6543e-07	3.6479509999999996e-05	110876	4
ILKAP	2	9.484e-07	8.794919999999999e-06	112015	0
IMMT	2	2.1983e-06	4.547992e-05	106022	4
IMP4	2	1.6944999999999998e-06	0.00011430896999999999	108218	12
ING5	2	1.0811e-06	2.68601e-05	107581	2
INHA	2	6.152000000000001e-07	3.425251e-05	107693	3
INHBB	2	6.6584e-07	0.0	108031	0
INO80B	2	6.355699999999999e-07	8.85034e-06	109189	0
INO80D	2	2.3809999999999997e-06	1.7728929999999998e-05	108322	1
INPP1	2	6.967399999999999e-07	4.450172e-05	109725	4
INPP4A	2	2.7853e-06	8.176653e-05	102037	8
INPP5D	2	2.8802999999999998e-06	0.00032142640999999997	105575	33
INSIG2	2	6.343e-07	4.406626e-05	111168	4
IQCA1	2	2.4281e-06	0.0022450011499999998	105473	236
IRS1	2	2.0505e-06	4.429411e-05	111231	4
ITGA4	2	2.5945e-06	7.349348e-05	107381	7
ITGA6	2	3.6010000000000003e-06	0.00015823539	111471	17
ITGAV	2	3.2474e-06	0.00011645141000000002	107947	12
ITGB1BP1	2	7.980400000000001e-07	7.047071999999999e-05	112230	7
ITGB6	2	1.8806e-06	0.00045092277000000004	111573	50
ITM2C	2	7.2432e-07	9.24437e-06	106409	0
ITPRIPL1	2	1.145e-06	0.0003168101	113086	35
ITSN2	2	5.869e-06	0.00031272241	109810	34
IWS1	2	2.3664e-06	1.766948e-05	109540	1
KANSL1L	2	2.876e-06	4.6623359999999995e-05	109899	5
KANSL3	2	2.0355000000000002e-06	8.90948e-06	101763	0
KCMF1	2	7.3625e-07	8.89775e-06	107632	0
KCNE4	2	1.4243e-07	0.0	111406	0
KCNF1	2	5.0455e-07	8.84173e-06	108728	0
KCNG3	2	6.0354e-07	3.775723e-05	102959	3
KCNH7	2	3.4260000000000003e-06	6.392784e-05	110247	7
KCNIP3	2	6.3512e-07	3.654443e-05	106973	3
KCNJ13	2	8.2572e-07	8.81803e-06	110549	0
KCNJ3	2	1.1025e-06	8.83783e-06	110763	0
KCNK12	2	3.4719000000000003e-07	0.0	97990	0
KCNK3	2	5.777600000000001e-07	0.0	90170	0
KCNS3	2	7.9543e-07	0.00010567038999999998	112945	11
KCTD18	2	6.5771e-07	7.064279e-05	111256	7
KDM3A	2	3.9794e-06	3.532083e-05	110374	3
KHK	2	7.631100000000001e-07	0.00016887102999999998	107789	18
KIAA1211L	2	1.1529e-06	3.5781e-05	103271	3
KIAA1715	2	1.4834e-06	6.213266e-05	107503	6
KIAA1841	2	2.2598e-06	0.00019737105	105957	20
KIDINS220	2	4.4421e-06	0.00015329637	110186	16
KIF1A	2	4.794e-06	3.914087e-05	104656	4
KIF3C	2	1.7797999999999999e-06	2.6370840000000004e-05	112345	2
KIF5C	2	2.7873e-06	1.7989570000000003e-05	100421	1
KLF11	2	8.898e-07	5.31257e-05	111317	5
KLF7	2	6.1549e-07	0.0	111316	0
KLHL23	2	1.1559e-06	3.557155e-05	110889	3
KLHL29	2	1.445e-06	3.333e-05	60227	2
KLHL30	2	1.1776e-06	0.00024009155	97972	23
KLHL41	2	9.8404e-07	8.818184e-05	110825	9
KRCC1	2	4.7593000000000005e-07	4.4125379999999995e-05	111922	4
KRTCAP3	2	4.2051e-07	3.5415149999999996e-05	110598	3
KYNU	2	1.5066e-06	0.0007235725500000001	112082	81
LANCL1	2	1.1072e-06	1.760797e-05	110396	1
LAPTM4A	2	7.3973e-07	3.54859e-05	109040	3
LBH	2	1.8567999999999998e-07	1.91137e-05	109311	2
LBX2	2	2.685e-07	3.5509499999999996e-05	107427	3
LCLAT1	2	9.590399999999999e-07	0.00010687879999999999	111588	11
LCT	2	4.1484e-06	0.00013217313	113124	14
LGALSL	2	5.2875e-07	1.7659129999999997e-05	110981	1
LHCGR	2	1.4171000000000002e-06	0.00023892022999999997	112106	26
LIMS1	2	9.5463e-07	0.03662059358	107767	3946
LIMS2	2	8.958200000000001e-07	0.0001553176	105877	16
LINC01124	2	0.0	0.0	99868	0
LIPT1	2	4.3046000000000006e-07	0.00057315291	109982	63
LMAN2L	2	1.0195e-06	0.00036081617999999995	109553	39
LONRF2	2	1.3163999999999998e-06	3.5438320000000004e-05	107303	3
LOXL3	2	2.4363e-06	0.00016187122999999998	109284	17
LPIN1	2	2.9205000000000002e-06	0.00014094123	111830	15
LRP1B	2	1.2545e-05	0.00026967726	109809	29
LRP2	2	1.4103e-05	0.00033503893	112658	37
LRPPRC	2	3.8743e-06	0.00015025721000000002	112278	16
LRRFIP1	2	7.3995e-07	2.6404140000000003e-05	108111	2
LRRTM1	2	6.9139e-07	0.0	110273	0
LRRTM4	2	1.1512999999999999e-06	2.6648720000000003e-05	110741	2
LTBP1	2	4.6811e-06	0.00014159393	110633	15
LY75	2	5.087e-06	0.0030592974300000003	111126	339
LY75-CD302	2	5.087e-06	0.0030592974300000003	111126	339
LYG1	2	5.3391e-07	0.00161037381	113147	182
LYG2	2	4.1436999999999997e-07	0.00038232755	111276	42
LYPD1	2	2.3340999999999997e-07	3.554281e-05	106202	3
LYPD6	2	7.626e-07	0.00015872839	111385	17
LYPD6B	2	7.455800000000001e-07	7.100156999999999e-05	106618	7
M1AP	2	1.5336000000000002e-06	0.00030029052	111446	33
MAL	2	2.4972e-07	0.0	109933	0
MALL	2	1.3497e-07	0.0	98127	0
MAP2	2	2.9833e-06	8.8308e-06	110500	0
MAP3K19	2	2.7562999999999998e-06	0.00080706107	111042	89
MAP3K2	2	1.878e-06	0.0	98899	0
MAP4K3	2	2.9586e-06	0.00010975771000000001	108367	11
MAP4K4	2	4.4528e-06	4.440813e-05	103421	4
MAPRE3	2	6.2807e-07	8.793989999999998e-06	108957	0
MARCH4	2	8.385899999999999e-07	0.00011743525	104899	12
MARCH7	2	1.9651e-06	8.897069999999999e-05	110116	9
MARCO	2	1.5961e-06	0.00043717232	109801	48
MARS2	2	9.5396e-07	7.084991e-05	111468	7
MAT2A	2	8.617799999999999e-07	0.0	110134	0
MATN3	2	9.625299999999999e-07	0.00024053039000000002	109746	26
MBD5	2	2.4414e-06	1.7599129999999998e-05	112130	1
MBOAT2	2	1.3245e-06	3.55428e-05	109404	3
MCEE	2	3.0600999999999997e-07	0.00048485347999999997	109050	52
MCFD2	2	2.0975e-07	0.0	112906	0
MCM6	2	2.4659e-06	3.5271859999999994e-05	109667	3
MDH1	2	8.765100000000001e-07	8.78997e-06	104643	0
MDH1B	2	1.3397e-06	0.00028248122000000005	111910	31
MEIS1	2	1.0155e-06	0.0	99430	0
MEMO1	2	1.1090999999999999e-06	8.85959e-06	105328	0
MERTK	2	2.7182e-06	0.00020226656000000003	112441	22
METAP1D	2	7.5144e-07	1.776199e-05	109798	1
METTL21A	2	5.1816e-07	1.7603199999999998e-05	109652	1
METTL5	2	5.4183e-07	2.67389e-05	109653	2
METTL8	2	9.9374e-07	0.00029210636	96718	28
MFF	2	1.3224e-06	3.561419e-05	111488	3
MFSD2B	2	1.0259e-06	0.000106946	106553	11
MFSD6	2	1.1682999999999999e-06	0.00011780315000000001	111439	13
MFSD9	2	6.8702e-07	0.00134111041	110291	147
MGAT4A	2	1.6969999999999998e-06	3.57279e-05	107929	3
MGAT5	2	2.3586e-06	0.0	111091	0
MGC10955	2	0.0	0.0	113300	0
MITD1	2	8.146899999999999e-07	2.6429240000000004e-05	110558	2
MLPH	2	1.7506e-06	0.00013383066	109097	14
MLTK	2	2.1064e-06	9.776374e-05	109194	10
MMADHC	2	1.0238e-06	6.16534e-05	111876	6
MOB1A	2	3.9866999999999996e-07	0.0	101240	0
MOB4	2	5.455699999999999e-07	0.0	103858	0
MOGAT1	2	7.762899999999999e-07	0.00118140381	105735	124
MOGS	2	2.0226e-06	0.00014186214	108582	15
MORN2	2	8.752100000000001e-08	1.63463e-05	60671	0
MPHOSPH10	2	1.6687e-06	2.976973e-05	106535	3
MPP4	2	2.0293e-06	0.00051070563	102648	52
MPV17	2	5.1283e-07	9.684121999999999e-05	109325	10
MREG	2	7.1247e-07	6.244159000000001e-05	110453	6
MROH2A	2	3.8551e-06	0.0	109993	0
MRPL19	2	7.6652e-07	3.545058e-05	102288	3
MRPL30	2	3.0584e-07	8.79291e-06	109317	0
MRPL30	2	2.4252e-07	8.79291e-06	109317	0
MRPL33	2	2.8301e-07	0.0	110491	0
MRPL35	2	4.89e-07	2.641533e-05	110422	2
MRPL44	2	5.2069e-07	5.337054e-05	111033	5
MRPL53	2	1.6184999999999998e-07	8.834389999999999e-06	111570	0
MRPS5	2	1.2963e-06	3.5474650000000004e-05	108244	3
MRPS9	2	1.4932e-06	6.374171e-05	108873	6
MSGN1	2	1.7267e-07	0.0	110274	0
MSH2	2	2.4850999999999997e-06	5.2827240000000004e-05	109999	5
MSH6	2	3.4177e-06	0.00011788515	110861	13
MSTN	2	8.132300000000001e-07	8.90092e-06	112745	1
MTA3	2	1.3296000000000002e-06	3.59752e-05	103372	3
MTERFD2	2	7.5663e-07	0.00021983027999999998	111058	24
MTHFD2	2	9.425e-07	8.82893e-06	108992	0
MTIF2	2	1.7763999999999998e-06	0.00029293651	110296	32
MTX2	2	7.4058e-07	2.7352990000000003e-05	104790	2
MXD1	2	7.2381e-07	8.79446e-06	109083	0
MYCN	2	6.7862e-07	0.0	107710	0
MYEOV2	2	3.8792e-07	4.412103e-05	108204	4
MYL1	2	4.725e-07	8.796160000000001e-06	109300	0
MYO1B	2	4.0989e-06	0.00024796884	109803	27
MYO3B	2	4.2833999999999995e-06	0.00047948324	111361	53
MYO7B	2	5.670800000000001e-06	0.00094105754	104645	98
MYT1L	2	2.7049e-06	0.0	107510	0
MZT2A	2	1.2267e-07	5.384993e-05	109079	5
MZT2B	2	1.6027999999999998e-07	8.944700000000001e-06	106665	0
NAB1	2	1.1548e-06	2.6756259999999997e-05	110032	2
NABP1	2	5.141e-07	8.180448e-05	107144	8
NAGK	2	9.7868e-07	0.00021175234	109075	23
NAT8	2	0.0	0.0	110469	0
NBAS	2	7.4182e-06	0.0007582622	111921	84
NBEAL1	2	8.1538e-06	0.00072499045	96358	69
NCAPH	2	1.9623e-06	7.134876000000001e-05	109718	7
NCK2	2	6.1365e-07	8.82675e-06	105049	0
NCKAP1	2	3.5166000000000003e-06	0.0	106344	0
NCKAP5	2	4.0758e-06	9.91076e-05	106481	10
NCL	2	2.3359e-06	8.81181e-06	110288	0
NCOA1	2	3.7119999999999998e-06	4.40721e-05	110952	4
NDUFA10	2	1.0259e-06	7.037488000000001e-05	108527	7
NDUFAF7	2	1.3374e-06	0.00023829567000000003	111636	26
NDUFB3	2	1.5709e-07	0.00020312456000000001	110465	22
NDUFS1	2	2.1729e-06	0.00020376715	112005	22
NEB	2	2.0512e-05	0.00172008486	105977	182
NEU2	2	6.4985e-07	5.6177869999999994e-05	108227	6
NEU4	2	5.324300000000001e-07	8.703950999999999e-05	100142	8
NEUROD1	2	3.9713999999999997e-07	0.0	113453	0
NFE2L2	2	1.0734e-06	3.546071e-05	109945	3
NFU1	2	5.801e-07	6.283008000000001e-05	106503	6
NGEF	2	1.532e-06	2.642758e-05	108790	2
NHEJ1	2	9.835e-07	2.655527e-05	110015	2
NIF3L1	2	1.128e-06	0.00018563558999999997	110017	20
NIFK	2	8.054e-07	6.192703000000001e-05	109721	6
NLRC4	2	1.8543e-06	0.0005391906299999999	111926	60
NMI	2	7.2359e-07	0.00010096045	108364	10
NMS	2	8.065899999999999e-07	0.00026309516	111298	29
NMUR1	2	6.5631e-07	5.727183000000001e-05	110156	6
NOL10	2	2.3543e-06	1.7657929999999998e-05	97489	1
NOP58	2	1.6397e-06	8.020792e-05	107445	8
NOSTRIN	2	1.6795e-06	0.00019672874	110182	21
NOTO	2	4.2568999999999994e-07	0.0	85748	0
NPAS2	2	2.1783e-06	8.90409e-06	110779	0
NPHP1	2	2.1609e-06	0.00012372831	111999	13
NPPC	2	1.6047e-07	2.2974020000000002e-05	100581	2
NR4A2	2	1.1158e-06	0.0	110010	0
NRBP1	2	1.8522999999999998e-06	0.0	110484	0
NRP2	2	2.4175e-06	7.047493e-05	112450	7
NRXN1	2	3.7755e-06	3.920017e-05	104966	4
NT5C1B	2	1.2712e-06	0.05001541392	109299	5466
NT5C1B-RDH14	2	1.3161000000000002e-06	0.05001541392	109845	5493
NT5DC4	2	1.2438e-06	0.0	111508	0
NTSR2	2	4.8712e-07	8.81881e-06	102075	0
NUP35	2	9.198100000000001e-07	3.540133e-05	109942	3
NXPH2	2	4.3566e-07	0.0	109854	0
NYAP2	2	1.5632e-06	8.015189000000001e-05	105880	8
OBSL1	2	4.097e-06	0.00342086201	105699	361
ODC1	2	8.1204e-07	1.758443e-05	111906	1
OLA1	2	1.0276000000000001e-06	3.672262e-05	109495	4
OR6B2	2	2.2468000000000002e-07	1.15818e-05	107328	1
OR6B3	2	1.6958e-07	4.429222e-05	104601	4
ORC2	2	1.6282e-06	8.93495e-06	107889	0
ORC4	2	1.4088e-06	0.0001486146	110570	16
ORMDL1	2	2.2871e-07	8.80065e-06	108386	0
OSBPL6	2	3.0370999999999997e-06	7.084238e-05	110414	7
OSGEPL1	2	7.464399999999999e-07	4.5040379999999995e-05	108879	4
OSR1	2	3.1793000000000004e-07	0.0	112431	0
OST4	2	3.9947e-08	0.0	111101	0
OTOF	2	5.6485e-06	0.00164745704	108917	179
OTOS	2	1.734e-07	1.769451e-05	102219	1
OTX1	2	4.5978e-07	8.844389999999999e-06	107588	0
OXER1	2	1.2726e-07	4.402558e-05	105459	4
PAIP2B	2	3.9597e-07	5.789276e-05	105010	6
PAPOLG	2	2.3883e-06	0.00011068268999999999	109262	12
PARD3B	2	3.0255e-06	0.0001426182	108817	15
PASK	2	2.8893e-06	0.00292060761	111863	326
PAX3	2	1.3781e-06	3.5489e-05	109592	3
PAX8	2	1.3828e-06	0.0	105771	0
PCBP1	2	3.3396999999999997e-07	0.0	108237	0
PCDP1	2	2.5699e-06	0.00012937417999999998	110668	14
PCGF1	2	9.1146e-07	0.0	106835	0
PCYOX1	2	1.0925e-06	0.00033490501000000005	110076	36
PDCD1	2	4.105e-07	1.9803929999999997e-05	102882	2
PDCL3	2	4.8855e-07	7.956381e-05	110738	8
PDE11A	2	2.5222e-06	0.005322005239999999	110766	589
PDE1A	2	1.4813e-06	4.5893459999999994e-05	108576	4
PDE6D	2	5.9914e-07	8.813989999999998e-06	111013	0
PDIA6	2	1.2173e-06	4.202746e-05	107647	4
PDK1	2	1.3168e-06	0.00020246532	110350	22
PECR	2	8.959399999999999e-07	7.039849e-05	112691	7
PELI1	2	8.606399999999999e-07	0.0015098388	111040	167
PER2	2	2.7572000000000005e-06	5.275420999999999e-05	110524	5
PEX13	2	8.3819e-07	3.520446e-05	113252	3
PFN4	2	4.8103e-07	3.519759e-05	109003	3
PGAP1	2	2.4389e-06	0.00016355624	106582	17
PHOSPHO2	2	3.6241e-07	4.406005999999999e-05	111531	4
PID1	2	4.5479999999999997e-07	0.0	112144	0
PIGF	2	3.9306999999999996e-07	0.00012919355	103802	13
PIKFYVE	2	7.1123000000000005e-06	0.00022028943	112547	24
PKDCC	2	8.2676e-07	4.4533869999999995e-05	106585	4
PKP4	2	4.0137e-06	0.00018589128	110473	20
PLA2R1	2	4.0007e-06	0.00057428615	111179	63
PLB1	2	5.318e-06	0.0025382629	111425	282
PLCD4	2	2.1232e-06	0.00029791037999999997	108357	32
PLCL1	2	2.295e-06	5.3064e-05	111281	5
PLEK	2	8.496099999999999e-07	8.832348e-05	112169	9
PLEKHA3	2	9.7364e-07	3.52532e-05	110079	3
PLEKHB2	2	9.8905e-07	0.00110162896	110055	121
PLEKHH2	2	4.4315e-06	0.00049682631	109623	54
PLEKHM3	2	2.3473e-06	8.851933000000001e-05	110731	9
PMS1	2	2.2497e-06	0.00031943006000000003	111120	35
PNKD	2	9.185700000000001e-07	0.00020095143	108815	21
PNO1	2	5.000899999999999e-07	3.8996290000000004e-05	108392	4
PNPT1	2	2.5574000000000003e-06	8.085623e-05	109030	8
POLE4	2	2.5878e-07	6.583069999999999e-05	101690	6
POLR1A	2	5.4642999999999995e-06	0.00011486586000000001	110360	12
POLR1B	2	2.745e-06	2.6419580000000002e-05	110238	2
POLR2D	2	3.6111999999999994e-07	1.7605970000000002e-05	103639	1
POMC	2	4.9722e-07	0.0006085546	102211	62
POTEE	2	6.570900000000001e-07	8.811660000000001e-06	105529	0
POTEF	2	8.3178e-07	5.488005e-05	103948	5
POTEI	2	3.8933999999999996e-07	0.00019583547	103383	20
POTEJ	2	6.9053e-07	7.24944e-05	97574	7
POU3F3	2	3.0413e-07	0.0	100067	0
PPIG	2	2.5938e-06	3.566461e-05	108580	3
PPIL3	2	4.0268999999999996e-07	0.0	110094	0
PPM1B	2	1.1551e-06	8.218566999999999e-05	108404	8
PPM1G	2	1.6792e-06	1.759914e-05	110439	1
PPP1CB	2	1.2969999999999998e-06	0.0	107476	0
PPP1R1C	2	2.9822e-07	7.648935e-05	104210	7
PPP1R21	2	2.7714999999999996e-06	0.00021509197	108852	23
PPP1R7	2	1.0049e-06	8.7909e-06	108008	0
PPP3R1	2	4.8262e-07	2.02257e-05	101248	2
PQLC3	2	4.5281999999999995e-07	0.0001028577	109443	11
PRADC1	2	5.468899999999999e-07	7.915139e-05	112565	8
PREB	2	1.1529e-06	5.302727e-05	111101	5
PREPL	2	1.6968e-06	0.00044149162000000004	110446	48
PRKAG3	2	1.1469e-06	0.00028216062999999997	110500	31
PRKCE	2	1.9547e-06	1.793529e-05	108981	1
PRKD3	2	2.3793000000000002e-06	0.00296808563	110754	328
PRKRA	2	5.8684e-07	1.7663120000000002e-05	108771	1
PRLH	2	5.6313e-08	0.0	100514	0
PROC	2	1.103e-06	2.1049450000000002e-05	110756	2
PROKR1	2	3.9338e-07	0.00018567447	113295	21
PROM2	2	2.2771e-06	0.00015882692	107045	17
PRPF40A	2	2.9061e-06	9.692292e-05	100706	9
PRR21	2	0.0	0.0	104601	0
PRSS56	2	1.2913e-06	0.0	112535	0
PSD4	2	2.3634e-06	8.863361999999999e-05	109847	9
PSMD1	2	2.8982e-06	0.0	109052	0
PSMD14	2	6.756e-07	0.0	101972	0
PSME4	2	6.7037e-06	6.216897e-05	110150	6
PTCD3	2	2.3833e-06	0.00032925803	110962	36
PTH2R	2	1.5147e-06	0.021443784610000002	108357	2323
PTMA	2	2.6361e-07	0.0	105213	0
PTPN18	2	1.413e-06	0.00010563502	111409	11
PTPN4	2	3.6151e-06	8.717528e-05	106405	9
PTPRN	2	2.1313e-06	8.844972e-05	109953	9
PTRHD1	2	2.2401999999999996e-07	8.046482e-05	110585	8
PUM2	2	2.9035000000000002e-06	4.513237e-05	110378	4
PUS10	2	1.7506e-06	0.058174830889999994	109971	6397
PXDN	2	3.2519e-06	0.00014249388	105700	15
QPCT	2	1.2006e-06	0.00110867683	109568	121
R3HDM1	2	2.9439999999999997e-06	5.36655e-05	110265	5
RAB10	2	6.1364e-07	0.0	109057	0
RAB11FIP5	2	1e-06	4.4260280000000006e-05	106538	4
RAB17	2	3.4796e-07	0.0	109274	0
RAB1A	2	5.064999999999999e-07	9.87791e-06	98149	0
RAB3GAP1	2	3.3627e-06	0.00024647006	112417	27
RAB6C	2	0.0	0.0	108370	0
RABL2A	2	5.0788e-07	0.00016168623	106979	17
RAD51AP2	2	1.7726e-06	0.0002733472	108626	29
RALB	2	4.4476000000000007e-07	3.520744e-05	108273	3
RAMP1	2	2.39e-07	8.83049e-06	108937	0
RANBP2	2	6.9103e-06	5.329893e-05	110499	5
RAPGEF4	2	3.9731e-06	0.00011503226999999998	110299	12
RAPH1	2	2.4856e-06	3.5799040000000003e-05	107953	3
RASGRP3	2	1.5199e-06	9.098566999999999e-05	105163	9
RBKS	2	5.651899999999999e-07	0.00974586762	109316	1065
RBM43	2	2.3375e-07	9.30354e-06	110709	1
RBM44	2	1.7853e-06	0.00032877483999999994	102051	33
RBM45	2	1.7351e-06	0.00020989682999999996	108457	22
RBMS1	2	1.3369999999999999e-06	1.767815e-05	110466	1
RDH14	2	2.823e-07	3.5264629999999996e-05	110421	3
REEP1	2	6.4705e-07	0.0	111632	0
REG1A	2	3.9601999999999997e-07	2.643982e-05	112276	2
REG1B	2	4.947100000000001e-07	7.056687e-05	110890	7
REG3A	2	3.8641999999999994e-07	2.6528e-05	111956	2
REG3G	2	3.8244e-07	0.00047629244000000004	111902	53
REL	2	1.4862e-06	1.766938e-05	108441	1
RESP18	2	4.8668e-07	0.0010335758	60856	62
RETSAT	2	1.911e-06	0.0020797307	111997	232
REV1	2	3.2574e-06	5.3354519999999993e-05	108733	5
RFTN2	2	1.0609999999999999e-06	4.431494000000001e-05	108685	4
RFX8	2	1.243e-06	0.015818983300000002	60922	963
RGPD1	2	3.1408e-07	0.0	93124	0
RGPD2	2	2.9609e-07	4.400262e-05	92103	4
RGPD3	2	2.3465e-06	0.00913320747	105899	967
RGPD4	2	2.4044e-06	0.00088645843	103544	91
RGPD8	2	9.9143e-07	0.00051162655	98782	50
RHBDD1	2	6.1647e-07	7.07721e-05	111262	7
RHOB	2	2.3059e-07	0.0	107123	0
RHOQ	2	5.372100000000001e-07	1.78377e-05	104004	1
RIF1	2	5.1463999999999995e-06	8.84721e-06	109942	0
RMDN2	2	1.3779e-06	0.00085615931	111477	95
RMND5A	2	9.366e-07	2.65308e-05	107651	2
RNASEH1	2	8.5014e-07	5.277590999999999e-05	109809	5
RND3	2	4.4590000000000004e-07	0.0	110529	0
RNF103	2	1.5903e-06	1.762178e-05	112025	1
RNF103-CHMP3	2	7.376e-07	4.479419e-05	109879	4
RNF144A	2	9.5752e-07	8.80887e-06	112558	0
RNF149	2	8.0654e-07	3.615632e-05	107563	3
RNF181	2	5.9908e-07	3.537588e-05	111786	3
RNF25	2	1.8251e-06	2.9010609999999997e-05	111150	3
RNPEPL1	2	1.0799e-06	4.4407390000000004e-05	105091	4
ROCK2	2	4.6756e-06	3.6531740000000004e-05	105585	3
RP11-724O16.1	2	1.4117e-06	0.00025626990000000003	111971	28
RP13-512J5.1	2	9.335000000000001e-08	0.0	113002	0
RPE	2	5.2722e-07	0.00013192676	111265	14
RPIA	2	1.0688e-06	4.483022e-05	106947	4
RPL31	2	3.5253999999999995e-07	0.0	109686	0
RPL37A	2	3.2413000000000003e-07	8.79755e-06	111524	0
RPRM	2	8.651699999999999e-08	1.76103e-05	104755	1
RPS27A	2	4.046e-07	0.0	110812	0
RPS7	2	4.834e-07	0.0	110175	0
RQCD1	2	9.5986e-07	8.807e-06	109057	0
RRM2	2	1.0373e-06	8.7909e-06	105067	0
RSAD2	2	6.2122e-07	7.950082e-05	111983	8
RTKN	2	1.5639e-06	0.00016793383	109944	18
RTN4	2	1.6183e-06	5.33549e-05	105593	5
RUFY4	2	1.2646e-06	0.00032379531000000005	95384	30
SAG	2	1.2306000000000001e-06	0.0002529977	106336	26
SAP130	2	2.7579000000000003e-06	1.76894e-05	107814	1
SATB2	2	1.7871e-06	0.0	111015	0
SCG2	2	1.0992e-06	2.6401900000000002e-05	112545	2
SCLY	2	1.0729000000000001e-06	0.00011517819	106252	12
SCN1A	2	5.6423e-06	1.7687079999999997e-05	111849	1
SCN2A	2	4.6768e-06	1.763592e-05	111257	1
SCN3A	2	4.7618e-06	4.4685990000000005e-05	112236	5
SCN7A	2	2.9982e-06	0.017225146740000002	102526	1766
SCN9A	2	4.2404e-06	0.00044702264000000003	106198	47
SCRN3	2	8.249799999999999e-07	0.00110677737	107593	119
SCTR	2	1.2997e-06	0.00046811692000000004	110618	51
SDC1	2	5.5404e-07	4.457741e-05	110119	4
SDPR	2	7.3569e-07	6.17439e-05	111895	6
SEMA4C	2	1.8533000000000001e-06	0.000107452	107828	11
SEMA4F	2	2.3967e-06	0.00033447818	111895	37
SEPT10	2	1.0867000000000001e-06	5.444772e-05	106473	5
SEPT2	2	1.0653e-06	8.79105e-06	109385	0
SERPINE2	2	8.2446e-07	1.7609520000000003e-05	110207	1
SERTAD2	2	3.8217e-07	0.0	112448	0
SESTD1	2	2.2696000000000003e-06	1.787324e-05	108508	1
SF3B1	2	4.2397e-06	9.071280000000001e-06	109093	0
SF3B14	2	3.5976e-07	0.0	111100	0
SFT2D3	2	5.1674e-08	0.0	105668	0
SFTPB	2	1.2058e-06	9.447257e-05	106284	10
SFXN5	2	1.2048999999999999e-06	0.00020367272	106819	21
SGOL2	2	1.9075999999999997e-06	9.948346e-05	108070	10
SGPP2	2	5.298300000000001e-07	2.6411630000000002e-05	111571	2
SH2D6	2	4.0995e-07	8.040366999999999e-05	106421	8
SH3BP4	2	1.5252e-06	3.533462e-05	111534	3
SH3RF3	2	1.2572e-06	1.32097e-05	105629	1
SH3YL1	2	1.0748e-06	0.00050425951	99857	50
SIX2	2	3.9593e-07	0.0	111827	0
SIX3	2	4.0079000000000003e-07	0.0	98354	0
SLC11A1	2	1.5725e-06	0.00018222217	108489	19
SLC16A14	2	7.649899999999999e-07	8.011422e-05	110645	8
SLC19A3	2	7.656699999999999e-07	2.65111e-05	113028	2
SLC1A4	2	7.990000000000001e-07	0.00013219778999999998	108461	14
SLC20A1	2	1.702e-06	5.3853140000000004e-05	111490	6
SLC23A3	2	1.8356999999999998e-06	0.00014174892	109404	15
SLC25A12	2	2.1204e-06	6.158222e-05	112519	6
SLC30A3	2	7.9757e-07	8.94262e-06	106821	0
SLC30A6	2	1.9487e-06	9.015313e-05	110441	9
SLC35F5	2	1.5341999999999999e-06	0.00011537668	107814	12
SLC35F6	2	6.4485e-07	3.536098e-05	108248	3
SLC38A11	2	7.959000000000001e-07	0.00011681344	109913	12
SLC39A10	2	1.3043000000000002e-06	0.0001396861	109152	15
SLC3A1	2	1.3418e-06	0.0004934015	111469	54
SLC40A1	2	1.6735e-06	2.641282e-05	112202	2
SLC4A10	2	3.0332e-06	5.476115e-05	102341	5
SLC4A1AP	2	1.8022999999999999e-06	0.00022174517000000002	109585	24
SLC4A3	2	2.8477e-06	7.223694e-05	107756	7
SLC4A5	2	2.558e-06	0.00033340111000000004	111428	37
SLC5A6	2	1.7494e-06	2.65089e-05	110770	2
SLC5A7	2	1.3583000000000002e-06	6.168216e-05	111767	6
SLC8A1	2	1.6456e-06	3.573873e-05	109987	3
SLC9A2	2	2.5623e-06	9.040514000000001e-05	109863	9
SLC9A4	2	1.5518000000000001e-06	0.00016736814999999998	111867	18
SMARCAL1	2	2.0622999999999997e-06	0.00025565781	111911	28
SMC6	2	3.7574000000000002e-06	0.00011691701	107463	12
SMEK2	2	1.9468e-06	8.625979999999999e-05	107735	9
SMPD4	2	2.2463999999999998e-06	0.00023248333	103943	24
SMYD1	2	9.5536e-07	4.558076e-05	109809	5
SMYD5	2	1.1593e-06	3.526651e-05	111141	3
SNED1	2	3.555e-06	9.666341999999998e-05	101533	9
SNRNP200	2	7.030599999999999e-06	1.758582e-05	112768	1
SNRNP27	2	1.1772e-06	0.00016343392	110529	18
SNRPG	2	3.2303000000000005e-07	0.0	110528	0
SNTG2	2	1.5447999999999998e-06	0.00019581428	104660	20
SNX17	2	1.4875e-06	5.2868310000000004e-05	110958	5
SOCS5	2	1.145e-06	1.771511e-05	112118	1
SOS1	2	4.8724e-06	0.00023903825000000001	110457	26
SOWAHC	2	4.806399999999999e-07	0.0	106426	0
SOX11	2	4.6329999999999997e-07	0.0	92262	0
SP100	2	2.9908e-06	0.00371083027	110046	408
SP110	2	2.2073e-06	0.00014983892	112350	16
SP140	2	2.5395e-06	0.00017328933999999997	108928	18
SP140L	2	1.7137e-06	0.00060415855	105019	63
SP3	2	1.6443999999999999e-06	0.0	107818	0
SP5	2	4.5647e-07	1.01311e-05	99868	1
SP9	2	3.8646000000000003e-07	0.0	69958	0
SPAG16	2	1.7061e-06	0.00048569608	107912	52
SPAST	2	1.7953e-06	2.6436909999999998e-05	108098	2
SPATA3	2	3.6567e-07	3.26993e-05	61045	1
SPATS2L	2	1.1006e-06	2.251203e-05	103572	2
SPC25	2	9.527899999999999e-07	3.13044e-05	108113	3
SPDYA	2	7.287699999999999e-07	8.894739999999999e-06	108914	0
SPEG	2	7.163e-06	0.00012345365	106925	13
SPHKAP	2	3.2529000000000002e-06	6.173925999999999e-05	111834	6
SPOPL	2	1.4508000000000002e-06	3.615921e-05	110402	3
SPP2	2	5.352399999999999e-07	0.00018489862	112964	20
SPR	2	3.7397e-07	7.912822e-05	111740	8
SPRED2	2	1.1031999999999999e-06	0.00017173573	109088	18
SPTBN1	2	6.054e-06	8.91631e-06	110965	0
SRBD1	2	2.7227999999999996e-06	0.00053351785	110367	58
SRSF7	2	1.5616999999999998e-06	0.0	109515	0
SSB	2	9.166200000000001e-07	2.6481679999999996e-05	109853	2
SSFA2	2	2.8272000000000002e-06	0.00016758620999999998	110525	18
ST3GAL5	2	1.0918e-06	0.00010557505	110606	11
ST6GAL2	2	8.9447e-07	7.292972e-05	108536	7
STAM2	2	1.1903e-06	9.153344000000001e-05	109586	10
STAMBP	2	1.4381999999999998e-06	4.448897e-05	111330	4
STARD7	2	8.866400000000001e-07	9.78742e-06	106253	1
STAT1	2	2.3011000000000003e-06	8.797710000000001e-06	112588	0
STAT4	2	2.3931e-06	6.233854000000001e-05	109944	6
STEAP3	2	6.994700000000001e-07	0.00016718621	108882	18
STK11IP	2	3.5626e-06	0.0005555532599999999	101933	56
STK16	2	9.8344e-07	9.720315000000001e-05	110466	10
STK17B	2	9.070799999999999e-07	3.711953e-05	104438	3
STK25	2	1.389e-06	2.647563e-05	108663	2
STK36	2	3.5131e-06	0.00050373799	111971	56
STK39	2	1.7844e-06	8.86949e-06	110267	0
STON1	2	1.3505e-06	0.00010326044	104646	10
STON1-GTF2A1L	2	2.251e-06	0.00026964093	105010	28
STRADB	2	1.054e-06	0.00010569716999999999	111725	11
STRN	2	2.4736000000000003e-06	2.6520229999999996e-05	107767	2
SUCLG1	2	8.1082e-07	8.798776e-05	109436	9
SULT1C2	2	9.8288e-07	0.00014962809	111393	16
SULT1C3	2	6.0425e-07	0.018977394140000003	106880	2028
SULT1C4	2	5.9464e-07	0.008368972790000002	104560	875
SULT6B1	2	6.6442e-07	0.00019727906000000002	108282	21
SUMO1	2	2.7079e-07	0.0	99945	0
SUPT7L	2	7.513400000000001e-07	1.786185e-05	110690	1
TACR1	2	7.808499999999999e-07	5.35395e-05	110805	5
TAF1B	2	1.7086e-06	0.00020922864	108885	22
TANC1	2	4.215e-06	0.00018976154	111247	21
TANK	2	9.6989e-07	8.597482e-05	108866	9
TBC1D8	2	3.4895999999999996e-06	0.00034639887000000003	109509	37
TBR1	2	1.119e-06	0.0	105489	0
TCF23	2	4.8698e-07	4.47879e-05	105076	4
TCF7L1	2	1.2051000000000001e-06	1.785066e-05	107919	1
TEKT4	2	1.0443000000000001e-06	0.00049629177	106690	52
TET3	2	2.7077999999999997e-06	0.0	106604	0
TEX261	2	4.4558e-07	0.0001370083	102869	14
TEX37	2	1.9163e-07	8.85598e-06	112146	0
TFCP2L1	2	1.9083e-06	0.0	110932	0
TFPI	2	9.9165e-07	3.916885e-05	106398	4
TGFA	2	4.4918999999999996e-07	0.0	107147	0
TGFBRAP1	2	1.7452e-06	7.949402e-05	111185	8
TGOLN2	2	5.486999999999999e-07	0.00018505762999999998	104189	19
THADA	2	4.3733999999999995e-06	0.00074542656	105267	78
THAP4	2	1.1479e-06	3.529788e-05	103866	3
THNSL2	2	8.9213e-07	0.00015940163000000002	108057	17
THSD7B	2	5.1033e-06	0.00030570971	108548	33
THUMPD2	2	9.5023e-07	0.00013349253999999999	105905	14
TIA1	2	1.6055000000000001e-06	5.283977e-05	109305	5
TIGD1	2	5.4942e-07	0.0	110061	0
TLK1	2	2.4374e-06	1.81587e-05	106236	1
TLX2	2	3.2954e-07	1.3153699999999999e-05	106311	1
TM4SF20	2	2.9424e-07	0.00013215221000000002	111968	14
TMBIM1	2	1.1502e-06	9.888299000000001e-05	110266	10
TMEFF2	2	1.2915e-06	8.040894e-05	109908	8
TMEM127	2	3.4054e-07	4.3951940000000005e-05	110682	4
TMEM131	2	4.7812e-06	9.719941999999999e-05	106922	10
TMEM150A	2	6.672700000000001e-07	3.5365300000000005e-05	111427	3
TMEM163	2	4.5626999999999994e-07	4.4081409999999995e-05	111930	4
TMEM169	2	6.1099e-07	1.7782170000000002e-05	110078	1
TMEM17	2	3.0288e-07	8.83751e-06	107327	0
TMEM177	2	3.0942e-07	2.639204e-05	112959	2
TMEM178A	2	7.917300000000001e-07	8.934789999999999e-06	105838	0
TMEM18	2	4.2426e-07	0.00020611729	103971	21
TMEM182	2	5.806899999999999e-07	2.644758e-05	111218	2
TMEM185B	2	6.099e-07	0.0	65807	0
TMEM194B	2	1.1097e-06	6.61667e-05	73571	4
TMEM198	2	9.106999999999999e-07	1.881205e-05	104645	1
TMEM214	2	1.9681e-06	7.065271e-05	111820	7
TMEM237	2	1.3180000000000001e-06	0.00028847857999999996	102966	29
TMEM247	2	3.2299e-07	0.0001654747	60648	10
TMEM37	2	2.019e-07	4.436212e-05	111876	4
TMEM87B	2	1.39e-06	0.00015719403	107704	16
TMSB10	2	6.0084e-08	0.0	107771	0
TNFAIP6	2	6.9327e-07	0.00023088376	109958	25
TNP1	2	2.0155999999999999e-07	0.0	113458	0
TNS1	2	4.1045e-06	5.343566e-05	107918	5
TP53I3	2	7.3527e-07	0.00280875859	110807	311
TPO	2	2.2607e-06	0.00021139367999999998	109621	23
TPRKB	2	2.8904e-07	2.9067220000000003e-05	102861	2
TRABD2A	2	1.0282e-06	6.352537e-05	104708	6
TRAF3IP1	2	2.0586e-06	6.536148e-05	106242	6
TRAK2	2	3.141e-06	0.0011742802699999998	111391	130
TRAPPC12	2	1.5246e-06	0.00016786634999999998	105998	17
TRIB2	2	7.02e-07	0.0	111064	0
TRIM43	2	4.8128e-07	4.428577e-05	106404	4
TRIM54	2	9.271799999999999e-07	0.00035639364000000003	109609	39
TRIP12	2	5.687899999999999e-06	0.0	110475	0
TRMT61B	2	1.1491e-06	0.0001965993	109359	21
TRPM8	2	3.4011e-06	0.00040697451	110680	45
TSGA10	2	2.8531e-06	0.00033320287000000005	108238	36
TSN	2	8.7556e-07	9.14813e-06	108923	0
TSPYL6	2	0.0	0.0	112176	0
TSSC1	2	9.7511e-07	7.925866e-05	108140	8
TTC21B	2	3.9321e-06	0.0006017139	112004	67
TTC27	2	2.573e-06	0.00044373807	111333	49
TTC30A	2	1.0403e-06	8.302053e-05	107228	8
TTC30B	2	9.953200000000002e-07	5.5368030000000005e-05	109238	6
TTC31	2	1.3723e-06	0.00022248173999999998	106950	23
TTC32	2	2.5231999999999997e-07	1.876154e-05	109579	2
TTC7A	2	2.3042e-06	0.00024731632999999996	111315	27
TTL	2	7.9211e-07	3.590398e-05	109520	3
TTLL4	2	3.451e-06	0.00075125668	112483	84
TTN	2	7.6295e-05	0.00445745652	109890	489
TUBA3D	2	6.799299999999999e-07	0.00011639222	111517	12
TUBA3E	2	7.335300000000001e-07	0.00020484723000000003	109546	22
TUBA4A	2	8.1137e-07	8.798789999999999e-06	109545	0
TWIST2	2	1.0617e-07	0.0	77094	0
TXNDC9	2	3.7919000000000005e-07	8.79415e-06	108884	0
TYW5	2	1.1994e-06	0.00021422682999999997	108544	23
UBE2E3	2	4.4641999999999994e-07	8.84596e-06	109183	0
UBE2F	2	5.2994e-07	0.0	110713	0
UBR3	2	4.5153e-06	4.491334e-05	99017	4
UBXN2A	2	5.0846e-07	6.220332e-05	107784	6
UBXN4	2	1.3924e-06	4.4314099999999996e-05	107753	4
UCN	2	6.7893e-08	0.0	109073	0
UGGT1	2	4.4411000000000006e-06	0.00022191267000000003	111038	24
UGP2	2	8.663899999999999e-07	7.945546e-05	108302	8
UGT1A1	2	8.194700000000001e-07	8.921205e-05	111660	9
UGT1A10	2	1.1237000000000001e-06	0.0008383578599999999	112581	94
UGT1A3	2	9.305400000000001e-07	0.00016789276000000002	111795	18
UGT1A4	2	9.2929e-07	0.00014128181	112208	15
UGT1A5	2	9.192499999999999e-07	9.733405e-05	112373	10
UGT1A6	2	1.0998e-06	5.338998000000001e-05	112483	6
UGT1A7	2	1.1793e-06	0.00026587248	112524	29
UGT1A8	2	9.305400000000001e-07	0.00016789276000000002	111795	18
UGT1A9	2	1.1084e-06	0.00010645575000000001	112543	11
UNC50	2	8.709100000000001e-07	7.962758e-05	107485	8
UNC80	2	1.0025e-05	0.0003122372	70180	21
UPP2	2	7.8316e-07	5.325441e-05	110808	5
USP34	2	1.0914000000000001e-05	0.00015259538999999999	108369	16
USP37	2	2.9066000000000003e-06	3.5824640000000005e-05	109711	3
USP39	2	1.4791e-06	6.43718e-05	105657	6
USP40	2	3.2443e-06	0.00033718480000000003	103159	34
UXS1	2	1.3386000000000002e-06	6.618489000000001e-05	102934	6
VAMP5	2	1.6659000000000004e-07	0.00017603353999999998	111641	19
VAMP8	2	2.8043000000000003e-07	8.79214e-06	99852	0
VAX2	2	2.5973e-07	0.0	107565	0
VIL1	2	2.3091e-06	0.00019484807	111566	21
VIT	2	1.8156999999999998e-06	0.0127599502	111006	1416
VPS54	2	2.5584e-06	2.7041090000000004e-05	108528	2
VRK2	2	1.4125999999999998e-06	0.00021477528	109639	23
VSNL1	2	7.778e-07	8.79136e-06	112636	0
VWA3B	2	3.5725e-06	0.048057691730000004	109675	5270
VWC2L	2	5.7547e-07	8.869810000000002e-06	111684	0
WBP1	2	9.400200000000001e-07	3.520465e-05	108944	3
WDFY1	2	1.0323e-06	3.640575e-05	107852	3
WDPCP	2	2.0973e-06	0.00028060507	108337	30
WDR12	2	1.4500999999999999e-06	6.167496e-05	111268	6
WDR33	2	5.3160000000000004e-06	2.6483720000000003e-05	106862	2
WDR35	2	3.9812e-06	0.0007452367500000001	111429	83
WDR43	2	1.8577e-06	0.00011483433999999999	102548	11
WDR54	2	1.0941e-06	0.00017180633000000002	109739	18
WDR75	2	2.2728e-06	0.00012388018	107743	13
WDR92	2	1.0059e-06	9.706475e-05	109148	10
WDSUB1	2	1.0026000000000002e-06	0.00060328608	109213	65
WIPF1	2	9.4587e-07	0.0	108830	0
WNT10A	2	9.501600000000001e-07	0.00141541169	103663	146
WNT6	2	6.0978e-07	0.0	96408	0
XDH	2	3.5000999999999997e-06	0.0012457334300000002	111702	139
XIRP2	2	6.2715e-06	0.00152633136	111589	170
XPO1	2	2.9679e-06	0.0	107902	0
XRCC5	2	2.2961000000000003e-06	8.79523e-06	110365	0
YIPF4	2	5.788399999999999e-07	1.7952370000000002e-05	103373	1
YPEL5	2	4.5921999999999995e-07	0.0	112378	0
YWHAQ	2	7.2941e-07	1.932514e-05	107342	2
ZAP70	2	1.4084e-06	1.847583e-05	108824	2
ZC3H15	2	9.539e-07	1.01537e-05	103510	1
ZC3H6	2	1.8581e-06	3.725428e-05	108254	4
ZC3H8	2	7.7002e-07	4.305140999999999e-05	102175	4
ZDBF2	2	1.9337000000000002e-06	0.00015120487	111402	16
ZEB2	2	2.5096e-06	0.0	112376	0
ZFAND2B	2	1.0159e-06	8.795341999999999e-05	112112	9
ZFP36L2	2	4.5632e-07	0.0	96821	0
ZNF142	2	3.6131e-06	0.00074579515	109907	81
ZNF2	2	1.0236e-06	4.4131769999999994e-05	112261	4
ZNF385B	2	1.0364e-06	6.216396e-05	111287	6
ZNF512	2	1.7175999999999999e-06	1.789645e-05	112184	2
ZNF513	2	1.1563e-06	0.0	110916	0
ZNF514	2	9.0868e-07	0.00026129572	111401	29
ZNF638	2	4.6636000000000005e-06	7.124073e-05	109918	7
ZNF804A	2	2.0976e-06	4.5070029999999996e-05	111470	5
ZRANB3	2	2.8908999999999997e-06	0.0013995761900000001	104466	146
ZSWIM2	2	1.218e-06	0.00022741526	108359	24
