SYMBOL	chromosome	mu_lof	AF_nfe	AN_nfe	NFE_k
A4GNT	3	4.4773999999999996e-07	0.0031820318	112515	358
AADAC	3	5.238800000000001e-07	2.677384e-05	108498	2
AADACL2	3	8.422e-07	0.00019393134	110221	21
ABCC5	3	4.309e-06	8.842978e-05	110584	9
ABCF3	3	2.1421e-06	0.00018714262	111249	20
ABHD10	3	1.0796e-06	0.00012451719	109372	13
ABHD14A	3	6.3178e-07	6.976556999999999e-05	105761	7
ABHD14A-ACY1	3	1.1713e-06	9.63369e-05	108388	10
ABHD14B	3	3.6608000000000006e-07	0.00019531879	108047	21
ABHD5	3	1.4963e-06	7.917997e-05	107587	8
ABHD6	3	8.166299999999999e-07	8.006092e-05	112085	8
ABI3BP	3	3.3227e-06	0.00027788421	104564	29
ABTB1	3	1.4347e-06	0.00623919914	107076	668
AC018816.3	3	3.1121e-07	0.0	106124	0
AC022498.1	3	0.0	0.0	60366	0
AC026202.1	3	1.4755000000000002e-07	3.40526e-05	85329	2
AC107021.1	3	0.0	0.0	111343	0
ACAA1	3	1.2079000000000001e-06	0.00011003521999999999	110155	12
ACAD11	3	2.3425e-06	0.014997342780000002	108800	1631
ACAD9	3	1.55e-06	0.00012418502	110767	13
ACAP2	3	3.0019e-06	5.3262480000000006e-05	108066	5
ACKR2	3	3.0817e-07	4.40432e-05	111851	4
ACKR4	3	5.748600000000001e-07	0.00011525627	111359	12
ACOX2	3	1.5706e-06	0.0001763657	111094	19
ACPL2	3	8.2572e-07	4.3983789999999997e-05	112247	4
ACPP	3	1.2227e-06	0.00030101376	111984	33
ACTL6A	3	1.1792e-06	8.84126e-06	108886	0
ACTR8	3	2.3583e-06	0.00022980486000000002	108305	24
ACTRT3	3	4.3839e-07	3.0562690000000004e-05	106801	3
ACVR2B	3	1.4916e-06	3.517614e-05	111744	3
ACY1	3	1.0118e-06	7.098392e-05	110591	7
ADAMTS9	3	6.5654e-06	0.00019070621	111202	21
ADCY5	3	2.6644e-06	8.79275e-06	109438	0
ADIPOQ	3	4.2078000000000004e-07	1.759171e-05	110705	1
ADPRH	3	6.477500000000001e-07	0.00481804112	111379	536
AGTR1	3	4.9786e-07	1.765069e-05	113157	1
AHSG	3	5.492899999999999e-07	0.00028253365	109737	31
ALAS1	3	1.5040000000000001e-06	3.556948e-05	111644	3
ALCAM	3	1.3737999999999999e-06	3.646737e-05	110804	4
ALDH1L1	3	2.2637e-06	0.00035195515	106686	37
ALG1L	3	2.6232e-07	3.6174120000000005e-05	109836	3
ALG3	3	1.0735e-06	0.00013442562	96614	12
ALS2CL	3	2.7116000000000004e-06	0.0021869550100000004	107981	236
AMIGO3	3	4.5516999999999997e-07	0.00012478118	111196	13
AMOTL2	3	2.1981e-06	7.160909e-05	108791	7
AMT	3	8.2656e-07	3.6305940000000004e-05	111431	4
ANAPC13	3	2.4350000000000003e-07	7.923494e-05	113384	8
ANKRD28	3	2.8033e-06	2.663878e-05	105054	2
ANKUB1	3	1.0409999999999999e-06	8.23286e-05	60446	4
ANO10	3	1.3747e-06	0.00019728887999999998	109736	21
AP2M1	3	1.5146e-06	8.99281e-06	109895	0
APEH	3	1.9971e-06	0.00012337064	109358	13
APOD	3	3.7259000000000003e-07	0.0	112789	0
APPL1	3	2.3973e-06	3.577761e-05	110222	3
ARF4	3	4.2901000000000005e-07	0.0	111401	0
ARGFX	3	1.9298999999999998e-07	4.49308e-05	110405	4
ARHGAP31	3	3.0054e-06	4.419348e-05	112320	4
ARHGEF26	3	2.0262e-06	9.291053e-05	106292	9
ARHGEF3	3	2.3023e-06	2.5348649999999997e-05	104622	2
ARIH2	3	2.0002e-06	0.0	109659	0
ARIH2OS	3	0.0	0.0	105482	0
ARL13B	3	1.2205e-06	7.983336999999999e-05	109122	8
ARL14	3	3.4579000000000003e-07	5.308158e-05	110169	5
ARL6	3	5.4698e-07	1.763671e-05	112697	1
ARL6IP5	3	2.0893e-07	1.760842e-05	106331	1
ARL8B	3	8.3634e-07	8.80607e-06	105702	0
ARMC8	3	2.5631e-06	0.0	110073	0
ARPC4	3	7.1889e-07	0.0	106661	0
ARPC4-TTLL3	3	1.6926e-06	0.0004962232900000001	108932	54
ARPP21	3	2.3172e-06	6.189474e-05	110607	6
ASB14	3	1.1594e-06	0.00016218983999999998	94997	15
ASTE1	3	1.2546e-06	0.0001238004	111485	13
ATG3	3	1.0222e-06	4.4000929999999996e-05	108094	4
ATG7	3	1.5635e-06	0.00037506833	109552	41
ATP11B	3	3.6319999999999997e-06	9.814783000000001e-05	107179	10
ATP13A3	3	3.0513999999999997e-06	3.1226779999999996e-05	109408	3
ATP13A4	3	3.1419999999999997e-06	0.00051090185	113266	57
ATP13A5	3	3.2254e-06	0.032920474229999996	111918	3684
ATP1B3	3	6.54e-07	3.7996640000000004e-05	104760	3
ATP2B2	3	2.5377000000000003e-06	0.0001759764	112102	19
ATP2C1	3	2.9794e-06	7.919354e-05	111678	8
ATP6V1A	3	1.9226e-06	3.529557e-05	110946	3
ATR	3	7.6969e-06	0.00021160485	111482	23
ATRIP	3	1.7299000000000002e-06	8.455040000000001e-05	109855	9
ATXN7	3	1.6275e-06	5.769728e-05	108305	6
AZI2	3	1.0592e-06	4.6608339999999995e-05	104150	4
B3GALNT1	3	6.5734e-07	0.0001056125	110524	11
B3GNT5	3	6.1417e-07	0.0	109121	0
B4GALT4	3	9.601799999999998e-07	8.128184e-05	110985	9
BAP1	3	1.6355e-06	0.00017023663000000002	109017	18
BBX	3	2.6513e-06	0.00012122028999999999	110493	13
BCHE	3	1.1955e-06	0.00013288942	112039	14
BCL6	3	1.6747e-06	0.0	109793	0
BDH1	3	7.5575e-07	7.960916e-05	110558	8
BFSP2	3	1.3806e-06	8.835196e-05	110768	9
BHLHE40	3	6.5542e-07	0.0	111035	0
BOC	3	2.7975e-06	0.00011638003000000001	108119	12
BRK1	3	1.6087e-07	0.0	105166	0
BRPF1	3	2.8941000000000004e-06	2.6833520000000005e-05	109971	2
BSN	3	6.8386e-06	0.00010505165000000001	109472	11
BTD	3	6.531e-07	3.5203699999999996e-05	111011	3
BTLA	3	6.6092e-07	3.594337e-05	109627	3
C3orf14	3	2.7480999999999996e-07	2.673696e-05	111306	2
C3orf17	3	1.1432e-06	0.00032039134	109771	35
C3orf18	3	2.4556e-07	1.76735e-05	109043	1
C3orf20	3	2.1643e-06	0.0009151842199999999	111677	102
C3orf22	3	2.0822e-07	3.518509e-05	112135	3
C3orf27	3	0.0	0.0	105770	0
C3orf30	3	1.0077e-06	0.00018494368000000001	112215	20
C3orf33	3	7.150700000000001e-07	0.00016398419999999998	103792	17
C3orf35	3	2.2162e-07	9.73417e-05	102437	9
C3orf36	3	0.0	0.0	109603	0
C3orf38	3	6.9794e-07	0.0001235119	111110	13
C3orf49	3	6.132100000000001e-07	0.0	111124	0
C3orf52	3	2.4864e-07	8.57819e-05	98285	8
C3orf55	3	1.9526e-07	1.833328e-05	98493	1
C3orf56	3	0.0	0.0	104765	0
C3orf58	3	8.141199999999999e-07	6.842821999999999e-05	98204	6
C3orf62	3	4.8795e-07	0.00010596361999999999	111428	11
C3orf65	3	4.3823e-08	0.0	110864	0
C3orf67	3	1.8578e-06	0.00022926497000000002	111065	25
C3orf70	3	3.4092e-07	3.925163e-05	106913	4
C3orf72	3	1.1404000000000002e-07	3.750989e-05	102812	3
C3orf79	3	1.4937999999999998e-07	2.64873e-05	107977	2
C3orf84	3	6.403799999999999e-07	0.00014262866000000002	107555	15
CACNA1D	3	6.941799999999999e-06	0.00133626357	111449	148
CACNA2D2	3	3.5769e-06	6.057941e-05	107434	6
CACNA2D3	3	3.6728e-06	8.96826e-05	108337	9
CADM2	3	1.0137000000000001e-06	2.6623390000000003e-05	110557	2
CADPS	3	4.3248000000000005e-06	0.00011482503999999999	108145	12
CAMK1	3	1.1366e-06	8.810277e-05	111441	9
CAMK2N2	3	1.3275e-07	9.204710000000001e-06	107611	0
CAMKV	3	1.093e-06	8.78997e-06	108837	0
CAMP	3	2.408e-07	1.899139e-05	110615	2
CAND2	3	2.4477000000000003e-06	0.00036320818999999996	105526	38
CAPN7	3	2.6585e-06	0.00028050869999999997	108886	30
CASR	3	2.313e-06	2.642816e-05	113241	2
CAV3	3	3.4773000000000006e-07	2.6413790000000004e-05	112256	2
CBLB	3	2.8699000000000003e-06	4.4232070000000004e-05	112143	4
CCDC12	3	5.5607e-07	2.1414899999999997e-05	100545	2
CCDC13	3	2.3043e-06	0.00018491731	110786	20
CCDC14	3	2.1383e-06	0.00103482971	102701	106
CCDC174	3	1.5953e-06	0.00016974583999999999	109037	18
CCDC36	3	5.8305e-07	3.607683e-05	110853	3
CCDC37	3	1.9423e-06	0.00669151941	106900	715
CCDC39	3	2.3591e-06	0.00074557588	103145	76
CCDC50	3	1.9204e-06	0.00015000679	110909	16
CCDC51	3	1.4359999999999999e-06	9.829252000000001e-05	107772	10
CCDC54	3	3.8306e-07	0.00029922179	112817	33
CCDC58	3	4.7533999999999997e-07	1.763767e-05	104330	1
CCDC66	3	2.9883999999999996e-06	0.00850734622	107543	914
CCDC71	3	1.3163999999999998e-06	3.5291849999999997e-05	112940	3
CCDC80	3	1.9556e-06	0.00012511338	111844	13
CCK	3	3.0026e-07	5.333063e-05	108918	5
CCNL1	3	1.8384999999999998e-06	2.819083e-05	107350	3
CCR1	3	5.9799e-07	1.762599e-05	111821	1
CCR2	3	5.7505e-07	6.203238e-05	110953	6
CCR3	3	5.553100000000001e-07	8.821238000000001e-05	112182	9
CCR4	3	3.3941000000000005e-07	8.79755e-06	110772	0
CCR5	3	4.0981000000000004e-07	0.00136442666	111429	152
CCR8	3	2.9455e-07	8.8053e-06	111938	0
CCR9	3	3.9735e-07	2.6378e-05	112681	2
CCRL2	3	3.3219e-08	0.0	111546	0
CD200	3	5.882e-07	1.75837e-05	112168	1
CD200R1	3	6.7416e-07	7.937866e-05	110938	8
CD200R1L	3	5.3271e-07	0.0	110908	0
CD47	3	7.089e-07	1.92329e-05	105373	2
CD80	3	4.8935e-07	3.535085e-05	110953	3
CD86	3	5.8347e-07	0.0	108283	0
CD96	3	1.566e-06	0.00033465616000000003	111816	37
CDC25A	3	1.4279e-06	4.475383e-05	109641	4
CDCP1	3	1.6525e-06	7.479826999999999e-05	110152	8
CDHR4	3	1.6364e-06	0.0002702542	86545	23
CDV3	3	3.8741e-07	1.7592599999999998e-05	110589	1
CELSR3	3	6.9289e-06	8.922458000000001e-05	108075	9
CEP19	3	6.0335e-07	5.356029e-05	111070	5
CEP63	3	1.9135e-06	0.00067916117	112083	76
CEP70	3	1.9886000000000003e-06	0.00028472438	105949	30
CEP97	3	2.1083e-06	0.00015048061	111448	16
CGGBP1	3	4.528899999999999e-07	0.0	107302	0
CHCHD4	3	3.4460999999999996e-07	2.63733e-05	108843	2
CHCHD6	3	6.582600000000001e-07	0.00010351953000000002	106945	11
CHDH	3	1.1521e-06	9.16025e-05	106386	9
CHL1	3	2.7011000000000003e-06	0.00014210529	110930	15
CHMP2B	3	8.8949e-07	0.00015880214	111421	17
CHRD	3	2.7154000000000003e-06	5.425340999999999e-05	108490	5
CHST13	3	2.6925999999999996e-07	2.183583e-05	91742	2
CHST2	3	6.389e-07	3.74724e-05	105196	3
CIDEC	3	5.4815e-07	2.642777e-05	104244	2
CISH	3	5.451300000000001e-07	5.4128630000000004e-05	104777	5
CLASP2	3	5.0747e-06	6.777015000000001e-05	101724	6
CLCN2	3	2.6454e-06	0.00015263249	111543	17
CLDN1	3	5.1756e-07	4.402865e-05	113059	4
CLDN11	3	3.3552e-07	0.0	109106	0
CLDN16	3	7.5074e-07	5.2775810000000005e-05	113146	5
CLDN18	3	5.2543e-07	2.6574720000000003e-05	109175	2
CLDND1	3	8.5862e-07	8.94566e-06	111271	0
CLEC3B	3	3.343e-07	3.548888e-05	104106	3
CLRN1	3	4.9771e-07	0.00017634518	108532	19
CLSTN2	3	1.9338e-06	7.079578e-05	111319	7
CMC1	3	2.0986e-07	1.830561e-05	105220	1
CMSS1	3	8.7641e-07	8.81928e-06	111786	0
CMTM6	3	2.2319000000000003e-07	1.0944e-05	98921	1
CMTM7	3	2.7513e-07	2.6375009999999998e-05	110967	2
CMTM8	3	3.3350999999999997e-07	8.8022e-06	106011	0
CNBP	3	6.0636e-07	0.0	112857	0
CNOT10	3	2.0665e-06	3.771311e-05	108936	4
CNTN3	3	2.566e-06	8.006062e-05	109271	8
CNTN4	3	3.2195e-06	0.00011476588	112501	12
CNTN6	3	2.7126e-06	0.00066197807	110277	73
COL6A5	3	5.7809e-06	0.01665590235	101042	1682
COL6A6	3	5.2146e-06	0.00325868024	108086	352
COL7A1	3	1.1939e-05	0.0007985712299999999	111094	88
COL8A1	3	9.220900000000001e-07	1.818259e-05	108899	1
COLQ	3	1.9036e-06	0.00015860534	108220	17
COMMD2	3	5.002300000000001e-07	0.00010066521	109551	11
COPB2	3	2.5618e-06	1.7640399999999998e-05	110260	1
COPG1	3	2.2052e-06	7.952263e-05	111325	8
COX17	3	1.1442e-07	0.0	107311	0
CP	3	2.6196e-06	0.0002117547	111940	23
CPA3	3	1.5432e-06	0.00019409328999999998	111927	21
CPB1	3	1.2707e-06	0.00042262398	112889	47
CPN2	3	5.371100000000001e-07	8.796e-06	112180	0
CPNE4	3	1.5397999999999999e-06	3.527191e-05	111472	3
CPNE9	3	2.3095e-06	0.00010680673999999999	109381	11
CPOX	3	9.1095e-07	8.79214e-06	111056	0
CRBN	3	1.4169e-06	5.2799869999999994e-05	111865	5
CRELD1	3	1.8171000000000001e-06	0.00016914983	107066	18
CRTAP	3	8.1066e-07	0.00014178589	105435	14
CRYBG3	3	2.4122e-06	0.00013436676000000002	109193	14
CRYBG3	3	1.5166999999999998e-06	0.00013436676000000002	109193	14
CRYGS	3	4.825e-07	2.6548920000000004e-05	113028	3
CSPG5	3	6.838600000000001e-07	1.80271e-05	108033	1
CSRNP1	3	1.0661e-06	1.761931e-05	109281	1
CSTA	3	1.5627e-07	3.5173990000000005e-05	113517	3
CTDSPL	3	5.1956e-07	9.05043e-06	108775	0
CTNNB1	3	2.2615e-06	0.0	112767	0
CX3CR1	3	3.3e-07	0.0	111042	0
CXCR6	3	4.2935e-07	5.275482e-05	113449	5
CYB561D2	3	6.442900000000001e-07	0.00021184933999999998	110266	23
CYP8B1	3	7.13e-07	9.780164000000001e-05	105860	10
DAG1	3	1.238e-06	8.7974e-06	112614	0
DALRD3	3	1.0653e-06	0.00010749888999999999	110639	11
DAZL	3	9.8987e-07	9.16977e-06	110659	1
DBR1	3	1.2634e-06	0.00012387975	109531	13
DCBLD2	3	1.4905000000000002e-06	3.583393e-05	108348	3
DCLK3	3	9.5875e-07	2.6676009999999997e-05	106187	2
DCP1A	3	1.3657e-06	9.8255e-06	106906	1
DCUN1D1	3	9.267299999999998e-07	8.89268e-06	104570	0
DENND6A	3	2.4402e-06	8.174695e-05	105490	8
DGKG	3	1.9318e-06	0.00017671366000000002	111556	19
DHFRL1	3	1.9952000000000003e-07	0.0	111635	0
DHX30	3	3.0691000000000004e-06	8.79941e-06	110333	0
DHX36	3	3.6087e-06	6.586041e-05	108347	7
DIRC2	3	1.0347e-06	4.5924659999999995e-05	109499	5
DLEC1	3	4.6495999999999995e-06	0.0008540779800000001	111083	94
DLG1	3	3.8247e-06	7.976217e-05	108873	8
DNAH1	3	1.0915999999999998e-05	0.00096021106	106618	102
DNAH12	3	1.0572e-06	0.00013810173	108597	14
DNAJB11	3	1.1084999999999998e-06	2.828368e-05	107320	3
DNAJB8	3	2.0182000000000002e-07	0.0	112035	0
DNAJC13	3	6.8788e-06	5.349645e-05	110335	5
DNAJC19	3	5.4748e-07	7.034988000000001e-05	103733	7
DNASE1L3	3	5.877600000000001e-07	4.39913e-05	112095	4
DOCK3	3	6.2384e-06	6.289991e-05	105826	6
DPH3	3	1.6305999999999998e-07	0.0	110376	0
DPPA2	3	7.66e-07	8.85843e-05	112268	9
DPPA4	3	6.8862e-07	5.2781099999999995e-05	110905	5
DRD3	3	8.2656e-07	5.4303580000000005e-05	110321	5
DTX3L	3	1.2734e-06	0.0003881212	110505	42
DUSP7	3	6.2247e-07	8.90123e-06	103865	0
DVL3	3	1.5926e-06	1.758443e-05	108340	1
DYNC1LI1	3	1.4224000000000001e-06	7.29194e-05	105290	7
DZIP1L	3	1.7282e-06	0.00032135306	108857	34
DZIP3	3	3.243e-06	0.00027880008	107730	30
EAF1	3	5.8993e-07	7.057966e-05	111031	7
EAF2	3	5.9311e-07	0.00021900103	107232	23
EBLN2	3	0.0	0.0	107468	0
ECE2	3	2.5957e-06	0.00069705444	108478	75
ECT2	3	2.8455e-06	0.00019769808	108797	21
EDEM1	3	1.6404e-06	0.00015567324	106257	16
EEFSEC	3	8.7564e-07	0.00013122722	108612	14
EFCAB12	3	1.3103e-06	0.00016569909	105556	17
EFCC1	3	7.7722e-07	5.2852369999999994e-05	108074	5
EFHB	3	2.3997e-06	0.00053070235	108669	57
EHHADH	3	1.5563e-06	0.0005745745300000001	111241	63
EIF1B	3	2.5664e-07	8.804680000000001e-06	109834	0
EIF2A	3	1.5463e-06	0.0001027474	101708	10
EIF2B5	3	2.4574e-06	4.395493e-05	110024	4
EIF4A2	3	1.1647e-06	0.0	112424	0
EIF4E3	3	8.140000000000001e-07	6.92056e-05	102100	7
EIF4G1	3	5.7704e-06	1.8289739999999998e-05	111227	2
EIF5A2	3	3.7265e-07	2.657094e-05	111742	2
ELP6	3	5.2508e-07	0.00017692895	109927	19
EMC3	3	9.477600000000001e-07	2.84023e-05	111208	3
ENTPD3	3	1.1346e-06	0.00021129112999999998	112502	23
EOGT	3	1.3338999999999998e-06	0.00032775647000000003	110442	36
EOMES	3	1.4099e-06	0.0	106882	0
EPHA3	3	3.011e-06	9.747778e-05	110658	10
EPHA6	3	2.5196e-06	8.136071999999999e-05	105625	8
EPHB1	3	2.0066e-06	0.00021035261000000002	109309	22
EPHB3	3	2.4379e-06	0.00028594114	109641	31
EPM2AIP1	3	1.183e-06	2.65656e-05	111039	2
ERC2	3	3.3843e-06	5.319397e-05	108743	5
ESYT3	3	2.6909e-06	0.00050361378	108917	54
ETV5	3	1.9159e-06	0.0	109300	0
EXOG	3	7.8663e-07	0.0002483379	108984	27
EXOSC7	3	9.0508e-07	0.00014948552	108596	16
FAIM	3	4.9574e-07	6.259113e-05	111570	6
FAM107A	3	2.4136999999999994e-07	3.544459e-05	110926	3
FAM131A	3	1.2455e-06	2.660675e-05	111474	2
FAM162A	3	6.9662e-07	0.00020420607	108488	22
FAM194A	3	1.6587e-06	0.00191787633	109856	210
FAM198A	3	1.0070999999999999e-06	0.00016512400000000003	60366	9
FAM19A1	3	4.4924e-07	8.875e-06	112002	0
FAM19A4	3	3.8950000000000004e-07	4.419882e-05	112580	4
FAM208A	3	4.0604e-06	4.428583e-05	109145	4
FAM212A	3	4.7641000000000007e-07	2.6865570000000004e-05	107184	2
FAM3D	3	8.7336e-07	2.643344e-05	111475	2
FAM43A	3	4.0164e-07	0.0	92707	0
FANCD2	3	4.386499999999999e-06	0.00059840257	112141	67
FANCD2OS	3	2.2604e-07	8.7926e-06	111284	0
FBLN2	3	2.822e-06	7.167535e-05	102170	7
FBXL2	3	2.1729e-06	5.278518e-05	111563	5
FBXO40	3	1.1784e-06	0.00026476046	112421	29
FBXO45	3	5.9779e-07	0.0	102178	0
FBXW12	3	1.3606e-06	7.991205e-05	109250	8
FETUB	3	7.502700000000001e-07	9.752489999999999e-05	110626	10
FEZF2	3	5.7282e-07	0.0	104932	0
FGD5	3	2.5717000000000003e-06	2.682304e-05	106787	2
FGF12	3	5.8267e-07	9.275060000000001e-06	108881	1
FHIT	3	2.6096e-07	0.00010614600000000001	111024	11
FILIP1L	3	2.3943e-06	0.00016142127	112254	18
FLNB	3	5.8627e-06	0.00029314862000000004	112324	32
FNDC3B	3	3.7872000000000003e-06	0.0	110903	0
FOXL2	3	2.9260999999999997e-07	0.0	102812	0
FOXP1	3	2.4023e-06	1.762335e-05	112302	1
FRMD4B	3	3.6033999999999997e-06	7.67979e-05	104441	8
FSTL1	3	1.0186e-06	8.81803e-06	108529	0
FXR1	3	2.5241e-06	9.09488e-06	109049	0
FYCO1	3	3.8344e-06	0.00052825683	113245	59
FYTTD1	3	1.0845e-06	0.0	104030	0
GADL1	3	1.3082e-06	0.0001154255	102729	11
GALNT15	3	1.5385e-06	0.00042652106	110597	47
GAP43	3	4.4916000000000003e-07	0.0001137241	103245	11
GATA2	3	7.962600000000001e-07	8.84799e-06	105041	0
GBE1	3	1.6792e-06	0.00177213793	103324	183
GCSAM	3	3.3122e-07	4.40645e-05	110033	4
GFM1	3	2.9760000000000004e-06	0.00013612723	109669	14
GHRL	3	3.7635e-07	4.4430740000000004e-05	107849	4
GHSR	3	5.359e-07	5.3490590000000005e-05	110375	5
GK5	3	1.6418e-06	0.00020268101000000003	105963	21
GLB1	3	1.8004e-06	0.0001997706	109452	21
GLT8D1	3	1.1452e-06	0.00011449668	111553	12
GLYCTK	3	6.14e-07	5.299978e-05	110865	5
GMNC	3	6.4687e-07	1.6608e-05	60881	1
GMPPB	3	8.103100000000001e-07	4.415544e-05	111498	4
GMPS	3	1.6476e-06	2.6834320000000003e-05	106170	2
GNAI2	3	6.7728e-07	1.1215e-05	106598	1
GNAT1	3	8.2166e-07	0.00015978878	108972	17
GNB4	3	1.1801000000000001e-06	6.162953e-05	111317	6
GNL3	3	1.644e-06	0.00023787939	112402	26
GOLGA4	3	6.1285e-06	0.00022201194	110504	24
GOLGB1	3	7.3438e-06	0.00026625085999999997	111977	29
GOLIM4	3	2.4524e-06	0.00015924209999999998	109221	17
GORASP1	3	8.3265e-07	2.6609899999999997e-05	109472	2
GP5	3	3.5414e-07	3.838239e-05	104189	3
GP9	3	7.4379e-08	0.0	98015	0
GPD1L	3	7.041500000000001e-07	3.7924259999999996e-05	110347	4
GPR128	3	1.7194999999999998e-06	0.00030797720000000004	109571	33
GPR149	3	1.0061e-06	9.549975e-05	110058	10
GPR15	3	4.5402e-07	4.396195e-05	112614	4
GPR156	3	1.5296000000000001e-06	0.00015105278	112731	17
GPR160	3	3.8942e-07	5.319004e-05	108855	5
GPR171	3	6.6417e-07	1.762161e-05	111512	1
GPR27	3	1.9370999999999998e-07	9.17313e-06	94777	0
GPR62	3	1.5585e-07	0.0	105766	0
GPR87	3	6.923899999999999e-07	4.4083090000000004e-05	112341	4
GPX1	3	2.0513e-07	6.218326999999999e-05	105838	6
GRAMD1C	3	2.5776e-06	0.0006817269900000001	110262	75
GRK7	3	9.475100000000001e-07	0.00023358482999999997	109197	25
GRM2	3	1.4149e-06	3.5497890000000004e-05	110701	3
GRM7	3	1.9262e-06	3.52958e-05	110199	3
GSK3B	3	1.7240000000000001e-06	2.6605440000000004e-05	108162	2
GTF2E1	3	1.0002e-06	1.7718110000000003e-05	112166	1
GTPBP8	3	5.9553e-07	6.311964e-05	108976	6
GUCA1C	3	2.9973000000000005e-07	0.33304906686	111390	37098
GXYLT2	3	1.0073e-06	9.825175999999999e-05	109988	10
GYG1	3	1.0062e-06	0.00012314362	110971	13
H1FOO	3	3.3494999999999997e-07	2.80455e-05	99163	2
H1FX	3	1.8989000000000001e-07	9.591589999999999e-06	92570	0
HACL1	3	1.3175e-06	0.00032761492999999997	108837	35
HCLS1	3	1.7993999999999999e-06	0.00025718975	112176	28
HDAC11	3	1.1679e-06	4.400297e-05	109087	4
HEG1	3	2.8664999999999996e-06	0.00013005238000000002	105268	13
HEMK1	3	1.1912000000000001e-06	7.28426e-05	110765	8
HES1	3	3.6543e-07	0.0	105923	0
HESX1	3	4.936999999999999e-07	3.52142e-05	112886	3
HGD	3	1.2878e-06	0.00020282291	112869	22
HHATL	3	1.4471e-06	0.00016276466999999998	109583	17
HHLA2	3	9.0556e-07	0.00392459469	106739	418
HIGD1A	3	3.2366e-07	3.82084e-05	110056	4
HLTF	3	2.7151e-06	0.00061147942	108968	66
HMCES	3	9.5791e-07	7.952769000000001e-05	112128	8
HPS3	3	2.3929e-06	0.00033740249	110360	37
HRASLS	3	3.9848e-07	0.0031772366999999998	112158	356
HRG	3	1.1676e-06	0.00037179446000000006	112578	41
HRH1	3	9.3661e-07	3.543165e-05	112213	3
HSPBAP1	3	1.3199e-06	0.00011307866000000002	108264	12
HTR1F	3	4.6203e-07	2.6602750000000002e-05	111595	2
HTR3C	3	9.382799999999998e-07	8.79693e-05	111259	9
HTR3D	3	7.7756e-07	0.44240087338	94976	42017
HTR3E	3	5.5982e-07	0.0001253807	110049	13
HYAL1	3	6.2496e-07	8.838561e-05	108241	9
HYAL2	3	1.1201e-06	2.67404e-05	108891	2
HYAL3	3	9.6654e-07	9.696277e-05	105719	10
IFRD2	3	1.0775e-06	0.00013780622	105204	14
IFT122	3	3.7482e-06	0.00034346922	111466	38
IFT57	3	1.1998000000000001e-06	0.0001744891	106541	18
IFT80	3	2.4627e-06	0.00017717681000000002	109891	19
IGF2BP2	3	1.8809999999999999e-06	3.520771e-05	110781	3
IGSF10	3	4.103e-06	0.0036527377399999997	112572	411
IGSF11	3	1.0478e-06	0.00011451497	109465	12
IL12A	3	4.7253999999999997e-07	1.8134860000000002e-05	111441	2
IL17RB	3	1.2993e-06	0.00022910561	110843	25
IL17RC	3	2.4078e-06	0.011040223490000002	107889	1191
IL17RD	3	1.9197e-06	0.0001422134	108312	15
IL17RE	3	1.5669e-06	0.00014068314	110096	15
IL1RAP	3	1.4230000000000002e-06	1.79206e-05	109483	1
IL20RB	3	7.635899999999999e-07	0.00021248046000000003	111994	23
IL5RA	3	1.0114e-06	0.00030972716	111273	34
ILDR1	3	1.7303e-06	0.00015030346000000002	109497	16
IMPDH2	3	1.2949e-06	3.518851e-05	107569	3
IMPG2	3	2.8485000000000003e-06	0.0002824333	112468	31
IP6K1	3	8.9935e-07	8.81601e-06	111247	0
IP6K2	3	1.1170999999999999e-06	8.79136e-06	106628	0
IQCB1	3	2.4096e-06	0.00030909679	111834	34
IQCF1	3	4.4278999999999996e-07	2.652366e-05	111516	2
IQCF2	3	6.0634e-07	0.00027253819999999997	112670	30
IQCF3	3	9.2038e-08	8.87563e-06	107614	0
IQCF5	3	4.1893e-07	6.51858e-05	61188	3
IQCF6	3	4.4726000000000005e-07	3.30726e-05	60569	2
IQCG	3	9.493299999999999e-07	0.00026437786	111875	29
IQCJ	3	6.290200000000001e-07	4.473497e-05	105474	4
IQCJ-SCHIP1	3	1.5501e-06	4.473497e-05	103293	4
IQSEC1	3	2.0812e-06	1.7750450000000002e-05	109223	1
IRAK2	3	1.6033000000000002e-06	0.0007150447	110135	78
ISY1	3	1.8166e-06	0.0	109820	0
ISY1-RAB43	3	1.8781999999999999e-06	8.80297e-06	106159	0
ITGA9	3	2.8022000000000005e-06	6.325930999999999e-05	110726	7
ITGB5	3	1.9475999999999998e-06	0.00013236631	111966	14
ITIH1	3	2.7106999999999997e-06	0.0005904578400000001	110103	65
ITIH3	3	1.8617e-06	0.00016418473	107495	17
ITIH4	3	2.467e-06	0.00025824927000000006	109798	28
ITPR1	3	7.1648e-06	3.574313e-05	106329	3
JAGN1	3	2.896e-07	0.0	106443	0
KALRN	3	4.6941000000000005e-06	2.6410820000000003e-05	110006	2
KAT2B	3	2.9451e-06	1.763389e-05	109569	1
KBTBD12	3	1.5294e-06	0.00042152574999999994	109299	46
KBTBD8	3	1.3752000000000002e-06	9.596314e-05	110113	10
KCNAB1	3	1.3477e-06	7.14809e-05	111636	7
KCNH8	3	2.9442e-06	0.00016943646	110643	18
KCNMB2	3	5.4877e-07	1.7717e-05	111267	1
KCNMB3	3	4.4936000000000005e-07	8.799405e-05	107594	9
KCTD6	3	5.790399999999999e-07	1.764029e-05	105716	1
KIAA0226	3	2.6363e-06	0.00027557142999999997	110553	30
KIAA1143	3	3.5387e-07	2.643553e-05	111215	2
KIAA1257	3	8.1131e-07	0.00018121355	109406	19
KIAA1407	3	2.5211000000000003e-06	0.00066441572	109437	72
KIAA1524	3	2.1734000000000002e-06	0.00017504986000000002	106542	18
KIAA2018	3	3.7111e-06	4.427504e-05	112486	4
KIF15	3	4.3152e-06	0.0007138274499999999	109259	77
KIF9	3	1.9494e-06	0.00029144871	111773	32
KLF15	3	5.1385e-07	1.973026e-05	99865	1
KLHDC8B	3	4.873899999999999e-07	3.930645e-05	107871	4
KLHL18	3	1.1556e-06	2.7766940000000003e-05	110193	3
KLHL24	3	1.3383000000000002e-06	2.638461e-05	110440	2
KLHL40	3	8.976799999999999e-07	0.00011748107	109657	12
KLHL6	3	1.2846000000000002e-06	0.00011444001	110117	12
KNG1	3	1.7959e-06	0.00018560336	112804	20
KPNA1	3	1.7107e-06	8.80793e-06	108689	0
KPNA4	3	1.4621000000000002e-06	8.83127e-06	103468	0
KRBOX1	3	2.0581999999999997e-07	1.3601400000000002e-05	65638	0
KRBOX1	3	2.0242e-07	1.3601400000000002e-05	65638	0
KY	3	1.7552000000000002e-06	0.00016884259999999998	106959	18
LAMB2	3	5.618200000000001e-06	0.00042401592000000004	112440	47
LAMP3	3	7.238200000000001e-07	8.80142e-06	109193	0
LARS2	3	2.55e-06	0.00022951061000000002	111777	25
LEPREL1	3	2.2712e-06	0.0006244355000000001	110650	69
LHFPL4	3	3.2743999999999997e-07	0.0	110601	0
LIMD1	3	1.4907e-06	1.7634e-05	110144	1
LINC00696	3	0.0	0.0	103004	0
LIPH	3	1.0892e-06	0.00014965691000000001	113363	16
LMCD1	3	9.6035e-07	3.521005e-05	107999	3
LMLN	3	2.5002000000000002e-06	0.00019155199	108456	20
LMOD3	3	9.423299999999999e-07	5.3394759999999996e-05	108325	5
LNP1	3	4.7793e-07	3.5472399999999996e-05	106314	3
LPP	3	1.5869e-06	0.0001057733	110032	11
LRCH3	3	2.3869e-06	0.00038753202000000003	108953	42
LRIG1	3	2.479e-06	9.026334000000001e-05	111334	10
LRRC15	3	8.387e-07	0.00012321451	111379	13
LRRC2	3	7.1539e-07	0.00022146129	112118	24
LRRC31	3	1.2252e-06	0.0002297916	110264	25
LRRC34	3	1.0465e-06	7.179564e-05	109055	7
LRRC3B	3	2.3005e-07	0.0	110841	0
LRRC58	3	7.804099999999999e-07	5.508201e-05	107467	5
LRRFIP2	3	3.764e-06	0.00057280179	110570	63
LRRIQ4	3	8.6046e-07	5.738501e-05	108341	6
LRRN1	3	1.0053e-06	1.762101e-05	112666	1
LRTM1	3	8.018399999999999e-07	0.00031225039	111655	34
LSAMP	3	9.392799999999999e-07	0.0	110622	0
LSG1	3	2.0923e-06	0.00033615032	112340	37
LSM3	3	5.573499999999999e-07	0.00017627108	109852	19
LSMEM2	3	5.5244e-07	0.00048620539000000004	103824	50
LTF	3	2.2594e-06	0.00078330407	110124	86
LXN	3	5.285199999999999e-07	8.048841e-05	108892	8
LYZL4	3	2.6859e-07	8.81881e-06	107536	0
LZTFL1	3	1.1061e-06	2.645893e-05	109967	2
MAATS1	3	2.0507e-06	0.00042899707	109227	46
MAGEF1	3	2.0941999999999998e-07	2.33608e-05	107976	2
MAGI1	3	4.433999999999999e-06	5.3399440000000005e-05	109966	5
MANF	3	3.7092e-07	1.9449720000000003e-05	106209	2
MAP3K13	3	3.1098000000000003e-06	0.00010717528000000001	111630	11
MAP4	3	1.9377e-06	3.554887e-05	110765	3
MAP6D1	3	3.0480000000000003e-07	8.82706e-06	103149	0
MAPKAPK3	3	1.1997e-06	0.00013757083000000002	107708	14
MASP1	3	1.786e-06	0.00014092069	111595	15
MB21D2	3	8.231100000000001e-07	4.413339e-05	111728	4
MBD4	3	1.5119999999999999e-06	0.00024624035	109579	26
MBNL1	3	1.3335e-06	2.7157199999999998e-05	110363	2
MCCC1	3	1.7476e-06	0.00011565678999999998	110332	12
MCF2L2	3	3.5368e-06	0.00035230992	111022	39
MCM2	3	2.1282e-06	9.764697e-05	111003	10
MECOM	3	2.1619e-06	2.660895e-05	109399	2
MED12L	3	6.835e-06	0.00011534461000000001	110839	12
METTL6	3	6.2405e-07	8.03444e-05	109175	8
MFI2	3	1.6281e-06	0.00018062696	107192	19
MFN1	3	2.0234999999999998e-06	0.00010667530000000001	107629	11
MFSD1	3	1.5411000000000002e-06	0.00067427192	108762	73
MGLL	3	5.664e-07	1.782687e-05	108321	1
MINA	3	1.108e-06	8.866841999999999e-05	110629	9
MITF	3	1.9051e-06	2.110538e-05	108713	2
MKRN2	3	1.0039e-06	4.4061490000000004e-05	112313	4
MLF1	3	1.3893e-06	0.00022187702000000002	103982	23
MLH1	3	2.0292e-06	0.00011448378000000001	112090	12
MME	3	2.8517e-06	0.00037123349	111613	41
MOBP	3	9.8042e-08	0.0	106664	0
MON1A	3	1.3846e-06	0.00014249321000000002	110017	15
MORC1	3	2.7141000000000004e-06	0.00016224076000000002	108344	17
MRAS	3	3.4243000000000003e-07	0.0	107364	0
MRPL3	3	9.562299999999998e-07	0.00010668033000000001	108479	11
MRPL47	3	8.8669e-07	2.645393e-05	109385	2
MRPS22	3	1.1379000000000002e-06	0.00013229964	108345	14
MRPS25	3	5.1143e-07	3.561669e-05	103861	3
MSL2	3	9.725200000000001e-07	8.796160000000001e-06	112803	0
MST1	3	2.1152e-06	0.01635947916	109840	1796
MST1R	3	2.9681e-06	0.00084754805	111202	94
MTMR14	3	2.0991999999999997e-06	0.00023525673999999998	109095	25
MUC13	3	8.755e-07	5.356434e-05	110382	5
MUC20	3	4.9124e-07	7.27908e-05	102674	7
MUC4	3	5.625e-06	0.0025046852899999997	83924	210
MUSTN1	3	4.0794000000000004e-07	1.796704e-05	104704	1
MYD88	3	7.6402e-07	3.52699e-05	108723	3
MYH15	3	5.4530999999999995e-06	0.00632745328	110065	696
MYL3	3	3.7714e-07	8.793060000000001e-06	113171	0
MYLK	3	4.4967000000000005e-06	0.00030039052	111125	33
MYNN	3	1.2392e-06	2.73269e-05	110510	3
MYRIP	3	2.3792e-06	0.00010611187	111777	11
NAA50	3	4.5154e-07	8.838289999999999e-06	105877	0
NAALADL2	3	2.0083000000000003e-06	0.00091247634	106890	97
NAT6	3	3.5128e-07	2.6926100000000003e-05	106203	2
NBEAL2	3	6.7830999999999995e-06	0.00012709557	104325	13
NCBP2	3	5.6418e-07	5.344653e-05	108829	5
NCEH1	3	6.9632e-07	9.803994000000001e-05	111762	10
NCK1	3	8.2539e-07	2.6694109999999996e-05	110683	2
NCKIPSD	3	1.7755000000000002e-06	4.4553509999999993e-05	107638	4
NDUFAF3	3	4.4023e-07	1.759634e-05	109483	1
NDUFB4	3	2.8744e-07	0.0001760684	111204	19
NDUFB5	3	4.6159e-07	0.0	110143	0
NEK10	3	2.1521e-06	0.00016661745	103132	17
NEK11	3	1.9065e-06	0.00085860821	110838	95
NEK4	3	3.03e-06	0.00069726598	110250	76
NFKBIZ	3	1.6941e-06	8.790130000000001e-06	111869	0
NGLY1	3	2.147e-06	0.00051073567	107007	54
NICN1	3	4.5486999999999994e-07	2.654534e-05	110485	2
NISCH	3	2.638e-06	4.954089e-05	109682	5
NIT2	3	9.3792e-07	0.00014133817	111889	15
NKIRAS1	3	4.4803999999999993e-07	7.950063e-05	109399	8
NKTR	3	4.9744999999999996e-06	7.141793000000001e-05	110288	7
NLGN1	3	1.3333000000000002e-06	1.768938e-05	109259	1
NMD3	3	1.5298e-06	0.00013392786	108903	14
NME6	3	9.9958e-07	6.158477e-05	108237	6
NME9	3	9.6759e-07	0.00013496922	109655	14
NMNAT3	3	5.2093e-07	0.00039691349000000003	108200	42
NPHP3	3	3.9776e-06	0.0006211498200000001	111254	69
NPRL2	3	1.1287e-06	2.6414450000000003e-05	109754	2
NR1D2	3	1.2551e-06	3.519147e-05	110207	3
NR1I2	3	9.0286e-07	0.00010746265	110362	11
NR2C2	3	1.2997999999999998e-06	9.00722e-06	111126	1
NRROS	3	8.2635e-07	1.798664e-05	111707	2
NSUN3	3	9.5085e-07	0.00011450625	111737	12
NT5DC2	3	1.3151e-06	8.876549999999999e-05	109363	9
NUDT16	3	1.0725e-07	0.0	105414	0
NUP210	3	4.3136000000000005e-06	0.0005645959599999999	109888	62
NXPE3	3	1.1204000000000001e-06	4.479732e-05	112597	5
OGG1	3	1.3449e-06	0.00010615242	111686	11
OPA1	3	3.9357e-06	6.636484000000001e-05	110455	7
OR5AC2	3	3.3263000000000003e-07	0.00036964032	111929	41
OR5H1	3	2.0914e-07	0.00013343125	112054	14
OR5H14	3	2.1264e-07	0.00026625451	111215	29
OR5H15	3	1.2578e-07	9.716548e-05	110411	10
OR5H2	3	1.8206e-07	4.399837000000001e-05	111033	4
OR5H6	3	1.863e-07	8.93176e-06	111267	0
OR5K1	3	2.1866e-07	0.00014992671	112243	16
OR5K2	3	1.9046e-07	0.18812179616	111984	21066
OR5K3	3	2.8267e-07	0.000107051	109898	11
OR5K4	3	1.9680999999999997e-07	0.00014105256	110706	15
OSBPL10	3	2.1213e-06	0.00010015959999999999	111118	11
OSBPL11	3	1.8106e-06	2.6729829999999998e-05	110270	2
OSTN	3	3.1348e-07	5.4526499999999994e-05	111558	6
OTOL1	3	8.814200000000001e-07	0.00020542607	108027	22
OXNAD1	3	6.1911e-07	0.00027476622	111028	30
OXSM	3	7.8789e-07	0.00022866877	108937	24
OXSR1	3	1.9026e-06	5.360187e-05	109240	5
OXTR	3	3.9984e-07	4.0383969999999996e-05	109108	4
P2RY1	3	6.2088e-07	0.0	111873	0
P2RY12	3	3.9780000000000003e-07	2.643592e-05	110123	2
P2RY13	3	3.2329000000000003e-07	3.444172e-05	108832	3
P2RY14	3	3.726e-07	1.763203e-05	111917	1
P4HTM	3	1.1698e-06	2.644381e-05	105199	2
PAK2	3	1.5066e-06	1.802611e-05	108046	1
PAQR9	3	4.2593000000000006e-07	1.769194e-05	110304	1
PARL	3	1.0406999999999998e-06	6.274058000000001e-05	110156	6
PARP14	3	3.2523e-06	0.0009612850300000001	108406	104
PARP15	3	1.2155e-06	0.00011266142	102699	11
PARP3	3	1.2904e-06	0.00104794586	107335	112
PARP9	3	1.5362e-06	0.00013347007	111125	14
PBRM1	3	4.6808e-06	6.9447e-05	109487	7
PCBP4	3	1.14e-06	1.760131e-05	105618	1
PCCB	3	1.5926e-06	0.0001671099	108814	18
PCNP	3	5.6485e-07	8.83986e-06	105693	0
PCOLCE2	3	1.3625e-06	0.00023134569	111020	25
PCYT1A	3	1.4193000000000001e-06	6.365261e-05	109043	6
PDCD10	3	9.9803e-07	0.0	112194	0
PDCD6IP	3	2.0993e-06	4.899917e-05	105798	5
PDE12	3	9.0198e-07	6.248985e-05	110795	6
PDHB	3	8.7734e-07	1.761882e-05	107525	1
PDIA5	3	1.8963e-06	0.00011441167999999999	112375	12
PDZRN3	3	1.5740999999999999e-06	7.45577e-05	110564	8
PEX5L	3	1.7988999999999998e-06	0.0001369009	110310	15
PFKFB4	3	1.3422e-06	9.761314e-05	110834	10
PFN2	3	2.2122e-07	0.0	110127	0
PHC3	3	2.6332e-06	8.88068e-06	109159	0
PHF7	3	1.1047e-06	1.758443e-05	109954	1
PHLDB2	3	2.9668e-06	0.00022004947	109918	24
PIGX	3	7.660500000000001e-07	8.820471e-05	110935	9
PIGZ	3	8.185500000000001e-07	0.00013295309	109411	14
PIK3CA	3	4.3083e-06	1.7691470000000003e-05	107394	1
PIK3CB	3	3.8182999999999995e-06	6.230671999999999e-05	109415	6
PIK3R4	3	3.4387000000000002e-06	0.00011566940000000001	109813	12
PLA1A	3	1.0004e-06	0.00022876856	109803	25
PLCD1	3	2.1925e-06	0.0006701817999999999	110533	74
PLCH1	3	4.5069e-06	0.00010769625	111259	11
PLCL2	3	1.7762e-06	0.0	111896	0
PLCXD2	3	7.1881e-07	7.057635000000001e-05	112339	7
PLD1	3	3.2657999999999997e-06	0.00058746029	111584	65
PLOD2	3	2.464e-06	0.00019434772	109029	21
PLS1	3	1.7102000000000002e-06	0.00047799362000000003	109899	52
PLSCR1	3	7.698600000000001e-07	3.537156e-05	109252	3
PLSCR2	3	7.8334e-07	0.0006500205799999999	105135	68
PLSCR4	3	7.5125e-07	0.00032321604	108914	35
PLSCR5	3	6.3178e-07	0.0008172187	107973	88
PLXNA1	3	4.6838e-06	0.00010054732	108627	10
PLXNB1	3	4.5329e-06	0.0001399551	108005	15
PLXND1	3	4.1512e-06	3.5370900000000004e-05	106527	3
POC1A	3	1.0594e-06	8.846675999999999e-05	110289	9
PODXL2	3	9.132600000000001e-07	0.0	108915	0
POGLUT1	3	1.6519e-06	0.00015142197	108706	16
POLQ	3	6.664e-06	0.00195280604	110238	215
POLR2H	3	3.9436999999999995e-07	8.79291e-06	112033	0
POMGNT2	3	1.0368e-06	9.01014e-05	112383	10
POPDC2	3	7.1071e-07	0.00022051668999999998	111186	24
POU1F1	3	8.9326e-07	6.84846e-05	109101	7
PP2D1	3	7.7459e-07	0.0	103393	0
PPARG	3	8.6962e-07	2.648491e-05	111411	2
PPM1L	3	8.3147e-07	2.7505640000000003e-05	109272	3
PPM1M	3	6.799299999999999e-07	3.744319000000001e-05	104325	3
PPP1R2	3	6.9875e-07	3.52409e-05	108507	3
PPP2R3A	3	2.3924e-06	0.00013398124	111974	15
PPP4R2	3	9.924e-07	0.0	107175	0
PRICKLE2	3	2.4477000000000003e-06	8.798789999999999e-06	112798	0
PRKAR2A	3	1.158e-06	4.727271e-05	106966	5
PRKCD	3	1.85e-06	1.759e-05	110292	1
PRKCI	3	2.2184000000000002e-06	3.5213759999999995e-05	107408	3
PROK2	3	1.8081e-07	6.64033e-05	101705	6
PROS1	3	1.5294e-06	5.290875e-05	110753	5
PRR23A	3	0.0	0.0	106298	0
PRR23B	3	0.0	0.0	105815	0
PRR23C	3	0.0	0.0	102496	0
PRRT3	3	1.2929e-06	6.237973e-05	106526	6
PRSS42	3	8.375399999999999e-07	0.00010957928999999998	95214	10
PRSS45	3	3.0006e-07	0.00032433106	106197	34
PRSS46	3	3.2642e-07	0.0	104726	0
PRSS50	3	6.2747e-07	5.336654000000001e-05	107769	5
PSMD2	3	2.5699e-06	0.0	112875	0
PSMD6	3	1.1026e-06	0.0	107195	0
PTH1R	3	1.4421000000000001e-06	1.767476e-05	109161	1
PTPLB	3	5.9653e-07	1.863324e-05	97823	1
PTPN23	3	3.8244999999999996e-06	9.491708e-05	107216	10
PTPRG	3	3.9304000000000005e-06	0.00014444922	108259	15
PTX3	3	5.8966e-07	5.275958000000001e-05	109822	5
PVRL3	3	1.0585e-06	1.7604860000000002e-05	107581	1
PXK	3	2.2858e-06	5.308594e-05	109695	5
PYDC2	3	0.0	0.0	110907	0
QARS	3	2.5672e-06	0.00026474398	111080	29
QRICH1	3	1.8761000000000001e-06	2.6648449999999997e-05	109397	2
QTRTD1	3	1.2972e-06	0.00039040266000000005	110950	43
RAB43	3	2.8578e-07	0.0	99811	0
RAB5A	3	6.6171e-07	1.781605e-05	109990	1
RAB6B	3	7.631399999999999e-07	0.0	112495	0
RAB7A	3	5.527199999999999e-07	0.0	113274	0
RABL3	3	5.6999e-07	9.695086999999999e-05	112212	10
RAD18	3	1.1172e-06	0.00021209813999999998	107522	22
RAD54L2	3	3.4973000000000004e-06	0.0	105077	0
RAF1	3	2.1753e-06	4.399041e-05	113292	4
RAP2B	3	2.5503e-07	0.0	107499	0
RARB	3	1.6407e-06	0.0	109222	0
RARRES1	3	6.056e-07	6.173541e-05	111076	6
RASA2	3	2.8406e-06	0.00026104682999999996	105781	27
RASSF1	3	7.792699999999999e-07	4.542813e-05	107589	4
RBM15B	3	1.6535e-06	0.00013330000000000001	105643	14
RBM5	3	3.1964e-06	1.75837e-05	112565	1
RBM6	3	4.2512e-06	2.649591e-05	110900	2
RBMS3	3	1.4713e-06	3.548263e-05	108140	3
RBP1	3	3.4652999999999997e-07	7.438665e-05	104993	7
RBP2	3	3.026e-07	8.798630000000001e-06	113328	0
RETNLB	3	1.2504e-07	0.0	112428	0
RFC4	3	1.6556e-06	0.00010561176000000001	112140	11
RFT1	3	1.6212e-06	0.00013286982	109414	14
RFTN1	3	8.522200000000001e-07	0.00010673788999999999	111617	11
RHO	3	5.873300000000001e-07	9.678478999999999e-05	113225	10
RHOA	3	2.9764e-07	9.11178e-06	108246	0
RNF123	3	3.4222000000000005e-06	8.013919e-05	109453	8
RNF13	3	6.6947e-07	3.702489e-05	106001	3
RNF168	3	1.3747e-06	0.00029052548999999997	112543	32
RNF7	3	2.6218000000000004e-07	1.7712e-05	103967	1
ROBO1	3	5.4503999999999995e-06	0.00025400685	107959	27
ROBO2	3	4.2392e-06	0.02750105526	111588	3068
ROPN1	3	4.7111999999999995e-07	0.00010572323	109986	11
ROPN1B	3	5.865600000000001e-07	0.00018486737	107026	19
RP11-155D18.14	3	3.4928000000000007e-07	8.79415e-06	104647	0
RP11-159G9.5	3	6.5257e-07	0.0	105701	0
RP11-211G3.3	3	4.2278e-07	0.0	109552	0
RP11-3B7.1	3	0.0	0.0	111870	0
RP11-484M3.5	3	9.651e-08	0.0	112425	0
RP11-723O4.6	3	1.1082e-06	0.0	110279	0
RP11-944L7.5	3	1.9907e-07	0.0	110939	0
RPL14	3	6.8209e-07	9.03914e-06	107236	0
RPL15	3	7.3927e-07	0.0	109618	0
RPL22L1	3	3.3713999999999996e-07	1.866112e-05	101898	1
RPL24	3	6.933100000000001e-07	0.0	108078	0
RPL29	3	4.887399999999999e-07	0.0	108742	0
RPL32	3	3.1167e-07	0.0	112088	0
RPL35A	3	4.4829999999999996e-07	0.0	110212	0
RPL39L	3	0.0	0.0	113006	0
RPN1	3	1.2087e-06	2.637364e-05	110201	2
RPP14	3	3.2116999999999996e-07	6.157471e-05	110036	6
RPP14	3	1.2691e-07	6.157471e-05	110036	6
RPSA	3	5.547299999999999e-07	0.0	111017	0
RPUSD3	3	1.1578e-06	0.00014173811000000003	108677	15
RRP9	3	1.5196e-06	5.3574119999999994e-05	109373	5
RSRC1	3	1.2646e-06	0.00017651891	104126	18
RTP1	3	5.0505e-07	8.89e-06	108943	0
RTP2	3	3.5354e-07	3.673774e-05	109041	4
RTP3	3	1.1882e-07	0.0	110801	0
RTP4	3	1.2195e-07	0.0	111145	0
RUVBL1	3	1.4391e-06	8.79384e-06	111606	0
RYBP	3	4.5685e-07	4.82703e-05	107388	5
RYK	3	1.3900999999999998e-06	8.9865e-06	104898	0
SACM1L	3	2.0624e-06	0.00010796115	107448	11
SAMD7	3	9.7898e-07	0.00015052624	110140	16
SATB1	3	2.2168e-06	5.8997780000000005e-05	109268	6
SCAP	3	2.7491e-06	0.00012920665000000001	106835	13
SCHIP1	3	6.947800000000001e-07	0.0	110864	0
SCN10A	3	4.3735000000000006e-06	0.00056803504	111280	63
SCN11A	3	4.509100000000001e-06	0.00044383613	111052	49
SCN5A	3	4.5119e-06	0.00012821069	108365	13
SEC13	3	1.0934e-06	4.398978e-05	110136	4
SEC22A	3	8.754799999999999e-07	2.642117e-05	111427	2
SEC22C	3	9.802e-07	0.00018820751	110671	20
SEC61A1	3	1.5419e-06	8.78982e-06	109927	0
SEC62	3	1.173e-06	1.03924e-05	106162	1
SELK	3	2.6206e-07	4.846599e-05	102946	4
SELT	3	4.6603e-07	4.43656e-05	104806	4
SEMA3F	3	2.9297e-06	5.569776999999999e-05	110130	6
SEMA3G	3	2.4396e-06	0.00030327232	109379	33
SEMA5B	3	3.2497000000000004e-06	0.00035910369	104821	37
SENP2	3	2.2509e-06	8.80127e-06	110586	0
SENP5	3	1.6249e-06	1.765806e-05	111346	1
SENP7	3	3.3995e-06	0.00012284313999999999	107338	13
SERP1	3	1.5174e-07	0.0	101992	0
SERPINI1	3	8.721700000000001e-07	1.7618970000000003e-05	112879	1
SERPINI2	3	8.323200000000001e-07	0.00038235483	109008	41
SETD2	3	6.1099e-06	7.071603000000001e-05	105758	7
SETD5	3	4.3394e-06	1.7785320000000002e-05	107224	1
SETMAR	3	7.612999999999999e-07	8.841748e-05	105425	9
SFMBT1	3	2.3239e-06	5.282445e-05	111414	5
SGOL1	3	1.3471e-06	0.00013035183	108171	14
SH3BP5	3	1.0277e-06	8.79353e-06	109236	0
SHISA5	3	6.822499999999999e-07	0.00017915712	110501	19
SHOX2	3	5.6669e-07	3.689205e-05	108801	4
SHQ1	3	1.3330000000000002e-06	0.00031754308999999996	111347	35
SI	3	5.4414999999999995e-06	0.00135910728	110732	150
SIAH2	3	3.4369e-07	8.87138e-06	107319	0
SIDT1	3	2.1534e-06	0.00044993246	111133	50
SKIL	3	1.5490000000000001e-06	2.640937e-05	110248	2
SLC12A8	3	1.5778e-06	0.00050734314	110634	56
SLC15A2	3	2.2968e-06	0.00035297725	112017	39
SLC22A13	3	1.0412e-06	0.00036400956	111302	40
SLC22A14	3	1.111e-06	0.0007301775200000001	110923	80
SLC25A20	3	1.2118e-06	7.053091e-05	110581	7
SLC25A26	3	7.956000000000001e-07	0.00012826751	110010	14
SLC25A36	3	8.7652e-07	8.800831e-05	104194	9
SLC25A38	3	9.039100000000001e-07	7.034063e-05	112141	7
SLC26A6	3	1.8035e-06	9.7472e-05	108623	10
SLC2A2	3	1.5681e-06	0.00013268714	111293	14
SLC33A1	3	9.563e-07	4.449188e-05	110027	4
SLC35A5	3	7.4837e-07	8.838829e-05	110984	9
SLC35G2	3	5.5006e-07	3.524292e-05	112190	3
SLC41A3	3	1.2848e-06	0.00018920688999999997	108837	20
SLC4A7	3	3.0946e-06	0.00012608635	107377	13
SLC51A	3	8.772700000000001e-07	5.436142e-05	108783	5
SLC6A1	3	1.4406e-06	8.9865e-06	110516	0
SLC6A11	3	1.4764e-06	0.00010672986000000001	110643	11
SLC6A20	3	1.3545e-06	0.0007498956	108694	81
SLC6A6	3	1.4259e-06	8.80793e-06	110676	0
SLC7A14	3	1.3382e-06	4.419277e-05	111862	4
SLC9A9	3	1.7627e-06	0.00017622394	112356	19
SLC9C1	3	2.6113e-06	0.00053683599	106171	56
SLCO2A1	3	1.7747e-06	0.00016913290000000002	110466	18
SLITRK3	3	2.0303e-06	4.39637e-05	112824	4
SLMAP	3	2.8679e-06	4.4988149999999994e-05	108613	4
SMARCC1	3	3.6364e-06	1.843263e-05	108570	2
SMC4	3	2.9702999999999998e-06	0.000127052	107374	13
SMCO1	3	2.7896e-07	7.154544e-05	111508	7
SMIM4	3	1.1734000000000002e-07	0.0	92119	0
SNRK	3	1.1622e-06	0.0	108074	0
SNTN	3	2.5503e-07	7.92798e-05	110026	8
SNX4	3	1.8978e-06	0.00014199814	108740	15
SOX14	3	2.7368e-07	0.0	107042	0
SOX2	3	3.6649e-07	0.0	104219	0
SPATA12	3	0.0	0.0	111881	0
SPATA16	3	1.212e-06	0.00488869525	112805	551
SPCS1	3	3.4493e-07	8.79198e-06	107569	0
SPICE1	3	2.3662e-06	0.00023000911	109069	25
SPINK8	3	2.2918000000000002e-07	2.65675e-05	104680	2
SPSB4	3	5.8597e-07	5.389794e-05	98806	5
SPTSSB	3	2.1537e-07	6.179394000000001e-05	111342	6
SRGAP3	3	3.03e-06	2.664025e-05	111137	2
SRPRB	3	7.905899999999999e-07	7.041086999999999e-05	111439	7
SS18L2	3	1.9326e-07	8.85332e-06	109452	0
SSR3	3	4.4008e-07	8.81663e-06	110313	0
SST	3	2.7597e-07	8.80313e-06	103867	0
SSUH2	3	1.0567e-06	0.00029552202	104182	30
ST3GAL6	3	1.0056e-06	0.000212573	110382	23
ST6GAL1	3	6.8813e-07	1.7595270000000002e-05	112271	1
STAB1	3	7.951699999999999e-06	0.0010663994000000001	109231	116
STAC	3	1.0986e-06	0.00010602167	109980	11
STAG1	3	4.2852999999999994e-06	0.0	108017	0
STT3B	3	2.1996e-06	3.568403e-05	107187	3
STX19	3	4.8903e-07	7.059893e-05	109283	7
STXBP5L	3	3.55e-06	1.792822e-05	107453	1
SUCLG2	3	9.059299999999999e-07	7.217122e-05	110823	7
SUCNR1	3	6.418600000000001e-07	5.3020569999999996e-05	111453	5
SUMF1	3	1.0944e-06	5.3055580000000006e-05	108002	5
SUSD5	3	7.8785e-07	7.994168999999999e-05	111370	8
SYNPR	3	5.7037e-07	1.787028e-05	105043	1
TADA3	3	9.9507e-07	4.41688e-05	109780	4
TAGLN3	3	4.6538999999999996e-07	0.0	110331	0
TAMM41	3	1.028e-06	7.990382e-05	112743	9
TATDN2	3	1.4978e-06	6.252366999999999e-05	109828	6
TBC1D23	3	1.7597999999999999e-06	4.4141040000000006e-05	108417	4
TBC1D5	3	2.4973e-06	0.00048474029000000003	108642	52
TBCCD1	3	1.2957e-06	7.924629e-05	111015	8
TBL1XR1	3	1.4378999999999998e-06	0.0	105898	0
TCAIM	3	1.3077000000000002e-06	4.4165810000000004e-05	110230	4
TCTA	3	2.2726999999999997e-07	1.7634500000000002e-05	112074	1
TCTEX1D2	3	4.1683999999999997e-07	3.5203220000000003e-05	108365	3
TDGF1	3	3.9095e-07	0.00012306954	113656	13
TEX264	3	5.2995e-07	3.534797e-05	110426	3
TF	3	1.6984000000000001e-06	9.704002000000001e-05	111930	10
TFDP2	3	1.5351e-06	9.748869999999999e-06	107761	1
TFG	3	1.3036e-06	3.528583e-05	107663	3
TFRC	3	1.7758000000000002e-06	7.577778e-05	111473	8
TGFBR2	3	1.1368e-06	2.659407e-05	109746	2
TGM4	3	1.876e-06	0.009914464690000001	109825	1088
THOC7	3	8.0709e-07	4.4614030000000006e-05	111124	4
THPO	3	6.655800000000001e-07	2.6396220000000005e-05	109615	2
THRB	3	1.1892e-06	0.0	111010	0
THUMPD3	3	1.4151e-06	0.00040829699999999996	112377	45
TIGIT	3	4.3937e-07	6.88369e-05	102681	7
TIMMDC1	3	9.7941e-07	0.00011582353000000002	110727	12
TIMP4	3	5.9994e-07	8.203155000000001e-05	110817	9
TIPARP	3	1.5172e-06	0.0	109411	0
TKT	3	1.2763e-06	3.647566e-05	109221	3
TLR9	3	2.0975e-06	0.00014840823999999998	108464	16
TLR9	3	1.5478999999999998e-06	0.00014840823999999998	108464	16
TM4SF1	3	6.681399999999999e-07	6.170944999999999e-05	111315	6
TM4SF18	3	4.0768999999999997e-07	5.2893769999999996e-05	110666	5
TM4SF19	3	5.9607e-07	6.159594000000001e-05	108450	6
TM4SF4	3	6.4008e-07	0.00018153863	110159	19
TMA7	3	1.9499000000000003e-07	1.862891e-05	100836	1
TMCC1	3	1.3565e-06	9.15768e-06	111566	1
TMEM108	3	9.3336e-07	0.0	111133	0
TMEM110	3	6.560200000000001e-07	2.6435059999999998e-05	108456	2
TMEM110-MUSTN1	3	1.1976e-06	4.430041e-05	108515	4
TMEM115	3	5.825e-07	0.0	108242	0
TMEM14E	3	0.0	0.0	109388	0
TMEM158	3	8.884600000000001e-08	0.0	70630	0
TMEM207	3	4.2816000000000004e-07	8.832457e-05	111419	9
TMEM212	3	5.448399999999999e-07	0.0001338458	60058	8
TMEM39A	3	1.1904e-06	2.6773559999999998e-05	109894	2
TMEM40	3	9.317100000000001e-07	0.00010474034	109607	11
TMEM41A	3	5.4152e-07	4.800997e-05	105692	5
TMEM42	3	1.8497e-07	0.0	113610	0
TMEM43	3	1.2465e-06	0.00012348712	109280	13
TMEM44	3	1.1277e-06	6.257859000000001e-05	103429	6
TMEM45A	3	7.3742e-07	4.4008779999999996e-05	111732	4
TMEM89	3	2.0941e-07	0.0	111311	0
TMF1	3	3.0032e-06	8.053428e-05	109503	8
TMIE	3	3.3134e-07	8.831325000000001e-05	110227	9
TMPPE	3	4.1387e-07	2.703433e-05	110676	2
TMPRSS7	3	2.0522e-06	0.00055262233	102376	56
TNFSF10	3	6.6673e-07	3.5260159999999995e-05	111418	3
TNIK	3	5.3328e-06	4.458654000000001e-05	103984	4
TNK2	3	2.2867e-06	0.00017710324	100677	17
TNNC1	3	3.5278e-07	1.11977e-05	108346	1
TOMM70A	3	1.5962e-06	0.00022194505000000002	108774	24
TOP2B	3	4.0058e-06	4.464001e-05	102335	4
TOPAZ1	3	3.662e-06	6.6279e-05	60651	4
TOPBP1	3	3.8404000000000005e-06	9.22475e-06	105425	0
TP63	3	2.3744e-06	1.76317e-05	112527	1
TPRA1	3	7.1387e-07	2.6457800000000003e-05	108687	2
TPRG1	3	5.227e-07	5.4162440000000005e-05	110102	5
TRA2B	3	1.246e-06	3.59525e-05	110637	3
TRAIP	3	1.5147999999999999e-06	0.00014089697	109948	15
TRAK1	3	2.2448e-06	0.00011514375	110520	12
TRANK1	3	5.8359e-06	0.00035099216	109344	38
TRAT1	3	6.809600000000001e-07	7.924074e-05	112350	8
TREX1	3	3.8531e-07	0.0	110980	0
TRH	3	6.0405e-07	0.00013249795	105121	13
TRIM42	3	1.7272e-06	0.000498938	112409	56
TRIM59	3	8.992299999999999e-07	5.3388680000000005e-05	108726	5
TRIM71	3	1.6408e-06	1.01416e-05	108402	1
TRMT10C	3	7.3623e-07	5.3046380000000006e-05	110292	5
TRNT1	3	7.478399999999999e-07	0.00020985924	110807	23
TRPC1	3	2.2240000000000002e-06	3.534519e-05	106913	3
TSC22D2	3	1.1311e-06	7.930922e-05	104517	8
TSEN2	3	1.3245e-06	0.00022240615000000002	112598	25
TTC14	3	1.6111000000000001e-06	0.00011717616000000002	108244	12
TTC21A	3	3.2964999999999997e-06	0.0011907337300000001	111465	132
TTLL3	3	1.748e-06	0.04168575114	109029	4544
TUSC2	3	2.9176999999999997e-07	0.0	108755	0
TWF2	3	1.1578e-06	8.903610000000001e-06	107097	0
TXNRD3NB	3	3.0745e-07	5.557677e-05	108514	6
U2SURP	3	3.5695e-06	0.0	103272	0
UBA3	3	1.7993999999999999e-06	4.495344e-05	106657	4
UBA5	3	1.2579e-06	3.901387e-05	109067	4
UBA7	3	2.4603e-06	0.00039194197999999997	109873	43
UBE2E1	3	3.4811999999999997e-07	8.92507e-06	108587	0
UBE2E2	3	5.1743e-07	0.0	110746	0
UBP1	3	1.6709e-06	0.0	109037	0
UBXN7	3	1.2539e-06	0.0	107185	0
UCN2	3	1.9940999999999998e-07	0.0001657	108293	17
ULK4	3	3.3173e-06	0.004776021920000001	110412	527
UMPS	3	9.0113e-07	7.039326e-05	110954	7
UPK1B	3	7.373899999999999e-07	0.00016744210999999998	112755	18
UQCRC1	3	1.3612e-06	7.0646e-05	107866	7
UROC1	3	1.8631e-06	0.00015943551	109375	17
USP13	3	2.817e-06	0.00037546142999999996	111229	41
USP19	3	3.3159e-06	1.7855e-05	110950	1
USP4	3	2.5425e-06	0.00067085271	109863	73
UTS2B	3	3.9955999999999996e-07	0.00013247389999999999	102450	13
VEPH1	3	1.8846000000000001e-06	0.00063553606	111517	70
VGLL3	3	6.0559e-07	1.840622e-05	105472	1
VGLL4	3	3.444300000000001e-07	1.768375e-05	101905	1
VHL	3	4.4744e-07	2.104966e-05	106415	2
VILL	3	2.3378e-06	0.0011852613400000001	109606	129
VIPR1	3	1.3237000000000001e-06	0.00032126987	105039	33
VPRBP	3	2.4658e-06	0.0	105823	0
VPS8	3	4.5647000000000005e-06	0.0009629152499999999	104062	100
VWA5B2	3	2.7384e-06	9.973270000000001e-05	87804	8
WDR48	3	2.4299000000000002e-06	4.427366e-05	109728	4
WDR49	3	1.7286e-06	0.00042812191	107094	45
WDR52	3	5.4661e-06	0.00021193617999999998	104695	22
WDR53	3	6.737100000000001e-07	9.915534999999999e-05	109347	10
WDR5B	3	4.1672e-07	0.0010563445800000001	111323	117
WDR6	3	2.6764e-06	0.00018864421000000002	109085	20
WDR82	3	8.028699999999999e-07	1.8379089999999998e-05	105851	1
WNT5A	3	9.0521e-07	8.84956e-06	104142	0
WNT7A	3	7.251100000000001e-07	2.6420149999999998e-05	111091	2
WWTR1	3	8.754e-07	2.0863939999999998e-05	105203	2
XCR1	3	3.658e-07	6.162895e-05	111898	6
XIRP1	3	3.038e-06	0.00064535686	111651	72
XPC	3	2.3564e-06	0.0001721757	108058	18
XRN1	3	4.8907e-06	0.00010671553999999998	108755	11
XXYLT1	3	4.5494e-07	0.0001193843	106502	12
XXcos-LUCA11.5	3	1.4372e-07	0.0	108752	0
XYLB	3	1.6988e-06	0.00047615062000000007	111313	53
YEATS2	3	3.9654e-06	0.00010458760000000001	107939	11
ZBBX	3	2.2812e-06	0.00327255261	105670	345
ZBED2	3	2.2079e-07	2.697513e-05	109364	2
ZBTB11	3	3.0307e-06	0.00011745893999999998	108784	12
ZBTB20	3	1.1518000000000001e-06	0.0	110544	0
ZBTB38	3	1.9469e-06	2.653405e-05	112337	2
ZBTB47	3	1.2684e-06	0.0	105809	0
ZCWPW2	3	7.870100000000001e-07	0.00023187057999999997	106890	24
ZDHHC19	3	8.059300000000001e-07	6.22859e-05	102367	6
ZDHHC23	3	1.0994e-06	0.00012371528	109156	13
ZDHHC3	3	1.1225e-06	5.276869000000001e-05	109059	5
ZFYVE20	3	2.4442e-06	7.92307e-05	110347	8
ZIC1	3	5.6537e-07	0.0	108791	0
ZIC4	3	8.9733e-07	7.94665e-05	105818	8
ZKSCAN7	3	1.6971e-06	0.00023980119	112052	26
ZMAT3	3	8.440700000000001e-07	3.528889e-05	111876	3
ZMYND10	3	1.3305e-06	0.00011508719999999999	109305	12
ZNF148	3	1.3862e-06	0.0	109660	0
ZNF197	3	1.8659e-06	0.00028889028999999996	110859	32
ZNF35	3	9.9428e-07	4.40412e-05	110698	4
ZNF385D	3	9.1686e-07	2.7244250000000003e-05	108377	2
ZNF445	3	2.0139e-06	1.7608270000000003e-05	111477	1
ZNF501	3	4.1365e-07	8.818189999999999e-06	111546	0
ZNF502	3	1.0423e-06	0.00022022232999999996	112600	24
ZNF589	3	2.5186e-07	2.6498000000000003e-05	108432	2
ZNF619	3	8.2949e-07	8.735396999999999e-05	105989	9
ZNF620	3	5.9254e-07	3.550214e-05	111522	3
ZNF621	3	8.113299999999999e-07	0.00013195856	110571	14
ZNF639	3	7.6154e-07	3.605956e-05	108094	3
ZNF654	3	8.187399999999999e-07	0.0	105631	0
ZNF660	3	6.7033e-07	4.404852e-05	109344	4
ZNF662	3	1.181e-06	0.00036941192	111475	41
ZNF717	3	6.5612e-08	0.0	60399	0
ZNF80	3	0.0	0.0	112205	0
ZNF852	3	1.0766e-06	0.00041616826	111498	46
ZNF860	3	0.0	0.0	109446	0
ZPLD1	3	1.3138e-06	0.00018584618999999998	111578	20
ZXDC	3	1.3633000000000001e-06	0.00016858229	106280	17
