SYMBOL	chromosome	mu_lof	AF_nfe	AN_nfe	NFE_k
AADAT	4	9.836399999999998e-07	2.687107e-05	110598	2
AASDH	4	2.2687999999999998e-06	0.00014240575	109788	15
ABCE1	4	2.2074000000000002e-06	8.83783e-06	107343	0
ABCG2	4	2.2175e-06	0.0009617675099999999	111452	107
ABLIM2	4	2.642e-06	7.22516e-05	105695	7
AC079341.1	4	0.0	0.0	108644	0
AC110615.1	4	8.0144e-08	8.83096e-06	111342	0
ACOX3	4	1.8576e-06	0.00043298729000000005	109767	47
ACSL1	4	2.6323e-06	5.3254630000000005e-05	110112	5
ADAD1	4	1.3438e-06	3.55042e-05	109000	3
ADAM29	4	0.0	0.0	111339	0
ADAMTS3	4	3.4277999999999996e-06	0.00019564593999999997	110991	21
ADD1	4	1.8158e-06	0.00022035347000000003	106271	23
ADH1A	4	6.3344e-07	0.00070382595	112450	79
ADH1B	4	6.1651e-07	0.00017609038	112863	19
ADH4	4	5.9711e-07	4.524101e-05	110508	4
ADH5	4	6.9294e-07	0.00013137708999999998	108189	14
ADH6	4	6.520799999999999e-07	0.0006409909999999999	109174	69
ADH7	4	6.203499999999999e-07	8.039746e-05	108178	8
ADRA2C	4	4.5052e-07	3.63557e-05	104187	3
AFAP1	4	1.9442e-06	0.00017982841	107130	19
AFF1	4	2.7125e-06	4.4059049999999996e-05	110650	4
AFM	4	1.4331e-06	0.0004448838	109757	48
AFP	4	1.7794e-06	0.00011527468999999999	111038	12
AGA	4	8.476899999999999e-07	9.691595999999999e-05	110452	10
AGPAT9	4	1.5886000000000001e-06	0.00081978974	110562	90
AIMP1	4	8.0707e-07	0.00012342357	105726	13
ALB	4	1.9061e-06	5.2939969999999996e-05	112225	5
ALPK1	4	2.5789e-06	0.00022099987	111165	24
AMBN	4	9.747799999999998e-07	0.00044039234000000006	110772	48
AMTN	4	4.8463e-07	0.00011538987	111129	12
ANAPC10	4	5.183399999999999e-07	2.655532e-05	110397	2
ANAPC4	4	2.7233999999999996e-06	3.549955e-05	108145	3
ANK2	4	9.4292e-06	1.7600529999999997e-05	111633	1
ANKRD17	4	5.1642e-06	1.770602e-05	108858	1
ANKRD37	4	3.6984000000000003e-07	8.79229e-06	112392	0
ANKRD50	4	3.0929e-06	3.532251e-05	112364	3
ANTXR2	4	1.2365000000000001e-06	6.953136e-05	98604	6
ANXA10	4	1.5858000000000001e-06	0.00026635951	108862	28
ANXA3	4	1.2341e-06	0.00020310387999999998	112091	22
ANXA5	4	1.1693e-06	0.00056489245	109789	62
AP001816.1	4	0.0	0.0	100665	0
AP1AR	4	9.4177e-07	4.4585209999999995e-05	104193	4
APBB2	4	2.2884e-06	0.0005807643	111589	64
ARAP2	4	4.7522e-06	0.00042899565	108391	46
AREG	4	2.3897e-07	0.0	101186	0
AREGB	4	1.8854e-07	0.0	92271	0
ARFIP1	4	8.723399999999999e-07	2.6893959999999998e-05	110127	2
ARHGAP10	4	2.6282e-06	0.00038604187000000005	110299	42
ARHGAP24	4	2.3606e-06	0.00035207672	112030	39
ARHGEF38	4	1.3649e-06	0.00103726564	111105	115
ARL9	4	3.17e-07	0.0	110822	0
ARSJ	4	1.079e-06	0.00011489611999999999	111001	12
ART3	4	1.087e-06	0.00013336311000000002	108033	14
ASB5	4	1.1101e-06	0.0001948694	111230	21
ASIC5	4	1.0172e-06	0.0006278807299999999	108934	68
ATOH1	4	3.6995e-07	0.0	107516	0
ATP10D	4	4.0239e-06	0.00034451295	111474	38
ATP5I	4	1.8986e-07	8.80918e-06	109261	0
ATP8A1	4	4.0388999999999996e-06	0.00012363904	109692	13
BANK1	4	2.3148e-06	0.00021292105	108811	23
BBS12	4	1.2344e-06	0.0002114996	113357	23
BBS7	4	1.7730000000000002e-06	7.919757e-05	111182	8
BDH2	4	6.6538e-07	0.00025686183	110604	28
BEND4	4	1.3298e-06	8.895210000000002e-06	101218	0
BLOC1S4	4	5.1222e-08	0.0	104809	0
BMP2K	4	2.503e-06	8.288257e-05	109635	9
BMP3	4	7.443600000000001e-07	3.552149e-05	107922	3
BMPR1B	4	1.4463e-06	8.838610000000001e-06	112459	0
BOD1L1	4	4.7868000000000005e-06	8.846629000000001e-05	107092	9
BST1	4	1.1387e-06	0.00033687608	108514	36
BTC	4	3.2559e-07	0.0	111626	0
C1QTNF7	4	3.7745e-07	4.558804e-05	108644	4
C4orf17	4	6.0588e-07	0.00021311212000000004	111792	23
C4orf19	4	4.496000000000001e-08	0.0	111224	0
C4orf21	4	4.3361e-06	0.00126977367	105219	133
C4orf22	4	5.240399999999999e-07	0.00057696467	110012	63
C4orf26	4	1.3963e-07	0.0	111792	0
C4orf27	4	8.2375e-07	7.401949999999999e-05	104247	7
C4orf29	4	1.44e-06	0.0010488867	102891	107
C4orf3	4	3.6003e-07	0.0	107941	0
C4orf32	4	2.4736999999999997e-07	0.0	110911	0
C4orf33	4	5.3331e-07	0.0002600672	108396	28
C4orf36	4	1.6565e-07	1.76058e-05	111817	1
C4orf40	4	2.9589000000000004e-07	2.3233699999999997e-05	109049	2
C4orf45	4	4.4311999999999996e-07	5.4860119999999995e-05	106114	5
C4orf46	4	1.1902999999999999e-07	9.32418e-06	103663	0
C4orf47	4	7.328399999999999e-07	0.0028651269	77415	221
C4orf48	4	8.823700000000001e-08	0.0	59638	0
C4orf50	4	1.0881e-06	0.011935872790000001	109658	1308
C4orf51	4	5.4277e-07	4.446607e-05	109951	4
C4orf6	4	1.2927e-07	6.316378e-05	101324	6
CABS1	4	2.7928e-07	8.919169999999999e-06	112037	0
CAMK2D	4	1.699e-06	6.188850000000001e-05	107447	6
CASP3	4	8.1639e-07	1.7774e-05	106486	1
CASP6	4	6.418600000000001e-07	8.947707e-05	109768	9
CBR4	4	3.6042e-07	9.604431999999999e-05	105797	10
CC2D2A	4	5.523200000000001e-06	0.00048200654	101951	49
CCDC109B	4	7.0898e-07	8.859786e-05	107364	9
CCDC110	4	1.6231e-06	0.00055701207	106676	59
CCDC149	4	1.4188999999999999e-06	7.045366999999999e-05	102310	7
CCDC158	4	3.3277999999999997e-06	0.0008437115199999999	110667	93
CCDC96	4	1.0915e-06	0.00011025988000000001	104624	11
CCKAR	4	5.6512e-07	3.526053e-05	112372	3
CCNA2	4	1.1502e-06	0.0	109035	0
CCNG2	4	7.4205e-07	4.4241940000000004e-05	110934	4
CCNI	4	6.1232e-07	8.83548e-06	110626	0
CCRN4L	4	9.8943e-07	4.425686e-05	110800	4
CCSER1	4	1.9608e-06	5.413045e-05	107123	5
CD38	4	6.882600000000001e-07	0.00027484479	111041	30
CDKL2	4	1.3758e-06	0.012799203909999998	110204	1410
CDKN2AIP	4	9.5626e-07	8.84971e-06	109477	0
CDS1	4	1.1833e-06	7.113814e-05	107836	7
CENPC	4	2.2272e-06	9.011776e-05	99621	8
CENPE	4	6.8885e-06	0.00025097771000000003	107418	26
CENPU	4	1.0573e-06	0.00010046534999999999	108749	10
CEP135	4	4.5269e-06	0.00036557906	108605	39
CEP44	4	8.4709e-07	8.851144e-05	107695	9
CFI	4	1.9373e-06	0.00019358843999999997	111233	21
CHIC2	4	5.5659e-07	8.821139999999999e-06	107080	0
CHRNA9	4	9.6647e-07	0.00033456227999999996	112426	37
CISD2	4	2.1933000000000005e-07	0.0	107081	0
CLCN3	4	2.2005e-06	1.7661e-05	109655	1
CLDN22	4	3.6089e-07	9.057028e-05	106134	9
CLDN24	4	3.7204e-07	6.356374e-05	105790	6
CLGN	4	1.3613999999999998e-06	0.0003965597	108997	43
CLNK	4	1.264e-06	0.00044433261	104629	46
CLOCK	4	2.7303e-06	1.8024670000000002e-05	110531	1
CLRN2	4	5.95e-07	1.773118e-05	108363	1
CNGA1	4	2.0414e-06	0.00044268347999999996	111394	49
CNOT6L	4	1.3261e-06	2.6578920000000002e-05	107970	2
COL25A1	4	2.7005000000000002e-06	0.00029596624	110343	32
COMMD8	4	6.4107e-07	5.322503000000001e-05	108300	5
COPS4	4	1.1839e-06	8.871849999999999e-06	108500	0
COQ2	4	6.3247e-07	0.02624719502	95815	2514
CORIN	4	2.4473e-06	0.00056751564	111033	63
COX18	4	8.9194e-07	0.00014712067	104953	15
COX7B2	4	0.0	0.0	113373	0
CPE	4	1.325e-06	9.59546e-06	107933	1
CPEB2	4	2.1247e-06	8.899810000000001e-06	104855	0
CPLX1	4	2.4425000000000003e-07	0.0	104349	0
CPZ	4	1.1679999999999999e-06	0.00111648493	107367	119
CRIPAK	4	0.0	0.0	108617	0
CRMP1	4	1.2586e-06	8.80018e-06	109051	0
CSN1S1	4	7.694e-07	0.00064058044	100890	64
CSN2	4	4.875399999999999e-07	0.00011554292	109166	12
CSN3	4	1.6782e-07	9.63688e-06	108458	1
CTBP1	4	8.987799999999998e-07	8.83845e-06	105482	0
CTSO	4	7.6369e-07	0.00018318018	109801	20
CWH43	4	1.6868999999999999e-06	0.00038127832	108089	41
CXCL1	4	2.2593000000000004e-07	2.641143e-05	109375	2
CXCL10	4	1.9791e-07	0.0	112465	0
CXCL11	4	1.7229e-07	0.0	110176	0
CXCL13	4	3.0861999999999997e-07	0.0	112602	0
CXCL2	4	2.0221e-07	0.00036346349999999997	110074	40
CXCL3	4	1.958e-07	2.6388070000000004e-05	110962	2
CXCL5	4	2.1564e-07	3.526717e-05	105914	3
CXCL6	4	1.9605e-07	4.4969179999999995e-05	108547	4
CXCL9	4	2.0941e-07	2.6847150000000003e-05	111614	2
CXXC4	4	3.0387e-07	0.0	107441	0
CYP2U1	4	1.0718e-06	6.029615e-05	106580	6
CYP4V2	4	1.2876e-06	0.00060700583	110781	67
CYTL1	4	3.5346e-07	0.00021241327999999997	105154	22
DAPP1	4	6.3323e-07	0.0	102356	0
DCAF16	4	4.9173e-07	2.63789e-05	111187	2
DCAF4L1	4	4.328100000000001e-07	8.797239999999999e-06	111275	0
DCHS2	4	4.374e-06	0.005953268889999999	111083	661
DCK	4	8.8154e-07	2.739232e-05	104950	2
DCLK2	4	1.9901e-06	2.6439229999999998e-05	108843	2
DCTD	4	3.9171e-07	5.2770200000000005e-05	112024	5
DCUN1D4	4	9.443000000000001e-07	1.784041e-05	110022	1
DDIT4L	4	3.3564999999999996e-07	4.4609390000000006e-05	112089	5
DDX60	4	5.0007e-06	0.00061135623	107261	65
DDX60L	4	4.1312e-06	0.00210673796	103081	217
DEFB131	4	4.2198000000000005e-08	1.91983e-05	107606	2
DGKQ	4	2.3687e-06	0.00019193478	102594	19
DHX15	4	3.0461e-06	8.793989999999998e-06	110144	0
DKK2	4	8.2175e-07	0.0	110796	0
DMP1	4	7.837100000000001e-07	0.0001848837	113289	20
DNAJB14	4	1.3954e-06	2.6548459999999996e-05	107931	2
DOK7	4	7.703699999999999e-07	5.3414140000000004e-05	95226	5
DRD5	4	6.1893e-07	0.0028553032899999997	109425	312
DSPP	4	8.523299999999999e-07	7.959752e-05	109672	8
DTHD1	4	1.3081e-06	0.00018032919999999997	60967	10
EDNRA	4	9.4604e-07	0.0	110815	0
EGF	4	3.8314e-06	0.00032570225	113041	36
EIF4E	4	1.0673000000000001e-06	0.0	102203	0
ELF2	4	1.2722e-06	1.814109e-05	110346	2
ELMOD2	4	1.0224e-06	5.438473000000001e-05	108127	5
ELOVL6	4	8.869499999999999e-07	8.79198e-06	110067	0
EMCN	4	7.7862e-07	0.0001068191	109401	11
ENAM	4	1.9764e-06	0.00016770075	113250	18
ENOPH1	4	8.3221e-07	7.063653e-05	110845	7
ENPEP	4	2.4721e-06	0.01432194295	110597	1583
ENPP6	4	8.759000000000001e-07	7.057458e-05	111769	7
EPGN	4	3.0665e-07	8.914584999999999e-05	109293	9
EPHA5	4	2.2895e-06	6.273505999999999e-05	109997	6
EREG	4	4.6468000000000006e-07	3.578942e-05	111171	3
ETFDH	4	1.5244e-06	0.0003558747	111456	39
ETNPPL	4	1.2041e-06	0.00031797906	111910	35
EVC	4	2.6481e-06	0.00031105928	107820	33
EVC2	4	3.6482e-06	0.0005922072599999999	111826	66
EXOC1	4	2.7202999999999996e-06	0.00012340839	109122	13
EXOSC9	4	1.4213999999999999e-06	0.0005580025900000001	110562	61
F11	4	1.7222e-06	0.0006602497900000001	112651	74
FABP2	4	3.1570999999999996e-07	1.909975e-05	104656	1
FAM114A1	4	1.1249e-06	0.00022851272000000002	109622	25
FAM13A	4	3.4519e-06	0.00134514989	110140	148
FAM149A	4	1.2694e-06	3.568217e-05	109390	3
FAM160A1	4	1.7933e-06	0.00021659130000000002	60261	13
FAM175A	4	1.1186e-06	0.00014152964	108887	15
FAM184B	4	2.6542000000000004e-06	0.00019857919999999998	60480	12
FAM193A	4	2.2671000000000003e-06	0.00100736237	110555	111
FAM198B	4	1.4806999999999999e-06	0.00019462678	111950	21
FAM218A	4	0.0	0.0	110200	0
FAM47E	4	6.4949e-07	0.0005305495999999999	60528	32
FAM47E-STBD1	4	5.7541e-07	0.0013864802800000002	91400	126
FAM47E-STBD1	4	4.8905e-07	0.0013864802800000002	91400	126
FAM53A	4	4.4909999999999996e-07	1.1717e-05	102551	1
FAT1	4	7.8733e-06	0.0002575635	111296	28
FAT4	4	7.1775e-06	6.190224000000001e-05	111595	6
FBXL5	4	1.5091999999999999e-06	3.802e-05	107161	4
FBXO8	4	7.602299999999999e-07	1.812772e-05	108314	1
FBXW7	4	2.3658000000000003e-06	0.00016876013999999999	107670	18
FDCSP	4	2.7988000000000004e-07	9.22305e-06	108619	1
FGA	4	1.9876e-06	0.00022899759	111008	25
FGB	4	1.1045e-06	7.97194e-05	109788	8
FGF2	4	5.712600000000001e-07	2.637566e-05	109493	2
FGF5	4	5.8419e-07	0.00018023715	108305	19
FGFBP1	4	1.1819000000000001e-07	0.0	110648	0
FGFBP2	4	9.474700000000001e-08	9.10448e-06	108099	0
FGFR3	4	1.9993e-06	9.692023999999999e-05	102672	9
FGFRL1	4	8.4796e-07	2.72198e-05	98424	2
FGG	4	1.2066e-06	1.763637e-05	112009	1
FHDC1	4	1.9811e-06	7.079295e-05	107959	7
FIP1L1	4	2.6592000000000003e-06	8.988117e-05	107834	9
FNIP2	4	2.5514e-06	8.879889999999999e-06	109103	0
FRAS1	4	9.5937e-06	0.00094215221	107809	101
FRG1	4	5.8015e-07	0.00016701647000000002	105620	17
FRG2	4	3.2654e-08	0.0	109839	0
FRYL	4	8.4682e-06	0.00012210524	109522	13
FSTL5	4	2.08e-06	0.00020643887999999998	106653	22
G3BP2	4	1.6322e-06	0.0	109603	0
GAB1	4	2.0141999999999997e-06	5.304347e-05	108403	5
GABRA2	4	9.9416e-07	8.99717e-06	109998	0
GABRA4	4	1.1891e-06	2.768653e-05	109508	3
GABRB1	4	1.5508e-06	8.797239999999999e-06	109537	0
GABRG1	4	1.0464e-06	4.5458900000000006e-05	107594	4
GAK	4	3.0493e-06	8.428733e-05	105677	8
GALNT7	4	2.0747e-06	0.00012685111	109667	13
GALNTL6	4	1.8147e-06	0.00011478065	111005	12
GAR1	4	7.2772e-07	2.6726529999999998e-05	109460	2
GC	4	1.3119999999999999e-06	8.900620000000001e-05	109799	9
GK2	4	8.906200000000001e-07	0.00018461060000000002	112519	20
GLRA3	4	2.0232e-06	0.00011509111000000001	110353	12
GLRB	4	1.2818000000000002e-06	7.064539000000001e-05	110834	7
GNPDA2	4	4.5986999999999995e-07	3.7266570000000005e-05	105483	3
GNRHR	4	6.1416e-07	1.761914e-05	112802	1
GPM6A	4	5.8079e-07	0.0	109135	0
GPR125	4	3.347e-06	4.407957e-05	111183	4
GPR78	4	3.4356000000000004e-07	3.687292e-05	104772	3
GPRIN3	4	8.886399999999999e-07	7.061631e-05	112964	7
GRIA2	4	1.9881e-06	1.765537e-05	109476	1
GRID2	4	3.2223e-06	2.776889e-05	111632	3
GRK4	4	1.5957e-06	0.00016774580000000002	107704	18
GRPEL1	4	5.172699999999999e-07	3.70923e-05	109546	4
GRSF1	4	1.52e-06	0.00013057368	108238	14
GRXCR1	4	1.0211e-06	0.00010626096000000002	112715	11
GSTCD	4	1.532e-06	8.838348e-05	110381	9
GSX2	4	3.3325000000000005e-07	8.86211e-06	105655	0
GUCY1A3	4	1.8999e-06	0.00012444566	110810	13
GUCY1B3	4	1.6166e-06	6.271621e-05	106932	6
GUF1	4	1.9371e-06	0.00034731126000000004	105766	36
GYPA	4	5.1625e-07	5.79228e-05	109889	6
GYPB	4	2.4636e-07	2.6454990000000003e-05	107563	2
GYPE	4	2.9477e-07	3.593573e-05	103132	3
H2AFZ	4	2.9214e-07	0.0	108305	0
HADH	4	8.570100000000001e-07	5.276081e-05	109115	5
HAND2	4	2.1769e-07	0.0	103875	0
HAUS3	4	1.0819e-06	0.00014561032	109126	15
HELQ	4	2.1913e-06	0.00053259641	109289	58
HELT	4	4.2921000000000007e-07	0.00012457790000000002	105263	13
HERC3	4	2.6358e-06	9.727049e-05	110682	10
HERC5	4	2.0996e-06	0.00016941127	109488	18
HERC6	4	2.0653e-06	0.0018294716800000002	103338	189
HGFAC	4	1.327e-06	0.00032061999	98779	31
HHIP	4	1.4623e-06	2.649676e-05	110058	2
HMGB2	4	4.6748999999999996e-07	0.0	109837	0
HMX1	4	1.9027000000000002e-07	0.0	71308	0
HNRNPD	4	1.0614e-06	8.8213e-06	105211	0
HNRNPDL	4	1.1016e-06	4.5853559999999995e-05	110264	5
HOPX	4	2.1896e-07	0.0	97925	0
HPGD	4	5.2825e-07	1.834729e-05	109039	2
HPGDS	4	3.9678000000000004e-07	0.00015242577	111305	16
HPSE	4	1.5344e-06	0.0031628861800000003	108868	344
HS3ST1	4	5.740200000000001e-07	2.6442600000000003e-05	110753	2
HSD17B11	4	6.059100000000001e-07	4.432294e-05	110006	4
HSD17B13	4	7.653100000000001e-07	0.0024337232	109251	265
HSPA4L	4	2.1466e-06	7.997566e-05	109663	8
HTN1	4	1.2452e-07	0.000450321	108123	48
HTN3	4	2.6925999999999996e-07	0.00026689607	111606	29
HTRA3	4	7.934399999999999e-07	8.644988e-05	107136	9
HTT	4	8.0882e-06	7.983096e-05	109520	8
IBSP	4	1.0551e-06	0.00016452366999999998	108822	17
IDUA	4	1.2037e-06	0.00087680796	97525	85
IGFBP7	4	4.5262e-07	8.807780000000001e-06	105271	0
IGJ	4	3.4696e-07	5.286249e-05	112692	5
IL15	4	4.3963e-07	0.0	107554	0
IL2	4	2.4552e-07	0.0	106953	0
IL21	4	3.1003e-07	8.81414e-06	110333	0
IL8	4	1.8705999999999998e-07	0.00119853144	108956	130
ING2	4	6.482300000000001e-07	1.3620299999999999e-05	103743	1
INPP4B	4	3.0769e-06	6.218736e-05	109167	6
INTS12	4	9.8262e-07	1.785134e-05	109341	1
INTU	4	1.967e-06	0.00020275707	109658	22
IRF2	4	9.376899999999999e-07	3.862149e-05	110320	4
JADE1	4	2.0057e-06	5.292216e-05	111966	5
JAKMIP1	4	2.8022000000000005e-06	1.758613e-05	106216	1
KCNIP4	4	6.0982e-07	8.817250000000001e-06	108663	0
KCTD8	4	5.078100000000001e-07	7.920484e-05	101978	8
KDR	4	3.8652e-06	3.5258809999999996e-05	112516	3
KIAA0232	4	2.7614999999999997e-06	2.672047e-05	111417	2
KIAA0922	4	3.7943000000000002e-06	4.55638e-05	108841	4
KIAA1109	4	1.3677e-05	0.00044840468	108904	48
KIAA1211	4	2.4089e-06	5.586098000000001e-05	108216	6
KIAA1239	4	2.956e-06	8.288709999999999e-05	61016	5
KIAA1430	4	7.005800000000001e-07	0.0003659853	107577	39
KIT	4	2.3825e-06	2.6450920000000003e-05	112368	2
KLB	4	2.7036000000000003e-06	8.827889e-05	110553	9
KLF3	4	6.999e-07	0.0	109920	0
KLHL2	4	1.7076e-06	8.801580000000001e-06	110535	0
KLHL5	4	1.7587e-06	9.708661e-05	110072	10
KLHL8	4	1.7737e-06	6.292514000000001e-05	109964	6
KLKB1	4	1.5669e-06	0.0003005786	112757	33
LAMTOR3	4	5.2937e-07	8.93368e-06	104704	0
LAP3	4	1.1581e-06	8.913104e-05	110023	9
LARP1B	4	3.3576e-06	0.00022260398999999998	109567	24
LARP7	4	1.4091e-06	0.00026008607	106735	27
LCORL	4	1.4858e-06	0.00012758768	91569	11
LDB2	4	8.7508e-07	9.43289e-06	109900	1
LEF1	4	9.4911e-07	8.80142e-06	112068	0
LETM1	4	1.4344e-06	5.2978519999999996e-05	106653	5
LGI2	4	1.1568e-06	0.00011750896	109221	12
LIAS	4	1.0774e-06	6.348004e-05	107304	6
LIMCH1	4	3.2593e-06	0.00011482973999999998	109692	12
LIN54	4	2.0566999999999997e-06	4.682938e-05	111141	5
LINC01098	4	2.063e-07	1.779981e-05	110421	1
LNX1	4	1.9816e-06	0.00013272412	110741	14
LPHN3	4	3.4430000000000003e-06	2.686833e-05	104765	2
LRAT	4	2.5132e-07	2.6382290000000002e-05	113231	2
LRBA	4	8.3169e-06	0.00112197629	109881	123
LRIT3	4	8.4044e-07	0.00011581495000000001	102310	11
LRP2BP	4	1.04e-06	0.00022876661000000001	111700	25
LRPAP1	4	7.075e-07	5.358294e-05	103034	5
LRRC66	4	4.4666000000000006e-07	0.00014349437	111564	16
LSM6	4	5.3728e-07	0.0	110901	0
LYAR	4	9.3442e-07	0.00016776505000000002	111185	18
MAB21L2	4	7.978699999999999e-07	1.767902e-05	110508	1
MAD2L1	4	5.1985e-07	0.0	110222	0
MAEA	4	1.0512e-06	8.84017e-06	107769	0
MAML3	4	2.4782e-06	3.5741279999999995e-05	107573	3
MAN2B2	4	2.5856e-06	0.00031630492999999997	110547	34
MANBA	4	2.2869e-06	0.0005044691799999999	111449	56
MAP9	4	1.3163999999999998e-06	0.00236298261	105239	248
MAPK10	4	1.1368e-06	2.664482e-05	111351	2
MARCH1	4	8.8109e-07	2.693063e-05	111779	3
MED28	4	4.6543e-07	3.561454e-05	93328	3
MEPE	4	3.8154e-07	6.179807e-05	111958	6
METAP1	4	1.2344e-06	4.354965999999999e-05	99810	4
METTL14	4	1.7349000000000001e-06	6.523294e-05	107718	7
MFAP3L	4	6.355e-07	8.83423e-06	112343	0
MFSD10	4	9.0153e-07	0.00018903643	105116	19
MFSD7	4	9.8369e-07	0.00015303055000000001	104319	15
MFSD8	4	1.5403e-06	0.00010581589	112742	11
MGARP	4	1.9977999999999998e-07	6.324816e-05	107908	6
MGST2	4	3.5091e-07	8.81554e-06	111245	0
MMAA	4	1.4522999999999998e-06	0.00055624206	112977	62
MMRN1	4	2.0711e-06	0.00030755797	109872	33
MND1	4	9.7028e-07	0.00012335516999999999	104671	12
MOB1B	4	4.3662e-07	8.80297e-06	107821	0
MRFAP1	4	1.7687999999999998e-07	8.7943e-06	109817	0
MRFAP1L1	4	2.0675e-07	3.516548e-05	112641	3
MRPL1	4	9.544599999999999e-07	9.867565999999999e-05	110611	10
MRPS18C	4	3.7804e-07	0.00013220923999999998	111481	14
MSANTD1	4	4.1768e-07	1.81297e-05	100523	1
MSMO1	4	5.4768e-07	1.762938e-05	112472	1
MSX1	4	2.6537e-07	9.96969e-06	101508	1
MTHFD2L	4	7.8327e-07	0.00010765515	109061	11
MTNR1A	4	3.6351e-07	0.00030882686000000003	111175	34
MTTP	4	2.0440000000000003e-06	9.684328000000001e-05	112371	10
MUC7	4	4.7599999999999996e-08	8.8574e-06	112885	0
MXD4	4	4.9281e-07	0.0	101586	0
MYL5	4	4.7221e-07	0.00015323393	105396	16
MYOZ2	4	5.6347e-07	9.68072e-05	112936	10
N4BP2	4	2.9468e-06	0.00017887866	110975	19
NAA11	4	4.121e-07	0.00010585496	110642	11
NAA15	4	2.1964e-06	6.242857e-05	104483	6
NAAA	4	1.0684e-06	0.00025641383	109779	28
NAF1	4	1.0335e-06	8.8053e-06	102627	0
NAP1L5	4	2.5953000000000005e-07	0.0	107063	0
NAT8L	4	3.6522e-07	0.0	105746	0
NCAPG	4	2.109e-06	8.127826e-05	108733	8
NDNF	4	8.218700000000001e-07	4.440784000000001e-05	111326	4
NDST3	4	2.1335e-06	0.00014172297	110255	15
NDST4	4	2.6515e-06	9.72103e-05	109320	10
NDUFC1	4	2.9934000000000003e-07	0.0	100428	0
NEIL3	4	1.0701000000000001e-06	0.00016965066000000002	110315	18
NEK1	4	3.8111000000000002e-06	0.00069591003	103213	71
NELFA	4	1.2443e-06	8.7943e-06	102914	0
NEUROG2	4	2.3724e-07	0.0	96263	0
NFKB1	4	2.1868e-06	8.845019999999999e-06	111061	0
NFXL1	4	3.1166000000000004e-06	0.00019034751	106518	20
NIPAL1	4	6.5101e-07	6.170576999999999e-05	109818	6
NKX1-1	4	1.8288e-07	0.0	73192	0
NKX3-2	4	3.2092e-07	9.73066e-06	93568	0
NKX6-1	4	3.3118000000000003e-07	3.52229e-05	111611	3
NMU	4	8.5225e-07	0.00022873529	110109	25
NOA1	4	1.3822e-06	0.00012571043	107035	13
NOP14	4	2.5083e-06	0.00012325518	107033	13
NPFFR2	4	8.6988e-07	0.00076989651	110068	84
NPNT	4	1.5641999999999998e-06	0.0005704680000000001	110097	62
NPY1R	4	6.2619e-07	8.79554e-06	111595	0
NPY2R	4	6.1551e-07	3.516915e-05	113524	3
NPY5R	4	5.02e-07	8.79461e-06	111975	0
NR3C2	4	2.6742e-06	2.638693e-05	112290	2
NSG1	4	2.9811e-07	6.170935e-05	110924	6
NSUN7	4	1.3149000000000001e-06	6.180148e-05	100958	6
NUDT6	4	1.0676e-06	0.00016883237	108366	18
NUDT9	4	1.0616e-06	0.00021214433999999996	109715	23
NUP54	4	1.5719e-06	2.71304e-05	108584	2
OCIAD1	4	1.3295e-06	0.00018838159999999999	107728	20
OCIAD2	4	6.3021e-07	9.051442e-05	110280	9
ODAM	4	9.8169e-07	0.00025964552	109120	28
OSTC	4	5.5067e-07	8.842339e-05	111398	9
OTOP1	4	1.0312e-06	0.0012176161	110357	134
OTUD4	4	3.0843000000000003e-06	8.81523e-06	109562	0
PABPC4L	4	8.9595e-07	6.65e-05	63863	4
PACRGL	4	8.2066e-07	0.00030947459	111205	34
PAICS	4	1.2308e-06	3.380049e-05	98304	3
PALLD	4	3.5241000000000003e-06	0.00038928699000000003	111728	43
PAPSS1	4	1.8258000000000002e-06	0.00021317842999999997	108642	23
PAQR3	4	9.4573e-07	0.00011607678	110918	12
PARM1	4	4.2031000000000004e-07	2.7142329999999998e-05	108875	2
PCDH10	4	1.6413999999999999e-06	1.776943e-05	110241	1
PCDH18	4	1.6905000000000002e-06	4.4250290000000005e-05	111833	4
PCDH7	4	1.5231999999999999e-06	2.663928e-05	109172	2
PCGF3	4	5.9349e-07	1.669e-05	105405	1
PDCL2	4	4.5968000000000005e-07	9.42318e-05	97916	9
PDE5A	4	2.3536000000000002e-06	0.00015238823999999998	108653	16
PDE6B	4	2.3517e-06	0.00061076706	109713	67
PDGFC	4	7.013299999999999e-07	0.0	110182	0
PDGFRA	4	2.8268e-06	1.761774e-05	112697	1
PDHA2	4	7.1149e-07	0.00018509379	111786	20
PDLIM3	4	7.722199999999999e-07	8.036656e-05	107439	8
PDLIM5	4	1.6405000000000002e-06	6.296155e-05	108700	6
PDS5A	4	3.6585e-06	3.562405e-05	102504	3
PET112	4	1.346e-06	0.00015224439	110215	16
PF4	4	1.267e-07	6.21074e-05	112122	6
PF4V1	4	1.2715e-07	8.861010000000001e-06	107635	0
PGM2	4	1.9884e-06	0.00036959557	110874	40
PGRMC2	4	3.9755e-07	0.0	97511	0
PHOX2B	4	3.7588999999999996e-07	0.0	104400	0
PI4K2B	4	1.0391e-06	8.830343e-05	108665	9
PIGG	4	1.8922999999999999e-06	0.0014258116599999999	110400	157
PIGY	4	4.586e-08	4.42016e-05	97675	4
PITX2	4	5.0127e-07	0.0	104891	0
PKD2	4	3.4297000000000004e-06	6.173213000000001e-05	112648	6
PLA2G12A	4	4.2816000000000004e-07	5.20712e-05	106661	5
PLAC8	4	3.1212e-07	8.79136e-06	109731	0
PLK4	4	2.3533e-06	0.00010087436	109388	11
PLRG1	4	1.8623e-06	1.82041e-05	108784	1
POLN	4	2.4429e-06	0.0015607984400000002	110156	171
POLR2B	4	3.4168e-06	5.301302e-05	107879	5
POU4F2	4	3.5286e-07	3.78365e-05	99708	3
PPA2	4	9.3588e-07	0.00011739228000000001	99719	11
PPARGC1A	4	2.0008e-06	5.404033e-05	111376	6
PPAT	4	1.3361000000000002e-06	2.651123e-05	108237	2
PPBP	4	1.4998e-07	2.63806e-05	113615	2
PPEF2	4	2.0724000000000003e-06	0.040037422139999994	111057	4446
PPID	4	1.0063e-06	0.00018523202000000002	111373	20
PPM1K	4	6.567100000000001e-07	5.364495e-05	111023	5
PPP2R2C	4	1.0669e-06	0.0007573360000000001	107958	81
PPP3CA	4	1.6702000000000001e-06	0.0	106739	0
PRDM5	4	1.8521e-06	0.00014149251	110908	15
PRDM8	4	7.7899e-07	1.823186e-05	104429	1
PRIMPOL	4	1.4750999999999999e-06	0.00027521621	109310	30
PRKG2	4	2.2027e-06	3.5431009999999994e-05	109899	3
PRMT10	4	1.6143000000000002e-06	0.00013286747	111834	14
PROL1	4	4.0468e-08	0.0	110226	0
PROM1	4	2.449e-06	0.00050785364	103897	52
PRSS12	4	2.4871e-06	0.0013582933900000002	111211	151
PRSS48	4	6.0365e-07	0.00019687651	110213	21
PSAPL1	4	0.0	0.0	109065	0
PTPN13	4	6.1714e-06	0.00060190495	105227	63
PTTG2	4	0.0	0.0	113149	0
PYURF	4	9.2028e-08	0.0	97675	0
QDPR	4	6.888600000000001e-07	8.072989e-05	109710	8
QRFPR	4	9.6302e-07	0.00027556007	109769	30
RAB28	4	6.676000000000001e-07	3.539982e-05	106325	3
RAB33B	4	4.5084e-07	0.0	109848	0
RAP1GDS1	4	1.5653999999999999e-06	7.182435e-05	109059	7
RAPGEF2	4	4.265199999999999e-06	5.671734e-05	109167	6
RASGEF1B	4	1.7445e-06	2.6470770000000002e-05	111129	2
RASL11B	4	6.1217e-07	8.793060000000001e-06	107386	0
RASSF6	4	9.552e-07	0.00035440057999999995	108611	38
RBM46	4	1.1389e-06	3.527297e-05	110315	3
RBM47	4	1.183e-06	0.0003737869	109065	40
RBPJ	4	2.1221e-06	1.61598e-05	106726	1
RCHY1	4	7.8069e-07	4.4711499999999994e-05	109365	4
RELL1	4	4.1711000000000006e-07	0.0	110055	0
REST	4	1.7611000000000002e-06	1.7631579999999998e-05	112277	1
RFC1	4	3.0057e-06	0.00016671481	109947	18
RGS12	4	3.0867e-06	0.00019155502	106164	20
RHOH	4	3.3876e-07	1.7651170000000003e-05	110885	1
RNF150	4	8.967700000000001e-07	2.640969e-05	107496	2
RNF175	4	1.0901e-06	0.0007322862799999999	102599	75
RNF212	4	6.428100000000001e-07	2.6529570000000002e-05	109348	2
RNF4	4	4.0758e-07	8.85128e-06	105683	0
RP11-1396O13.13	4	2.0365999999999999e-07	9.017949999999999e-06	111104	1
RP11-215A19.2	4	6.997799999999999e-08	0.000120741	111175	13
RP11-279O9.4	4	6.3889e-08	0.0	98970	0
RP11-455G16.1	4	2.5218e-07	0.00018644400000000002	78204	14
RP11-9B6.1	4	1.9291e-08	0.0	111725	0
RPL34	4	5.922e-07	2.6523800000000002e-05	110026	2
RPL9	4	5.159600000000001e-07	0.0	106425	0
RPS3A	4	5.3999e-07	0.00254428	106976	272
RRH	4	7.2749e-07	0.00022012221	112848	24
RUFY3	4	2.1167e-06	4.4473290000000006e-05	111041	4
RWDD4	4	6.1137e-07	4.445047e-05	111701	4
RXFP1	4	1.8941999999999998e-06	0.00035228925	108174	38
S100P	4	1.9260000000000002e-07	1.7666729999999997e-05	110119	1
SAP30	4	4.2305e-07	1.95894e-05	100213	1
SCARB2	4	1.2435e-06	6.177279e-05	111633	6
SCD5	4	7.5592e-07	5.280885999999999e-05	109440	5
SCFD2	4	1.0482e-06	0.00011574256000000002	112166	12
SCLT1	4	2.4324e-06	0.00035227994	108679	38
SCOC	4	3.2171999999999995e-07	0.0	109932	0
SCRG1	4	1.2842e-07	8.794919999999999e-06	113096	0
SDAD1	4	2.5938e-06	0.00016918455	111584	18
SEC24B	4	3.1313999999999998e-06	2.6806679999999997e-05	109392	2
SEC24D	4	2.6942e-06	0.00011126638999999999	110065	12
SEC31A	4	3.6334e-06	0.00027078763999999997	110418	29
SEL1L3	4	3.0205e-06	0.00010677045	107371	11
SEPSECS	4	1.3778e-06	9.67225e-05	112071	10
SEPT11	4	1.2840000000000001e-06	8.859750000000001e-06	110051	0
SETD7	4	8.1234e-07	9.734028e-05	110094	10
SFRP2	4	5.7165e-07	1.774628e-05	108360	1
SGCB	4	6.341e-07	8.795386999999998e-05	112230	9
SGMS2	4	1.2171e-06	3.604682e-05	111911	4
SH3BP2	4	1.3577000000000001e-06	0.00052634969	105125	55
SH3D19	4	2.4213e-06	0.00013279996	108851	14
SH3RF1	4	1.8869999999999999e-06	4.69996e-05	107267	5
SH3TC1	4	2.538e-06	0.00685463843	105236	721
SHISA3	4	3.33e-07	2.3683220000000002e-05	104643	2
SHROOM3	4	3.8722e-06	0.00825699574	109509	904
SLAIN2	4	1.2927000000000001e-06	2.6727529999999996e-05	107333	2
SLBP	4	5.1697e-07	1.777871e-05	111274	1
SLC10A4	4	4.9795e-07	9.690099e-05	108092	10
SLC10A6	4	5.6737e-07	6.183275e-05	110927	6
SLC10A7	4	7.165e-07	9.194707e-05	109254	10
SLC25A31	4	1.0557e-06	0.00011007095	108497	11
SLC25A4	4	4.2318999999999997e-07	8.78966e-06	111753	0
SLC26A1	4	9.838600000000002e-07	9.939438e-05	92725	9
SLC2A9	4	9.6693e-07	5.284505e-05	112335	5
SLC30A9	4	1.9715e-06	0.00015183986	109527	16
SLC34A2	4	1.2075e-06	0.00013244951	113131	14
SLC39A8	4	7.698699999999999e-07	8.83954e-06	109752	0
SLC4A4	4	2.3176e-06	1.7666270000000002e-05	111474	1
SLC7A11	4	1.243e-06	7.338395000000001e-05	110177	8
SLC9B1	4	8.6704e-07	0.028325464069999997	105140	2978
SLC9B2	4	1.0695e-06	7.243833000000001e-05	109882	7
SLIT2	4	4.2453e-06	7.163795999999999e-05	110485	7
SMAD1	4	7.574299999999999e-07	8.8143e-06	110841	0
SMARCA5	4	3.678e-06	8.836260000000001e-06	105226	0
SMARCAD1	4	2.9128e-06	0.0	110122	0
SMIM14	4	2.1746e-07	0.0	108709	0
SMIM20	4	1.1097999999999999e-07	0.0	60863	0
SMR3A	4	4.1555e-08	0.0	111901	0
SMR3B	4	3.9962e-08	0.0	109276	0
SNCA	4	2.9945999999999996e-07	0.0	112855	0
SNX25	4	2.3075e-06	0.00011506459	111080	12
SOD3	4	3.425e-07	5.945017e-05	92847	5
SORBS2	4	2.9702999999999998e-06	0.00012362632	104559	12
SORCS2	4	2.672e-06	0.00011189992	102290	11
SOWAHB	4	1.1225e-06	8.247584e-05	107633	8
SPARCL1	4	1.3104e-06	0.00015951499	111163	17
SPATA18	4	1.6512e-06	0.00015836589	110315	17
SPATA4	4	7.762300000000001e-07	0.0008053409700000001	110172	88
SPATA5	4	2.4999e-06	0.0006390604	109282	69
SPCS3	4	2.3629e-07	0.0	99866	0
SPINK2	4	1.6844000000000002e-07	9.452330000000001e-06	109577	1
SPOCK3	4	1.0861e-06	7.120852e-05	109820	7
SPON2	4	6.5907e-07	0.0001361039	105643	14
SPP1	4	4.9841e-07	0.00151106212	112541	170
SPRY1	4	3.8224e-07	2.640478e-05	112993	2
SRD5A3	4	7.4155e-07	6.027892e-05	109407	6
SRP72	4	2.1103999999999997e-06	8.333941999999998e-05	109267	9
STAP1	4	8.557600000000001e-07	8.898912e-05	110243	9
STATH	4	2.4285e-07	2.6706679999999998e-05	112277	2
STIM2	4	2.4265999999999998e-06	2.6415149999999997e-05	108436	2
STK32B	4	1.1517e-06	7.96867e-05	108877	8
STOX2	4	1.592e-06	0.00016719790000000001	106227	17
STPG2	4	1.1865e-06	0.0010583682099999999	105509	111
STX18	4	1.3357e-06	0.0001062441	108736	11
SULT1B1	4	8.328e-07	0.00016799279	110340	18
SULT1E1	4	7.130199999999999e-07	0.00010764713	109337	11
SYNPO2	4	2.8751e-06	0.00010771361	111551	12
TACC3	4	1.5362e-06	9.79617e-05	106523	10
TACR3	4	9.5692e-07	0.00071454295	112062	80
TADA2B	4	6.3639e-07	8.86258e-06	106734	0
TAPT1	4	1.1145999999999999e-06	4.039803e-05	100406	4
TBC1D1	4	3.5208999999999996e-06	0.00023053743999999998	110700	25
TBC1D14	4	2.3247999999999997e-06	5.278583000000001e-05	112594	5
TBC1D19	4	2.1078999999999998e-06	0.00012424858	106291	13
TBC1D9	4	2.9088e-06	0.0001889693	108423	20
TBCK	4	2.4873e-06	0.0001720206	105214	18
TDO2	4	1.5574000000000001e-06	0.00025395356	108205	27
TEC	4	2.1175e-06	9.839807e-05	110762	10
TECRL	4	1.0253e-06	0.00017976726000000002	107266	19
TENM3	4	6.2534e-06	0.00040275977999999996	108688	43
TET2	4	3.3005e-06	0.00046202638	95490	44
THAP6	4	4.522e-07	3.53471e-05	111979	3
THAP9	4	1.9868e-06	0.00011691021	111318	13
TIFA	4	4.0176e-07	8.85489e-06	109337	0
TIGD2	4	1.0392e-06	0.00011463773999999999	112038	12
TIGD4	4	9.678200000000002e-07	0.00395336684	111676	441
TKTL2	4	1.2324e-06	0.00033565843000000003	111093	37
TLL1	4	3.4686e-06	7.056654e-05	112686	7
TLR1	4	8.748700000000001e-07	0.0008904484399999999	113031	100
TLR10	4	1.4315e-06	0.0005339605	109608	58
TLR2	4	1.1131e-06	0.00093535459	111066	103
TLR3	4	1.71e-06	8.815972e-05	112373	9
TLR6	4	9.1931e-07	1.758365e-05	113019	1
TMA16	4	6.8407e-07	4.9704620000000007e-05	105896	5
TMEM128	4	2.9688000000000005e-07	0.00012357656	109947	13
TMEM129	4	6.3405e-07	0.00018597381000000002	104445	19
TMEM144	4	7.989600000000001e-07	0.0003352475	110674	37
TMEM150C	4	5.1238e-07	3.6147459999999996e-05	106378	3
TMEM154	4	4.3266000000000006e-07	5.343483e-05	108737	5
TMEM155	4	1.1257e-07	7.92226e-05	108644	8
TMEM156	4	5.429100000000001e-07	0.00010805235000000001	110477	11
TMEM165	4	6.0106e-07	0.0	109722	0
TMEM175	4	1.1052e-06	0.00015901655	106920	17
TMEM184C	4	1.083e-06	6.233364e-05	110901	6
TMEM192	4	8.334299999999999e-07	7.207425e-05	109488	7
TMEM33	4	8.238e-07	0.0	109695	0
TMPRSS11A	4	1.5815e-06	0.00022034706000000003	112001	24
TMPRSS11B	4	8.290100000000001e-07	9.876702e-05	109396	10
TMPRSS11D	4	9.345600000000001e-07	0.00044476783	107291	47
TMPRSS11E	4	1.2734e-06	0.00015601227	108452	16
TMPRSS11F	4	1.7512999999999999e-06	0.00016857515	110919	18
TNIP2	4	1.1752e-06	4.4087740000000004e-05	107983	4
TNIP3	4	1.2526999999999999e-06	2.684303e-05	109181	2
TRAM1L1	4	2.7461e-07	0.0	112667	0
TRAPPC11	4	3.4873e-06	0.00028418922	110980	31
TRIM2	4	1.9386e-06	0.0	107641	0
TRIM60	4	0.0	0.0	112396	0
TRIM61	4	3.4293e-07	4.003698e-05	104613	4
TRIML1	4	7.8618e-07	8.806445e-05	105478	9
TRIML2	4	5.113899999999999e-07	3.52677e-05	111838	3
TRMT10A	4	1.4924e-06	0.00031053389	110561	34
TRMT44	4	1.6396000000000001e-06	0.00045464590999999994	111035	50
TRPC3	4	1.9618e-06	0.00011495315	109366	12
TSPAN5	4	8.5241e-07	8.79028e-06	112925	0
TTC29	4	1.2656e-06	0.00064430176	104205	67
TXK	4	1.78e-06	0.00013252336	112023	14
UBA6	4	3.2427e-06	0.0003260248	108213	35
UBE2D3	4	4.0347e-07	8.95913e-06	107936	0
UBE2K	4	6.1503e-07	0.0	100607	0
UCHL1	4	7.079200000000001e-07	0.0	108273	0
UCP1	4	6.1457e-07	0.00010553131000000001	111445	11
UFSP2	4	1.1225e-06	0.00010591228	109997	11
UGDH	4	9.8379e-07	0.00018648982	108755	20
UGT2A1	4	1.3761e-06	0.0462383521	110250	5097
UGT2A1	4	1.181e-06	0.0462383521	110250	5097
UGT2A2	4	1.1757e-06	0.00067255421	110343	74
UGT2A3	4	1.1465000000000002e-06	0.00030886755	109316	33
UGT2B10	4	1.1275e-06	0.00058492531	112072	65
UGT2B11	4	9.8465e-07	0.0001885086	111614	21
UGT2B15	4	1.0993e-06	0.00047238597	111446	52
UGT2B17	4	1.0491e-06	0.0002037293	97062	19
UGT2B28	4	1.0201e-06	0.00050299338	108427	54
UGT2B4	4	8.6847e-07	0.00014780398999999998	110829	16
UGT2B7	4	1.0262e-06	0.00016768647	112602	18
UGT8	4	8.501e-07	3.530726e-05	110313	3
UNC5C	4	2.2335e-06	7.092797e-05	111348	7
USO1	4	2.4516999999999998e-06	0.00010692341999999998	101683	10
USP17L15	4	0.0	0.0	61380	0
USP38	4	2.004e-06	0.00011726358	109893	12
USP46	4	8.4134e-07	2.664952e-05	100139	2
USP53	4	2.8735e-06	0.00019173394000000001	109141	20
UTP3	4	8.582899999999999e-07	8.886712e-05	111664	9
UVSSA	4	1.4178e-06	0.00018308084	108253	19
VEGFC	4	9.7771e-07	2.8493559999999998e-05	105937	3
WDFY3	4	1.0416e-05	8.053840000000001e-05	109676	8
WDR1	4	1.3076e-06	1.48796e-05	99002	1
WDR17	4	3.6837999999999998e-06	0.00071381107	109360	78
WDR19	4	3.9193e-06	0.00025859597	103121	26
WFS1	4	1.3594999999999999e-06	0.0004786035400000001	108296	51
WHSC1	4	3.4617000000000002e-06	1.833079e-05	107650	1
WWC2	4	2.6608e-06	0.00015631095	105404	16
YIPF7	4	4.9292e-07	0.0	101191	0
YTHDC1	4	3.5303e-06	8.95672e-06	109410	0
ZAR1	4	5.611600000000001e-07	8.79245e-06	110517	0
ZBTB49	4	1.5154e-06	0.00010581302	112218	11
ZCCHC4	4	1.7026e-06	0.00073505312	109404	80
ZFP42	4	0.0	0.0	112984	0
ZFYVE28	4	1.5573e-06	8.05982e-05	107578	8
ZNF141	4	2.1026999999999996e-07	0.0	110122	0
ZNF330	4	1.0294e-06	5.3287419999999995e-05	109907	5
ZNF518B	4	1.4367e-06	3.5275500000000005e-05	113297	3
ZNF595	4	1.7247e-07	8.81943e-06	105853	0
ZNF721	4	4.5519999999999993e-08	0.0	111734	0
ZNF732	4	2.0350000000000002e-07	0.0	105797	0
ZNF827	4	2.334e-06	1.758134e-05	110827	1
