SYMBOL	chromosome	mu_lof	AF_nfe	AN_nfe	NFE_k
ABLIM3	5	2.885e-06	0.00015000985	110982	16
AC005609.1	5	1.7647000000000002e-07	2.6889920000000003e-05	110502	2
AC010441.1	5	1.5504000000000002e-07	1.773835e-05	96863	1
AC026407.1	5	8.7534e-08	4.39878e-05	110651	4
AC026703.1	5	0.0	0.0	107348	0
AC112205.1	5	2.1105999999999997e-08	0.0	110760	0
AC136604.1	5	3.3110000000000003e-08	0.0	60216	0
ACOT12	5	1.8837e-06	0.00069670515	111948	77
ACSL6	5	2.1232e-06	0.00011477148000000001	110367	12
ACTBL2	5	8.2402e-07	0.00023825740000000002	113096	26
ADAM19	5	2.9263e-06	0.00023259999	109261	25
ADAMTS12	5	3.6926e-06	0.00032768967	111916	36
ADAMTS16	5	3.335e-06	0.00010691168	108110	11
ADAMTS19	5	3.4403e-06	0.00017031925	107860	18
ADAMTS2	5	2.7545e-06	0.0001673069	107927	18
ADAMTS6	5	3.4306e-06	7.063358e-05	110477	7
ADCY2	5	2.6713e-06	4.440607e-05	109872	4
ADRA1B	5	4.2256e-07	4.1285e-05	106923	4
ADRB2	5	4.6923000000000003e-07	1.758072e-05	111840	1
AFAP1L1	5	2.366e-06	0.00035516795	106944	37
AFF4	5	3.0892e-06	0.0	111061	0
AGGF1	5	2.2133e-06	0.00016796607	109905	18
AGXT2	5	1.6549e-06	0.0161864912	109930	1779
AHRR	5	1.1342e-06	3.616183e-05	105803	3
ALDH7A1	5	2.1607e-06	0.00033035373	110291	36
AMACR	5	6.592399999999999e-07	4.76726e-05	108323	5
ANKDD1B	5	8.004899999999999e-07	0.0	112069	0
ANKH	5	9.1149e-07	1.759093e-05	111118	1
ANKHD1	5	5.9736e-06	9.01047e-06	107197	0
ANKHD1-EIF4EBP3	5	5.9736e-06	9.01047e-06	107197	0
ANKRA2	5	9.3756e-07	0.00015884587	110350	17
ANKRD31	5	2.7161e-06	3.3475e-05	59870	2
ANKRD32	5	2.1694999999999997e-06	0.00018945671999999998	97277	18
ANKRD33B	5	7.904899999999999e-07	0.0	60015	0
ANKRD34B	5	6.2647e-07	7.084670999999999e-05	112086	7
ANKRD55	5	1.5013e-06	0.00013573505	110303	14
ANXA2R	5	0.0	0.0	109657	0
ANXA6	5	1.8615999999999999e-06	6.245537e-05	106593	6
AP3B1	5	3.1183999999999997e-06	7.997833000000001e-05	110965	8
AP3S1	5	3.7002e-07	4.20421e-05	107133	4
APBB3	5	1.4521e-06	0.00017759765	109971	19
APC	5	7.1189e-06	6.174383000000001e-05	112432	6
AQPEP	5	2.0276e-06	0.00021479512000000003	107777	23
ARAP3	5	4.2282e-06	0.00022634353999999998	109846	24
ARHGAP26	5	2.4415000000000003e-06	3.5248249999999996e-05	109875	3
ARHGEF28	5	4.3525e-06	0.0004990434400000001	103718	51
ARHGEF37	5	1.3830000000000001e-06	0.00822914448	110424	908
ARL10	5	5.8725e-07	6.21155e-05	108994	6
ARL15	5	5.169300000000001e-07	5.336858e-05	99462	5
ARRDC3	5	1.253e-06	2.641559e-05	110261	2
ARSB	5	1.3394e-06	0.00016716112000000002	110267	18
ARSI	5	1.2933000000000002e-06	0.00021672812000000002	109507	23
ARSK	5	1.2816e-06	9.978009e-05	110152	10
ATG10	5	8.279700000000001e-07	8.816745e-05	111677	9
ATG12	5	5.1323e-07	0.00027066007000000003	107494	29
ATOX1	5	1.1345999999999998e-07	0.0	104971	0
ATP10B	5	3.3988999999999998e-06	0.00543581174	110645	601
ATP6AP1L	5	5.774300000000001e-07	0.00013300216	110507	14
ATP6V0E1	5	2.1399999999999998e-07	0.0	110147	0
B4GALT7	5	5.6015e-07	8.81244e-06	109128	0
BASP1	5	1.5854000000000002e-07	0.0	99594	0
BDP1	5	6.0099e-06	0.00033224367	107992	35
BHMT	5	1.1115e-06	7.948316e-05	110347	8
BHMT2	5	9.023899999999999e-07	0.0006722131699999999	110575	74
BNIP1	5	7.1214e-07	9.205625e-05	111737	10
BOD1	5	5.0361e-07	8.79322e-06	103679	0
BRD8	5	3.5113e-06	0.00015876618	112102	17
BRD9	5	1.5976e-06	6.817818e-05	105049	7
BRIX1	5	7.302400000000001e-07	8.838760000000001e-06	106352	0
BTF3	5	3.8207000000000003e-07	8.82301e-06	104239	0
BTNL3	5	7.8843e-07	5.79426e-05	105304	6
BTNL8	5	7.853499999999999e-07	0.00015848947	107806	17
BTNL9	5	1.0482e-06	0.00014607799999999998	106750	15
C1QTNF2	5	5.125899999999999e-07	0.00011589158999999999	103367	11
C1QTNF3	5	8.604500000000001e-07	0.00012376673999999998	111617	13
C5orf15	5	3.019e-07	1.22035e-05	107766	1
C5orf20	5	0.0	0.0	110935	0
C5orf22	5	9.9899e-07	4.559916e-05	110701	5
C5orf24	5	2.6829000000000003e-07	0.0	113178	0
C5orf28	5	5.4426e-07	0.00029195885	107454	31
C5orf30	5	2.21e-07	0.0	111189	0
C5orf34	5	1.5701e-06	0.00040327656000000003	108781	43
C5orf38	5	3.2224000000000006e-07	2.7377759999999998e-05	102957	2
C5orf42	5	7.0832e-06	0.00153521384	102652	157
C5orf45	5	5.2827e-07	0.0036498876399999997	110209	402
C5orf46	5	2.6909000000000004e-07	6.178829999999999e-05	106381	6
C5orf47	5	2.5672e-07	0.0	59982	0
C5orf48	5	3.3856000000000004e-07	2.6447009999999997e-05	112815	2
C5orf49	5	1.6896e-07	0.00022176017000000004	108764	24
C5orf51	5	9.5994e-07	0.00031719327	106963	33
C5orf52	5	1.6287e-07	1.65349e-05	60584	1
C5orf54	5	1.0347e-06	5.414531e-05	109598	5
C5orf55	5	0.0	0.0	106059	0
C5orf56	5	9.856400000000001e-08	8.949989999999998e-06	109005	0
C5orf58	5	1.3159e-07	8.85395e-06	108494	0
C5orf60	5	5.356800000000001e-07	0.0	60350	0
C5orf63	5	1.0208e-07	1.6748699999999998e-05	59764	1
C5orf64	5	1.3256e-07	0.0	109516	0
C5orf66	5	3.1846e-07	0.00010614503999999998	107611	11
C6	5	2.8707999999999997e-06	0.00413977894	112659	466
C7	5	2.0221e-06	0.0006677828200000001	105932	70
C9	5	1.7362e-06	0.00196264055	112686	221
CAMK2A	5	1.9808e-06	1.7678e-05	106067	1
CAMK4	5	9.009899999999999e-07	1.801416e-05	107210	1
CAMLG	5	7.6279e-07	2.6617529999999996e-05	108478	2
CANX	5	1.633e-06	3.6703179999999996e-05	107892	3
CAPSL	5	6.555800000000001e-07	0.00012394493999999998	110452	13
CARD6	5	1.2464e-06	0.00016849826000000002	111805	18
CARTPT	5	2.0927e-07	8.834860000000001e-06	108886	0
CAST	5	1.9516e-06	0.00016213076999999998	110197	17
CATSPER3	5	7.887100000000001e-07	7.914575e-05	112998	8
CCDC112	5	1.3749000000000002e-06	9.865043e-05	105695	10
CCDC125	5	1.0947e-06	0.02251095984	110079	2477
CCDC127	5	7.9196e-07	0.00040530301	106042	42
CCDC152	5	4.6196000000000004e-07	0.0	102132	0
CCDC69	5	1.247e-06	0.00025610267999999996	108482	27
CCL28	5	1.4050999999999998e-07	0.0	110855	0
CCNB1	5	8.1045e-07	1.768489e-05	111063	1
CCNG1	5	6.437000000000001e-07	5.288933000000001e-05	110760	5
CCNH	5	9.296899999999999e-07	5.335e-05	110290	5
CCNI2	5	4.7808e-07	0.00128423426	108452	139
CCNJL	5	7.0653e-07	0.00016133496999999998	107452	17
CCNO	5	3.8248e-07	2.61793e-05	100918	2
CCT5	5	1.4446000000000001e-06	0.0	110296	0
CD14	5	3.5014000000000004e-07	1.761496e-05	112446	1
CD180	5	6.703e-07	0.00014991346	112210	16
CD74	5	7.887399999999999e-07	8.84924e-06	107075	0
CDC20B	5	1.2365000000000001e-06	0.00025967377999999995	110203	28
CDC23	5	1.7531e-06	2.641125e-05	112337	2
CDC25C	5	1.1025e-06	0.00018610279	112433	20
CDC42SE2	5	2.8936999999999995e-07	0.0	112326	0
CDH10	5	2.1047999999999997e-06	4.633778e-05	110466	5
CDH12	5	1.76e-06	5.371614e-05	109894	5
CDH18	5	1.2878e-06	8.80359e-06	110464	0
CDH6	5	2.5206e-06	4.425891e-05	111128	4
CDH9	5	1.6794e-06	2.6600759999999995e-05	110007	2
CDHR2	5	3.2579e-06	0.00057857343	109361	63
CDK7	5	9.182600000000001e-07	0.00012002108999999999	106858	12
CDKL3	5	1.4009e-06	0.00048035494000000004	100873	48
CDKN2AIPNL	5	1.8812000000000002e-07	0.0	103815	0
CDO1	5	6.3074e-07	2.665676e-05	111908	2
CDX1	5	2.4881e-07	8.819739999999999e-06	103502	0
CENPH	5	1.0551e-06	0.00015549569	103700	16
CENPK	5	6.5804e-07	0.00017544858	107668	18
CEP120	5	2.7015e-06	0.00022599626	109261	24
CEP72	5	1.4142e-06	0.00015911046999999998	110864	17
CETN3	5	5.386199999999999e-07	0.00011893145000000001	109550	13
CHD1	5	5.124299999999999e-06	4.468513e-05	106600	4
CHSY3	5	1.5357e-06	3.534655e-05	108906	3
CKMT2	5	1.5348e-06	0.00039669898	112274	44
CKS1B	5	0.0	8.84001e-06	106347	0
CKS1B	5	0.0	0.0	105907	0
CLINT1	5	1.7806e-06	1.852846e-05	105554	1
CLK4	5	1.5936e-06	8.009151e-05	109211	8
CLPTM1L	5	1.4491999999999998e-06	0.00011935203000000001	109105	13
CLTB	5	6.467399999999999e-07	1.75886e-05	109635	1
CMBL	5	7.47e-07	9.680277e-05	113056	10
CMYA5	5	6.3598000000000005e-06	0.00214200671	110667	237
CNOT6	5	1.2903e-06	6.177012e-05	111309	6
CNOT8	5	9.201000000000001e-07	4.6978690000000004e-05	110013	5
COL23A1	5	2.2214e-06	0.00505281507	103019	520
COL4A3BP	5	2.2907e-06	3.7374e-05	105376	3
COMMD10	5	4.7778e-07	9.966358e-05	106024	10
COX7C	5	1.0557e-07	0.0	113074	0
CPEB4	5	2.0505e-06	2.651301e-05	111008	2
CPLX2	5	2.7268000000000003e-07	1.22513e-05	101297	1
CREBRF	5	1.4958000000000001e-06	0.0	109832	0
CRHBP	5	9.1712e-07	1.7603160000000002e-05	109300	1
CSF1R	5	2.3986e-06	7.935541999999999e-05	102820	8
CSF2	5	2.5993e-07	0.0	112978	0
CSNK1A1	5	1.0999e-06	0.0	105907	0
CSNK1G3	5	1.7835e-06	2.8735500000000003e-05	105997	3
CTC-241N9.1	5	0.0	0.0	111410	0
CTC-432M15.3	5	4.3577e-06	0.00015189425	108452	16
CTC-534A2.2	5	4.3641000000000003e-07	0.0	111900	0
CTD-2215E18.1	5	1.8339000000000003e-07	0.0001423494	110265	15
CTD-2228K2.5	5	1.1525e-07	0.0	104126	0
CTD-2287O16.3	5	3.1382e-07	0.0	109732	0
CTD-2410N18.5	5	2.2271999999999997e-07	9.040449999999999e-06	109482	0
CTNNA1	5	2.5816000000000004e-06	6.184343000000001e-05	110940	6
CTNND2	5	3.5245e-06	1.762381e-05	110424	1
CTXN3	5	1.4648e-07	8.79662e-06	113544	0
CWC27	5	1.1364e-06	0.00015381466999999998	103684	15
CXCL14	5	3.5854e-07	1.760257e-05	110525	1
CXXC5	5	3.6998000000000003e-07	0.0	106402	0
CYFIP2	5	3.6868e-06	8.79832e-06	106181	0
CYSTM1	5	2.2528000000000002e-07	0.0	100772	0
DAB2	5	1.409e-06	1.798043e-05	111541	2
DAP	5	3.085e-07	3.516375e-05	100662	3
DBN1	5	1.8953999999999999e-06	8.800489999999999e-06	102531	0
DCP2	5	1.4457e-06	3.5202940000000004e-05	108752	3
DCTN4	5	1.767e-06	5.278946e-05	110005	5
DDX4	5	2.5879000000000002e-06	0.00011488899999999999	110083	12
DDX41	5	1.8963e-06	0.00018188883000000002	109310	19
DDX46	5	4.1219e-06	1.869666e-05	108670	2
DEPDC1B	5	1.4693e-06	0.00017983487000000002	109006	19
DHFR	5	5.031600000000001e-07	8.832360000000001e-06	105248	0
DHX29	5	3.929e-06	0.00019640183999999997	109039	21
DIAPH1	5	3.5356e-06	4.4147040000000005e-05	109940	4
DIMT1	5	1.0936e-06	0.00020694169	107537	22
DMGDH	5	2.4197e-06	0.001944139	112054	217
DMXL1	5	6.9591e-06	0.00010580281	109657	11
DNAH5	5	1.3231e-05	0.00118479043	112339	133
DNAJC18	5	1.4574e-06	8.940028e-05	110525	9
DNAJC21	5	1.8578999999999998e-06	0.00027420437	108571	29
DND1	5	7.9744e-07	6.617753000000001e-05	107531	7
DOCK2	5	5.600499999999999e-06	0.00013206579	106104	14
DOK3	5	9.7386e-07	0.00022941987999999997	107465	24
DPYSL3	5	1.2149e-06	1.786268e-05	110181	1
DRD1	5	5.1646e-07	0.0	112450	0
DROSHA	5	5.1091e-06	8.960938e-05	107205	9
DTWD2	5	6.2285e-07	0.00021959939999999998	101714	22
DUSP1	5	7.259999999999999e-07	2.666219e-05	107194	2
EBF1	5	1.4497999999999999e-06	1.837665e-05	106242	1
ECSCR	5	3.0438000000000003e-07	9.088425e-05	92519	8
EDIL3	5	1.804e-06	6.3624e-05	109276	6
EFNA5	5	5.1045e-07	0.0	105200	0
EGFLAM	5	2.7319e-06	0.00021072891	110515	23
EGR1	5	6.22e-07	2.6513259999999996e-05	108923	2
EIF4E1B	5	7.459100000000001e-07	9.562854e-05	100223	9
EIF4EBP3	5	2.8928e-07	1.8013150000000002e-05	109210	1
ELL2	5	1.722e-06	0.0	107368	0
ELOVL7	5	7.3661e-07	0.00036082523999999996	110609	39
EMB	5	7.8415e-07	0.00011863928999999998	107598	12
ENC1	5	1.0743e-06	1.7592479999999997e-05	112693	1
EPB41L4A	5	2.7655e-06	0.00068590805	108882	74
EPB41L4A-AS2	5	0.0	0.0	112458	0
ERAP1	5	2.4458e-06	0.00040473224999999996	111822	45
ERAP2	5	2.3333e-06	0.00062402887	110457	68
ERBB2IP	5	3.837e-06	5.514928000000001e-05	108676	5
ERCC8	5	1.0757e-06	0.00017661808	111977	19
ERGIC1	5	8.009999999999999e-07	1.759572e-05	109410	1
ESM1	5	3.4588e-07	8.83798e-06	111390	0
ETF1	5	1.4406e-06	1.79328e-05	108444	1
EXOC3	5	1.2819e-06	8.85222e-06	105703	0
F12	5	1.5279e-06	0.00051060121	103194	52
F2R	5	5.4683e-07	2.6374369999999997e-05	107776	2
F2RL1	5	6.9406e-07	0.0005192063700000001	110208	57
F2RL2	5	4.0689e-07	4.399518e-05	112328	4
FABP6	5	3.9179000000000004e-07	1.765884e-05	111669	1
FAF2	5	1.7335e-06	1.766285e-05	107337	1
FAM105A	5	8.4595e-07	9.722571e-05	111541	10
FAM105B	5	7.5072e-07	2.674643e-05	107464	2
FAM114A2	5	1.2625e-06	0.00020382617	110178	22
FAM134B	5	1.0416e-06	3.53898e-05	109561	3
FAM13B	5	2.4233e-06	6.229725000000001e-05	109347	6
FAM151B	5	5.550800000000001e-07	0.00051452395	111209	57
FAM153A	5	6.6245e-07	3.8212509999999994e-05	101394	3
FAM153B	5	9.532999999999999e-07	0.00041890492	103739	43
FAM153C	5	3.0921999999999996e-07	2.6610900000000003e-05	110586	2
FAM159B	5	2.2276999999999998e-07	4.70367e-05	62689	2
FAM169A	5	1.729e-06	1.947088e-05	108542	2
FAM172A	5	1.2393000000000001e-06	8.975756e-05	107572	9
FAM173B	5	8.401600000000001e-07	0.00044146154000000005	109838	48
FAM174A	5	3.2911e-07	0.00014371343	104278	14
FAM193B	5	1.5928e-06	2.0643179999999998e-05	102767	2
FAM196B	5	9.3292e-07	1.66644e-05	67311	1
FAM53C	5	1.0315e-06	3.688656e-05	111588	4
FAM71B	5	5.22e-07	5.2786909999999995e-05	112363	5
FAM81B	5	1.2765e-06	0.029533146099999998	110365	3259
FASTKD3	5	1.0986e-06	0.0004031731	110300	44
FAT2	5	7.5894000000000006e-06	0.00053279745	111995	59
FAXDC2	5	8.4707e-07	0.00021494627999999998	110306	23
FBLL1	5	1.9292e-07	0.0	102737	0
FBN2	5	7.8421e-06	9.703325000000001e-05	112298	10
FBXL17	5	9.2905e-07	0.0	105156	0
FBXL7	5	9.0052e-07	0.0	108203	0
FBXO38	5	3.5446e-06	3.67373e-05	109488	4
FBXO4	5	8.9296e-07	0.00010663273999999999	111168	11
FBXW11	5	1.9467e-06	2.6801820000000003e-05	107900	2
FCHO2	5	1.9068000000000001e-06	2.15915e-05	97911	2
FCHSD1	5	2.8769999999999997e-06	0.00077638649	107473	83
FEM1C	5	8.584100000000001e-07	8.83205e-06	110138	0
FER	5	2.3500999999999997e-06	7.281661999999999e-05	108177	7
FGF1	5	2.2921e-07	1.79769e-05	109867	1
FGF10	5	4.7567e-07	0.0	112300	0
FGF18	5	3.8784999999999997e-07	2.722395e-05	107515	2
FGFR4	5	2.4902e-06	0.00025557326000000003	107339	27
FLT4	5	3.57e-06	2.6787470000000002e-05	109284	2
FNDC9	5	4.3681000000000006e-07	1.7587520000000002e-05	111493	1
FNIP1	5	3.3926999999999997e-06	3.751363e-05	109427	4
FOXD1	5	1.6340999999999998e-07	0.0	105829	0
FOXI1	5	3.9674999999999995e-07	0.0	108227	0
FST	5	7.762000000000001e-07	0.0	110862	0
FSTL4	5	2.6329000000000002e-06	7.149876e-05	110525	7
FTMT	5	3.4643e-07	0.00011428513	107754	12
FYB	5	1.812e-06	8.669831e-05	104918	9
G3BP1	5	1.7656999999999999e-06	7.045336e-05	110043	7
GABRA1	5	9.8534e-07	3.527745e-05	112782	3
GABRA6	5	9.4006e-07	0.00021112513	111869	23
GABRB2	5	1.1726e-06	8.81461e-06	107912	0
GABRG2	5	1.3295e-06	8.86054e-06	110534	0
GABRP	5	1.0611e-06	0.00010640737	112157	11
GALNT10	5	2.0104e-06	0.00010601044	110456	11
GAPT	5	9.6499e-09	0.0	111178	0
GCNT4	5	7.7575e-07	0.00012329913999999998	112381	13
GDF9	5	7.7322e-07	0.00024614967	112841	27
GDNF	5	2.8941e-07	0.0	110060	0
GEMIN5	5	4.0395e-06	0.00026470788	110840	29
GFM2	5	2.3218e-06	0.00026937151000000004	109916	29
GFPT2	5	2.2538999999999997e-06	0.00049505842	110204	54
GFRA3	5	1.0538e-06	2.6898320000000004e-05	108062	2
GHR	5	1.4505000000000001e-06	0.00015080953	112898	17
GIN1	5	1.0743e-06	7.310166e-05	107995	7
GLRA1	5	1.2685e-06	2.6414240000000005e-05	112534	2
GLRX	5	2.9189e-07	2.638703e-05	112847	2
GM2A	5	2.5335000000000003e-07	3.520424000000001e-05	111894	3
GNB2L1	5	9.5579e-07	0.0	107769	0
GNPDA1	5	5.7416e-07	0.0001423157	111286	15
GOLPH3	5	5.873399999999999e-07	1.76619e-05	108097	1
GPBP1	5	1.5633000000000001e-06	5.39463e-05	109073	5
GPR150	5	4.0590000000000005e-07	0.0021896084	82799	181
GPR151	5	6.514499999999999e-07	0.00814058277	111423	907
GPR98	5	1.322e-05	0.00092264727	106415	98
GPRIN1	5	9.876700000000001e-07	3.48343e-05	108150	3
GPX3	5	5.7198e-07	8.84017e-06	100768	0
GPX8	5	3.0291999999999996e-07	2.6445700000000003e-05	110644	2
GRAMD3	5	1.2683e-06	0.0006363128400000001	109914	69
GRIA1	5	2.3368000000000002e-06	8.80282e-06	110757	0
GRK6	5	1.6252000000000001e-06	5.4400640000000005e-05	108389	5
GRM6	5	1.7301e-06	0.00046739252	108974	50
GRPEL2	5	7.6214e-07	7.995729e-05	106780	8
GRXCR2	5	7.9973e-07	0.00010681133	110731	11
GTF2H2	5	1.8990999999999998e-07	0.0	92913	0
GTF2H2C	5	4.2868e-07	0.0	106786	0
GZMA	5	4.6935e-07	5.3127430000000004e-05	110814	5
GZMK	5	6.086e-07	8.791669999999999e-06	111192	0
H2AFY	5	5.5309e-07	8.90853e-06	111110	0
HAND1	5	2.1886999999999997e-07	8.85222e-06	106746	0
HAPLN1	5	9.022399999999999e-07	0.0	106778	0
HARS	5	1.5253e-06	0.00021978894000000002	109067	23
HARS2	5	1.4235e-06	0.00023750247000000002	112090	26
HAVCR1	5	7.6085e-07	6.194472e-05	110148	6
HAVCR2	5	4.4909999999999996e-07	9.874178e-05	110241	10
HBEGF	5	3.4338e-07	2.6373590000000004e-05	110061	2
HCN1	5	1.9621000000000002e-06	1.77368e-05	111494	1
HDAC3	5	1.4701e-06	8.80065e-06	110413	0
HEXB	5	1.6472e-06	0.00015841323999999998	109898	17
HIGD2A	5	1.1172000000000001e-07	0.0	110795	0
HINT1	5	2.411e-07	3.518839e-05	109810	3
HK3	5	2.1382e-06	0.00055729053	109791	61
HMGCR	5	2.521e-06	2.64422e-05	111114	2
HMGCS1	5	1.0629e-06	8.837360000000002e-06	110920	0
HMGXB3	5	2.5302e-06	3.27912e-05	83868	2
HMHB1	5	1.9875e-08	0.0	105778	0
HMMR	5	1.7706e-06	0.0008658741199999999	107315	92
HNRNPA0	5	3.5141e-07	0.0	103688	0
HNRNPAB	5	1.0302e-06	1.75886e-05	112900	1
HNRNPH1	5	1.4339e-06	0.0	110424	0
HOMER1	5	9.406100000000001e-07	0.0	110688	0
HRH2	5	5.0647e-07	1.75864e-05	113042	1
HSD17B4	5	1.8556e-06	0.00014984689	111742	16
HSPA4	5	2.8355e-06	0.0013582903	108578	147
HSPA9	5	2.254e-06	4.427329000000001e-05	110219	4
HSPB3	5	4.8325e-07	9.690004999999999e-05	113301	10
HTR1A	5	6.5384e-07	3.53823e-05	112316	3
HTR4	5	8.570900000000001e-07	4.66284e-05	110480	5
IGIP	5	3.4888e-08	0.0	109809	0
IK	5	2.807e-06	0.00017012813999999998	107000	18
IL12B	5	7.4089e-07	8.862549e-05	112151	9
IL13	5	1.862e-07	1.759402e-05	110276	1
IL17B	5	2.6398e-07	6.521579999999999e-05	107222	6
IL3	5	3.7513000000000005e-07	7.910901999999999e-05	113482	8
IL31RA	5	2.0214e-06	0.00024627306	112702	27
IL4	5	2.4696e-07	2.6463e-05	112001	2
IL5	5	3.2509e-07	8.80173e-06	112824	0
IL6ST	5	2.328e-06	2.8077150000000003e-05	108769	3
IL7R	5	9.2612e-07	0.00020316943999999998	111597	22
IL9	5	2.3935e-07	0.00012325636999999999	107070	13
IPO11	5	3.396e-06	9.803960999999999e-05	107072	10
IQGAP2	5	4.5541e-06	0.0005955036799999999	111204	66
IRF1	5	9.7675e-07	8.83923e-06	112762	0
IRGM	5	0.0	0.0	59696	0
IRX1	5	5.314199999999999e-07	2.670972e-05	107264	2
IRX2	5	5.797999999999999e-07	3.914586e-05	102957	4
IRX4	5	6.8893e-07	8.84877e-06	100436	0
ISL1	5	6.6508e-07	0.0	111240	0
ISOC1	5	7.3217e-07	7.125393e-05	109810	7
ITGA1	5	3.4511000000000003e-06	0.00024879173	110676	27
ITGA2	5	3.5763e-06	0.00030085432	112294	33
ITK	5	2.2287e-06	8.816995000000001e-05	113122	9
JADE2	5	2.0676e-06	8.7943e-06	110090	0
JAKMIP2	5	2.823e-06	8.81275e-06	110915	0
JMY	5	2.5708e-06	2.7521e-05	105589	2
KCNIP1	5	9.059299999999999e-07	2.6567629999999998e-05	112456	2
KCNMB1	5	5.1272e-07	0.00029905278	111350	33
KCNN2	5	1.156e-06	0.0	107401	0
KCTD16	5	8.591599999999999e-07	0.0	111467	0
KDM3B	5	4.8058e-06	0.0	110866	0
KIAA0141	5	1.4944e-06	0.00202827246	110026	223
KIAA0825	5	6.355e-07	0.0001329205	108469	14
KIAA0947	5	4.0648000000000005e-06	1.770852e-05	107287	1
KIAA1191	5	1.206e-06	0.00018556805	110304	20
KIF20A	5	3.0275e-06	0.00024716077	112436	27
KIF2A	5	1.8935e-06	8.818189999999999e-06	102149	0
KIF3A	5	1.922e-06	6.259821e-05	109131	6
KIF4B	5	2.4694e-06	0.00045717290000000003	113625	51
KLHL3	5	1.4102e-06	9.021849999999999e-06	110029	0
LARP1	5	3.2718e-06	8.79461e-06	111806	0
LARS	5	3.4348e-06	0.00038446112	110255	42
LCP2	5	1.8044e-06	3.655475e-05	107416	3
LEAP2	5	1.5424e-07	4.39899e-05	112579	4
LECT2	5	3.6771e-07	3.522805e-05	111911	3
LHFPL2	5	3.1930999999999997e-07	2.677079e-05	109450	2
LIFR	5	3.1948000000000003e-06	0.00021426873999999999	110726	23
LIX1	5	9.5277e-07	5.281087e-05	112514	5
LMAN2	5	7.256600000000001e-07	2.770972e-05	110917	3
LMBRD2	5	2.0539e-06	0.00015135982	108555	16
LMNB1	5	1.3608000000000002e-06	2.6474190000000004e-05	111229	2
LNPEP	5	2.8124e-06	2.721511e-05	109622	2
LOX	5	1.2096e-06	0.0	103897	0
LPCAT1	5	1.5406000000000001e-06	4.4192150000000003e-05	110151	4
LRRC14B	5	7.028699999999999e-07	0.00042355915	101734	43
LRRTM2	5	1.1536e-06	1.778229e-05	111620	1
LSM11	5	7.1359e-07	9.75972e-06	108382	1
LTC4S	5	2.6327e-07	0.0027607070000000003	106403	293
LYRM7	5	2.2239e-07	8.82052e-06	95187	0
LYSMD3	5	7.664699999999999e-07	1.7869300000000002e-05	109889	1
MAML1	5	1.5609e-06	8.796310000000002e-06	110099	0
MAN2A1	5	3.0884e-06	0.00010445409999999999	107103	11
MAP1B	5	4.7584e-06	2.638322e-05	112374	2
MAP3K1	5	3.1925e-06	1.773984e-05	111883	1
MAPK9	5	1.3588999999999998e-06	2.6409099999999998e-05	110192	2
MARCH11	5	7.106100000000001e-07	4.4645649999999995e-05	108464	4
MARCH3	5	5.1962e-07	1.767404e-05	111999	1
MARCH6	5	3.4333999999999996e-06	1.761839e-05	108833	1
MARVELD2	5	1.6154e-06	0.00047523007000000003	113012	53
MAST4	5	6.0576e-06	0.00019287697	105165	20
MAT2B	5	8.187399999999999e-07	2.643265e-05	110787	2
MATR3	5	1.8305e-06	0.0	110840	0
MBLAC2	5	7.1561e-07	8.627151e-05	102508	8
MCC	5	2.9599000000000002e-06	0.00020575311000000003	110911	22
MCCC2	5	1.9868e-06	0.00016712478	113181	18
MCIDAS	5	5.2725e-07	0.0	98527	0
MCTP1	5	2.5997000000000003e-06	9.066188e-05	108066	9
MED10	5	3.6519e-07	2.6384879999999997e-05	111627	2
MED7	5	6.4431e-07	0.0	109612	0
MEF2C	5	1.245e-06	8.022791e-05	105181	8
MEGF10	5	3.4424000000000003e-06	0.00016798673	111103	18
MFAP3	5	5.819e-07	6.172249e-05	110677	6
MGAT1	5	6.7065e-07	0.0	105563	0
MGAT4B	5	1.4758000000000001e-06	3.5565890000000004e-05	106418	3
MIER3	5	1.4595e-06	1.775213e-05	110729	1
MOCS2	5	3.5423e-07	3.53631e-05	110661	3
MROH2B	5	4.6328e-06	0.21135343178	105506	22299
MRPL22	5	9.681100000000002e-07	0.00010569361000000001	109012	11
MRPL36	5	0.0	0.0	106510	0
MRPS27	5	1.1672e-06	9.704424999999999e-05	110123	10
MRPS30	5	1.2436e-06	0.00035586573	107788	38
MRPS36	5	2.1100000000000002e-07	1.940648e-05	105131	2
MSH3	5	2.5862e-06	0.00041430824	110342	45
MSX2	5	3.837e-07	8.7909e-06	101197	0
MTMR12	5	2.2439e-06	4.765073e-05	108548	5
MTRNR2L2	5	0.0	0.0	101943	0
MTRR	5	2.0728e-06	0.00025509549	112348	28
MTX3	5	7.498100000000001e-07	6.237456e-05	102393	6
MXD3	5	3.658e-07	7.137605999999999e-05	108688	7
MYO10	5	6.4589999999999995e-06	0.00020634155	106258	21
MYOT	5	1.3497e-06	6.182521e-05	110028	6
MYOZ3	5	4.456e-07	0.00085183386	101928	86
MZB1	5	3.9255e-07	4.3517e-05	87314	3
N4BP3	5	1.0455e-06	5.626714e-05	106566	5
NADK2	5	1.3699e-06	2.999517e-05	108419	3
NAIP	5	5.0857e-07	0.00023809266	109542	26
NDFIP1	5	4.9075e-07	0.0	110790	0
NDST1	5	2.37e-06	2.63917e-05	112103	2
NDUFA2	5	2.1230000000000002e-07	0.0	109897	0
NDUFAF2	5	4.7705e-07	0.0001867698	111219	20
NDUFS4	5	6.6674e-07	3.5178709999999996e-05	112415	3
NDUFS6	5	2.0144e-07	0.0	107436	0
NEURL1B	5	4.625e-07	3.31477e-05	60385	2
NEUROG1	5	1.7968e-07	9.84659e-06	100591	0
NHP2	5	3.9243000000000003e-07	2.641882e-05	111418	2
NIM1K	5	1.2706e-06	0.00016742976999999999	111046	18
NIPAL4	5	7.8286e-07	2.6666959999999998e-05	106686	2
NIPBL	5	9.4214e-06	0.0	111182	0
NKD2	5	8.3238e-07	0.0002623935	99106	26
NKX2-5	5	3.9332000000000003e-07	0.0	103077	0
NLN	5	2.1387e-06	0.00023151189999999998	110236	25
NME5	5	3.8577e-07	1.758319e-05	111437	1
NMUR2	5	6.1516e-07	3.52675e-05	112090	3
NNT	5	2.5328e-06	4.493041e-05	109513	4
NOP16	5	3.4136e-07	8.831723e-05	110795	9
NPM1	5	8.7424e-07	0.0	109010	0
NPR3	5	1.3413e-06	0.00010715572	108346	11
NR2F1	5	7.589799999999999e-07	0.0	107285	0
NR3C1	5	1.7644e-06	3.516788e-05	112311	3
NREP	5	3.3979999999999996e-07	0.0018943860999999999	106529	201
NRG2	5	1.5075e-06	0.0	107332	0
NSA2	5	9.553499999999999e-07	3.57379e-05	110648	3
NSD1	5	6.7757e-06	3.525168e-05	112363	3
NSG2	5	2.9411e-07	0.0	109958	0
NSUN2	5	2.1476e-06	5.2973169999999994e-05	110071	5
NUDCD2	5	3.7339e-07	9.550189999999998e-06	104274	0
NUDT12	5	9.5792e-07	8.17129e-05	107549	8
NUP155	5	4.3325e-06	0.00013232645	112441	14
OCLN	5	1.1626e-06	8.213015e-05	110796	9
OR2V1	5	3.6393e-07	8.968354e-05	110123	9
OR2V2	5	1.9045000000000001e-07	8.79121e-06	112928	0
OR2Y1	5	0.0	0.0	112454	0
OSMR	5	2.4704e-06	0.00035225553999999995	112916	39
OTP	5	3.8703000000000005e-07	0.0	91080	0
OXCT1	5	1.7202e-06	0.00011487188999999999	111469	12
P4HA2	5	2.2268e-06	0.00044035062000000007	112057	49
PAIP1	5	1.2791e-06	9.10813e-06	109570	0
PAIP2	5	3.4838e-07	0.0	112115	0
PAM	5	2.7307e-06	0.00022957092	110951	25
PANK3	5	1.2316e-06	4.453523e-05	106866	4
PAPD4	5	2.1043e-06	0.00010763214	108386	11
PAPD7	5	1.2447e-06	8.79384e-06	111258	0
PARP8	5	3.0479e-06	5.389724e-05	108814	5
PCBD2	5	2.374e-07	8.83704e-06	112089	0
PCDH1	5	1.759e-06	1.863183e-05	107850	2
PCDH12	5	2.1222e-06	0.0002215038	112524	24
PCDHA1	5	1.4246e-06	0.00015002391000000002	112068	16
PCDHA10	5	1.3157e-06	0.00178015361	111651	198
PCDHA11	5	1.8401e-06	0.00017163383999999998	112042	19
PCDHA12	5	1.3078e-06	0.00028226094	111950	31
PCDHA13	5	1.4958000000000001e-06	0.00019445113000000002	111695	21
PCDHA2	5	1.4972e-06	0.00033502510999999997	112024	37
PCDHA3	5	1.4608e-06	0.00015011360000000002	111981	16
PCDHA4	5	1.3763999999999999e-06	0.00027356671	111925	30
PCDHA5	5	1.412e-06	8.849023e-05	111814	9
PCDHA6	5	1.4340000000000002e-06	0.00012366851	111761	13
PCDHA7	5	1.4338e-06	0.00020299516	111635	22
PCDHA8	5	1.5858000000000001e-06	9.826581e-05	111519	10
PCDHA9	5	1.4244e-06	0.00026736667000000003	111420	29
PCDHAC1	5	1.6353e-06	0.00027586105	110986	30
PCDHAC2	5	1.8444e-06	3.557822e-05	109940	3
PCDHB1	5	1.1423e-06	0.00019363986	113328	21
PCDHB10	5	8.3597e-07	9.833771999999999e-05	111105	10
PCDHB11	5	6.0175e-07	7.913591999999999e-05	110439	8
PCDHB12	5	7.333400000000001e-07	8.249896000000001e-05	111377	9
PCDHB13	5	6.7895e-07	0.00013619872	111499	15
PCDHB14	5	7.9828e-07	0.00022281701	110867	24
PCDHB15	5	1.2517e-06	0.00013428506999999998	112248	15
PCDHB16	5	8.419499999999999e-07	3.5490029999999996e-05	110546	3
PCDHB17	5	5.710199999999999e-07	0.0002788141	108933	30
PCDHB2	5	7.465899999999999e-07	6.156775e-05	111835	6
PCDHB3	5	6.8659e-07	4.39822e-05	111270	4
PCDHB4	5	1.2758e-06	9.858051999999999e-05	111653	11
PCDHB5	5	9.0605e-07	8.901641999999999e-05	112256	9
PCDHB6	5	8.683100000000001e-07	6.195468e-05	109744	6
PCDHB7	5	9.7348e-07	0.00869054236	112112	974
PCDHB8	5	7.9345e-07	0.00023927764	111272	26
PCDHGA1	5	1.2963999999999998e-06	0.0001408603	111524	15
PCDHGA10	5	1.4115e-06	0.00460116275	111075	511
PCDHGA11	5	1.4865e-06	8.037198000000001e-05	110987	8
PCDHGA12	5	1.4117e-06	0.00011513758999999998	111283	12
PCDHGA2	5	1.5943000000000001e-06	0.00014192321000000002	111449	15
PCDHGA3	5	1.4658000000000002e-06	0.00011098346000000001	111489	12
PCDHGA4	5	1.1789e-06	0.00021118903	111353	23
PCDHGA5	5	1.3319e-06	8.854325000000001e-05	111504	9
PCDHGA6	5	1.5974000000000002e-06	0.00023954588	111441	26
PCDHGA7	5	1.1431000000000001e-06	0.00016865238999999997	111356	18
PCDHGA8	5	1.4904e-06	0.00042619703	111325	47
PCDHGA9	5	1.5924e-06	0.0001879757	111229	20
PCDHGB1	5	1.3647999999999998e-06	5.615619000000001e-05	111373	6
PCDHGB2	5	1.3588e-06	0.00023018032000000002	111420	25
PCDHGB3	5	1.3711e-06	0.0005092570099999999	111517	56
PCDHGB4	5	1.2863999999999999e-06	0.00014178983	111383	15
PCDHGB6	5	1.6006e-06	9.797690000000001e-05	111224	10
PCDHGB7	5	1.6817e-06	0.0001064777	111073	11
PCDHGC3	5	1.4918e-06	2.6390959999999996e-05	112018	2
PCDHGC4	5	1.9278999999999998e-06	1.75869e-05	111818	1
PCDHGC5	5	1.618e-06	0.00013241348	111818	14
PCSK1	5	2.2622e-06	8.826766999999999e-05	112304	9
PCYOX1L	5	1.0084e-06	9.284589e-05	109276	10
PDCD6	5	5.433e-07	0.00011541212	105095	12
PDE4D	5	2.1891e-06	1.8301660000000002e-05	100587	1
PDE6A	5	2.4023e-06	0.00036101849	112770	40
PDE8B	5	1.9672999999999998e-06	8.810880000000001e-06	110801	0
PDGFRB	5	3.0925e-06	3.8536259999999996e-05	109685	4
PDLIM4	5	5.267899999999999e-07	0.0	106476	0
PDLIM7	5	1.0108e-06	1.7740839999999997e-05	103112	1
PDZD2	5	5.659500000000001e-06	9.787896e-05	111970	10
PELO	5	5.3548e-07	1.7613859999999998e-05	111768	1
PFDN1	5	2.5951e-07	0.0	104840	0
PFN3	5	8.4758e-08	0.0	104350	0
PGGT1B	5	9.8839e-07	0.0	106639	0
PHAX	5	1.455e-06	8.251838e-05	109646	9
PHYKPL	5	9.291700000000001e-07	0.00017503203	111754	19
PIK3R1	5	2.8334e-06	3.576586e-05	110142	3
PITX1	5	4.9173e-07	9.097530000000001e-06	104566	0
PJA2	5	1.3893e-06	3.5426009999999997e-05	110789	3
PKD2L2	5	1.9676e-06	0.00029551793	109119	32
PLAC8L1	5	2.93e-07	2.640085e-05	112972	2
PLCXD3	5	5.401e-07	5.396562e-05	108971	5
PLEKHG4B	5	2.8887999999999998e-06	0.00056845805	104226	59
PLK2	5	1.7476e-06	1.764124e-05	111076	1
POC5	5	1.291e-06	0.00011030698999999999	102134	11
POLK	5	2.2282e-06	0.00034492876000000004	104736	36
POLR3G	5	5.158600000000001e-07	6.404834e-05	106364	6
POU4F3	5	3.7933999999999995e-07	0.0	113116	0
POU5F2	5	2.1659000000000004e-07	5.30626e-05	110200	5
PPAP2A	5	6.86e-07	0.0	108129	0
PPARGC1B	5	2.5386e-06	5.417354e-05	108153	5
PPIC	5	3.2605e-07	4.540578e-05	105712	4
PPIP5K2	5	4.0245e-06	0.00036509638999999993	106992	39
PPP2CA	5	9.6304e-07	9.040449999999999e-06	109375	0
PPP2R2B	5	1.1947e-06	9.019410000000001e-06	109517	0
PPWD1	5	2.0713e-06	0.00015053723999999997	108533	16
PRDM6	5	1.4838999999999999e-06	1.65224e-05	60723	1
PRDM9	5	2.1453e-06	0.00039933403	111891	44
PRELID1	5	9.003700000000001e-07	1.75803e-05	109290	1
PRELID2	5	6.8634e-07	9.832434000000001e-05	107403	10
PRKAA1	5	1.4528e-06	3.56857e-05	110047	3
PRLR	5	1.1964e-06	8.80887e-06	112471	0
PROB1	5	8.1152e-07	0.0	76548	0
PROP1	5	6.3955e-07	1.1166199999999998e-05	108711	1
PRR16	5	6.1597e-07	1.760223e-05	107298	1
PRR7	5	2.8391e-07	0.0	104298	0
PRRC1	5	9.162200000000001e-07	0.00021290737999999997	110121	23
PSD2	5	1.7077000000000002e-06	0.00059070401	110411	65
PTCD2	5	9.190299999999999e-07	0.00010633566000000001	111161	11
PTGER4	5	1.0149e-06	0.0	107417	0
PTTG1	5	3.4774e-07	4.40308e-05	111131	4
PURA	5	3.8238e-07	0.0	106706	0
PWWP2A	5	1.3413999999999998e-06	0.0	102241	0
RAB24	5	7.835300000000001e-07	8.79028e-06	109270	0
RAB3C	5	5.5707e-07	5.333149e-05	107920	5
RAD1	5	6.892699999999999e-07	0.00044912	105721	47
RAD17	5	2.0695e-06	0.00010075252000000001	107448	10
RAD50	5	4.4007e-06	0.00069439625	111255	77
RAI14	5	2.2847999999999997e-06	5.3287799999999995e-05	110782	5
RANBP17	5	3.0673000000000003e-06	0.0006709636	109439	73
RANBP3L	5	1.6486000000000002e-06	0.00015966393999999998	108333	17
RAPGEF6	5	4.0856e-06	0.00014305969999999998	107907	15
RARS	5	1.885e-06	0.00010717696000000002	106267	11
RASA1	5	3.4484e-06	8.84283e-06	110911	0
RASGEF1C	5	1.0131999999999999e-06	8.593651e-05	107441	9
RASGRF2	5	3.8235e-06	6.167300999999999e-05	110134	6
RBM22	5	9.8564e-07	0.0	107626	0
RBM27	5	4.1039e-06	0.00042408904	108461	45
REEP2	5	7.716e-07	0.0	108482	0
REEP5	5	4.0188000000000005e-07	2.6607859999999997e-05	109234	2
RELL2	5	6.456e-07	8.91059e-06	108300	0
RFESD	5	6.7013e-07	9.75498e-05	105938	10
RGMB	5	6.709e-07	8.888889999999998e-06	108268	0
RGS14	5	1.5366e-06	3.64917e-05	107536	3
RGS7BP	5	7.6253e-07	9.0726e-06	109835	0
RHOBTB3	5	1.525e-06	8.917124e-05	108510	9
RICTOR	5	6.3724e-06	3.539616e-05	108876	3
RIOK2	5	1.2433e-06	6.364254e-05	109021	6
RMND5B	5	1.2891999999999999e-06	0.0009420640699999999	110920	104
RNF130	5	1.1343e-06	5.340459e-05	110035	5
RNF14	5	1.1365e-06	0.00012376497	111705	13
RNF145	5	1.4735e-06	1.766974e-05	107608	1
RNF180	5	1.3222999999999998e-06	6.0716940000000004e-05	103875	6
RNF44	5	1.3588999999999998e-06	2.9525770000000002e-05	99548	2
ROPN1L	5	4.2172e-07	0.0019440380899999998	111399	216
RPL26L1	5	4.0567e-07	0.00012309326	112979	13
RPL37	5	2.8569e-07	7.962845000000001e-05	112274	8
RPS14	5	4.7159999999999996e-07	0.0	109899	0
RPS23	5	2.8292e-07	0.0	109119	0
RUFY1	5	2.1325e-06	0.00014122828000000002	111138	15
RXFP3	5	5.945e-07	8.027148e-05	106173	8
S100Z	5	2.2033000000000001e-07	0.00180830143	110282	199
SAP30L	5	8.1695e-07	2.6476290000000002e-05	107972	2
SAR1B	5	7.4008e-07	7.318635e-05	108819	7
SCAMP1	5	7.670199999999999e-07	8.94807e-06	95752	0
SCGB3A1	5	9.898400000000001e-08	0.0	87501	0
SCGB3A2	5	1.2082000000000002e-07	8.81896e-06	112439	0
SDHA	5	2.1933000000000002e-06	0.00071404273	110491	78
SEC24A	5	3.0205e-06	0.00012498682	110073	13
SEMA5A	5	2.9156e-06	0.00011529242	111207	12
SEMA6A	5	1.9564e-06	1.9136129999999997e-05	107384	2
SEPP1	5	1.1164e-06	0.00017460363999999997	104002	18
SEPT8	5	9.996899999999999e-07	3.700816e-05	108830	4
SERINC5	5	1.4859e-06	6.213044e-05	105437	6
SETD9	5	9.0274e-07	0.00023089097	107076	24
SFXN1	5	9.423399999999999e-07	4.439993e-05	110795	4
SGCD	5	9.444400000000001e-07	3.60695e-05	101328	3
SGTB	5	9.2363e-07	1.76179e-05	109217	1
SH3PXD2B	5	1.9844e-06	7.076315e-05	111153	7
SH3RF2	5	1.6274e-06	0.00037995062000000006	110556	42
SH3TC2	5	2.7437e-06	0.0016368648300000002	112467	184
SHROOM1	5	1.1007e-06	6.095339e-05	105294	6
SIL1	5	9.8884e-07	0.00011441954	110015	12
SIMC1	5	1.1405e-06	0.00011528332000000001	109394	12
SKIV2L2	5	3.1792e-06	4.4891309999999996e-05	107704	4
SKP1	5	4.6436999999999997e-07	8.79678e-06	108381	0
SKP2	5	1.2726000000000001e-06	8.81928e-06	111092	0
SLC12A2	5	3.0905000000000003e-06	7.102318e-05	108206	7
SLC12A7	5	2.6314e-06	0.00027558102000000003	106567	29
SLC1A3	5	1.4359e-06	8.99798e-06	112342	1
SLC22A4	5	1.2604e-06	0.0002037241	111795	22
SLC22A5	5	1.3544e-06	0.00020277136999999999	110994	22
SLC23A1	5	1.3321000000000001e-06	4.397339e-05	104866	4
SLC25A2	5	4.2942e-07	1.758613e-05	112558	1
SLC25A46	5	1.1137e-06	5.406338000000001e-05	102148	5
SLC25A48	5	2.8335999999999996e-07	9.92964e-05	104664	10
SLC26A2	5	8.477299999999999e-07	0.00023795429	113248	26
SLC27A6	5	1.2911000000000002e-06	0.00064722663	108291	70
SLC30A5	5	1.7168e-06	0.00012368708000000002	109040	13
SLC34A1	5	1.2154e-06	0.0006431900099999999	109159	70
SLC35A4	5	5.583600000000001e-07	2.642412e-05	112441	2
SLC36A1	5	1.3278e-06	4.503116e-05	110838	4
SLC36A2	5	9.9506e-07	0.00013188819	112152	14
SLC36A3	5	9.5345e-07	6.361328000000001e-05	110852	7
SLC38A9	5	1.0784000000000001e-06	9.287639999999998e-06	107610	0
SLC45A2	5	8.414200000000001e-07	0.00016730516	110415	18
SLC4A9	5	1.9381e-06	0.00112022252	105922	118
SLC6A18	5	1.4207e-06	0.38635292975	108776	42026
SLC6A19	5	1.935e-06	0.00093383531	110877	103
SLC6A3	5	1.6437e-06	9.571975000000001e-05	108723	10
SLC6A7	5	1.6203e-06	0.0001325226	110419	14
SLC9A3	5	2.1617e-06	6.243559000000001e-05	103782	6
SLCO4C1	5	1.5805000000000002e-06	0.00014338215	107954	15
SLCO6A1	5	1.3502e-06	0.00025193031000000004	107472	27
SLIT3	5	4.8049e-06	0.00017082061999999998	109082	18
SLU7	5	2.3322e-06	8.058162e-05	108467	8
SMAD5	5	9.6127e-07	0.0	108630	0
SMIM15	5	8.959300000000001e-08	0.0	109437	0
SMIM3	5	3.2527e-08	1.7709620000000002e-05	96863	1
SMN1	5	5.1890000000000003e-08	0.0	109776	0
SMN2	5	5.1807999999999996e-08	9.843289999999999e-06	95755	0
SNCAIP	5	1.8441999999999999e-06	4.414366e-05	112614	4
SNCB	5	3.934e-07	8.80127e-06	110498	0
SNX18	5	6.1488e-07	0.0	105644	0
SNX2	5	1.5158000000000002e-06	3.579455e-05	108311	3
SNX24	5	6.804399999999999e-07	0.00014468163	107702	15
SOWAHA	5	5.1559e-07	0.0	96077	0
SOX30	5	1.7102000000000002e-06	1.759572e-05	106234	1
SPARC	5	6.7839e-07	0.0	111191	0
SPATA24	5	6.116600000000001e-07	0.00018071369999999998	60500	10
SPATA9	5	5.1397e-07	8.839612e-05	108999	9
SPDL1	5	2.1254e-06	0.00078435714	109089	85
SPEF2	5	5.0911e-06	0.00038611441	109285	42
SPINK1	5	1.7339000000000002e-07	0.000106733	111294	11
SPINK13	5	3.0877e-07	5.302714e-05	110089	5
SPINK14	5	2.3095e-07	7.78204e-05	100371	7
SPINK5	5	4.1046e-06	0.00046354662	111196	51
SPINK6	5	1.9944000000000002e-07	7.089702e-05	111777	7
SPINK7	5	1.7916e-07	0.0	111910	0
SPINK9	5	1.9201e-07	9.38685e-06	110831	1
SPOCK1	5	1.0845e-06	4.414358e-05	109507	4
SPRY4	5	3.6897e-07	0.00013932975	111153	15
SPZ1	5	0.0	0.0	111330	0
SQSTM1	5	8.6844e-07	2.645853e-05	109348	2
SRA1	5	5.495100000000001e-07	8.546959e-05	108795	9
SRD5A1	5	6.0755e-07	7.22275e-05	108146	7
SREK1	5	1.8236000000000002e-06	2.82983e-05	106175	3
SREK1IP1	5	5.625e-07	2.6704829999999998e-05	106382	2
SRFBP1	5	1.3463e-06	0.0001613375	108988	17
SRP19	5	6.2962e-07	1.75965e-05	110526	1
SSBP2	5	1.3009000000000001e-06	8.99604e-06	106720	0
ST8SIA4	5	9.8909e-07	2.6450959999999995e-05	110529	2
STARD4	5	6.2577e-07	0.00046618987	108971	50
STC2	5	7.6935e-07	0.0	107120	0
STK10	5	3.0319e-06	0.00028455838	109045	31
STK32A	5	1.0479000000000002e-06	9.918072e-05	105078	10
SUB1	5	3.0576e-07	0.0	109274	0
SV2C	5	1.6631e-06	6.263001e-05	111148	6
SYNPO	5	1.6918e-06	1.6219000000000002e-05	104196	1
TAF7	5	7.7706e-07	0.0	111690	0
TAF9	5	4.949100000000001e-07	9.678716999999999e-05	105741	10
TARS	5	2.5096e-06	0.00124381365	110761	137
TAS2R1	5	0.0	0.0	110628	0
TBC1D9B	5	3.23e-06	0.00021611746	106974	23
TBCA	5	2.5778e-07	8.81803e-06	94472	0
TCERG1	5	3.9063999999999996e-06	5.486715999999999e-05	109256	5
TCF7	5	8.831700000000001e-07	3.6345290000000005e-05	107560	3
TCOF1	5	3.0158e-06	0.00012541226	109344	13
TENM2	5	5.7397e-06	0.00010703171000000001	104589	11
TERT	5	2.3218e-06	6.900501000000001e-05	100846	6
TGFBI	5	1.6721e-06	0.00019556917	109131	21
THBS4	5	2.7457e-06	0.00047906608	110557	52
THG1L	5	7.293600000000001e-07	8.882952e-05	109320	9
THOC3	5	4.2211999999999997e-07	2.7837890000000003e-05	98588	2
TICAM2	5	1.0887e-06	0.00019963144	103928	20
TIFAB	5	2.3798000000000002e-07	2.70213e-05	110935	2
TIGD6	5	6.9311e-07	7.920904000000001e-05	110196	8
TIMD4	5	8.582799999999999e-07	0.00022914226000000001	112215	25
TLX3	5	3.2929e-07	1.36269e-05	92710	1
TMCO6	5	1.3773e-06	0.00019529764	108946	21
TMED7	5	7.395699999999999e-07	1.910503e-05	100348	1
TMED7-TICAM2	5	1.0887e-06	0.00019963144	103928	20
TMED9	5	8.7339e-07	1.800478e-05	103870	1
TMEM161B	5	1.685e-06	0.00105596151	106354	112
TMEM167A	5	2.816e-07	2.955127e-05	110635	3
TMEM171	5	4.4729e-07	9.642569e-05	110644	10
TMEM173	5	6.8433e-07	6.222298e-05	110552	6
TMEM174	5	2.7945e-07	0.0	110837	0
TMEM232	5	1.5041e-06	0.0004641321	60337	28
TNFAIP8	5	2.0273e-07	1.77239e-05	103116	1
TNIP1	5	1.7861000000000001e-06	8.577231e-05	106971	9
TNPO1	5	2.6706e-06	0.0	108386	0
TPPP	5	3.7225e-07	1.1118e-05	105198	1
TRAPPC13	5	8.705500000000001e-07	2.226242e-05	104856	2
TRIM23	5	2.029e-06	4.40593e-05	109856	4
TRIM36	5	1.6502e-06	7.930829e-05	109992	8
TRIM41	5	1.6549e-06	8.79368e-06	109550	0
TRIM52	5	5.549800000000001e-07	0.00016730195	111725	18
TRIM7	5	8.697499999999999e-07	4.7427970000000005e-05	107147	5
TRIO	5	8.641900000000001e-06	7.930064000000001e-05	109086	8
TRIP13	5	1.3245e-06	8.79291e-06	103358	0
TRPC7	5	2.1641e-06	8.745232e-05	106271	9
TSLP	5	2.3239e-07	7.945029e-05	113063	8
TSPAN17	5	1.0675e-06	0.00011676409	102971	12
TSSK1B	5	5.1924e-07	7.971936e-05	112632	8
TTC1	5	8.3854e-07	3.539803e-05	110043	3
TTC23L	5	1.1501e-06	0.00027762465	108205	30
TTC33	5	6.0723e-07	0.00218741125	108781	237
TTC37	5	4.6772e-06	0.00032622293999999997	112279	36
TXNDC15	5	8.934999999999999e-07	0.00027250321	109009	29
UBE2B	5	6.3621e-07	0.0	102214	0
UBE2D2	5	5.406399999999999e-07	0.0	102731	0
UBE2QL1	5	1.5779e-07	0.0	60296	0
UBLCP1	5	8.356700000000001e-07	2.656785e-05	110247	2
UBTD2	5	2.7938e-07	0.0	111556	0
UGT3A1	5	9.6667e-07	0.00013258356	111417	14
UGT3A2	5	1.0634e-06	0.00022870330000000002	111645	25
UIMC1	5	2.1095e-06	0.00011513888	111549	12
UNC5A	5	1.8858000000000002e-06	1.82682e-05	109817	2
UQCRQ	5	1.4456e-07	8.79585e-06	112829	0
UTP15	5	1.5991e-06	0.0	109893	0
VCAN	5	5.1026e-06	3.531505e-05	112845	3
VDAC1	5	7.4133e-07	0.0	106833	0
WDR36	5	2.5622000000000002e-06	3.536755e-05	111191	3
WDR41	5	1.5637e-06	0.00028978984	111371	32
WDR55	5	9.598100000000002e-07	0.00041667574999999996	105910	44
WDR70	5	2.1858000000000003e-06	0.00013283076	110521	14
WNT8A	5	7.586499999999999e-07	2.6511750000000002e-05	110877	2
WWC1	5	3.5450999999999997e-06	4.769587e-05	109784	5
XRCC4	5	1.1142e-06	5.314809e-05	109960	5
YIPF5	5	5.384e-07	0.0	111942	0
YTHDC2	5	4.9374e-06	1.769192e-05	107907	1
ZBED3	5	3.5152e-08	0.0	102560	0
ZCCHC10	5	3.2521e-07	1.822309e-05	111196	2
ZCCHC9	5	8.3764e-07	7.19735e-05	110696	7
ZDHHC11	5	8.670900000000001e-07	0.00020629130000000001	107281	22
ZDHHC11B	5	6.8427e-07	0.00015997143	103306	16
ZFP2	5	1.1568999999999999e-06	0.00030824389	111442	34
ZFP62	5	1.2833e-06	4.8805200000000005e-05	66031	3
ZFR	5	3.6408e-06	8.82052e-06	108992	0
ZFYVE16	5	3.14e-06	0.00021417759999999998	110740	23
ZMAT2	5	7.161100000000001e-07	0.0	112729	0
ZNF131	5	1.6539e-06	0.0	107943	0
ZNF300	5	1.089e-06	6.182991e-05	111328	6
ZNF346	5	5.833e-07	1.765405e-05	108637	1
ZNF354A	5	1.7062999999999999e-06	0.00010582446000000001	110956	11
ZNF354B	5	1.4822e-06	0.00011454716999999998	111228	12
ZNF354C	5	1.0670000000000001e-06	0.00100228868	112313	112
ZNF366	5	1.276e-06	0.0	112276	0
ZNF454	5	1.1435e-06	8.797251e-05	111738	9
ZNF474	5	5.7497e-07	0.0001496658	112672	16
ZNF608	5	2.263e-06	8.79956e-06	111776	0
ZNF622	5	1.2726000000000001e-06	8.00767e-05	109524	8
ZNF879	5	1.0806999999999999e-06	0.0001847611	77515	14
ZRSR1	5	5.7418e-07	0.00010672937	110593	11
ZSWIM6	5	2.3812e-06	0.0	60792	0
