SYMBOL	chromosome	mu_lof	AF_nfe	AN_nfe	NFE_k
AARS2	6	3.4494e-06	0.00036254632000000007	111750	40
ABCC10	6	3.8213999999999995e-06	0.00048606108	110063	53
ABCF1	6	3.1633e-06	0.00019599553	108850	21
ABHD16A	6	2.3234e-06	7.205076e-05	108176	7
ABRACL	6	2.3588000000000002e-07	8.84033e-06	108272	0
ABT1	6	3.8218000000000005e-07	1.761544e-05	110331	1
ACAT2	6	7.818300000000001e-07	0.00011687343000000001	109570	12
ACOT13	6	2.7322e-07	5.40083e-05	110721	5
ADAT2	6	6.502600000000001e-07	0.00010600845	111981	11
ADGB	6	4.1779e-06	0.0004792686	60534	29
ADTRP	6	6.3147e-07	0.00045664130999999993	108697	49
AGER	6	1.5308e-06	0.00046089394	109415	50
AGPAT1	6	1.017e-06	8.97714e-06	109562	0
AGPAT4	6	1.2969e-06	1.773635e-05	109126	1
AHI1	6	3.5861000000000003e-06	0.0006917794	104395	72
AIF1	6	4.9875e-07	0.00015315938999999997	108388	16
AIG1	6	6.184300000000001e-07	5.2915600000000005e-05	104711	5
AIM1	6	3.9668e-06	0.00077182583	109871	84
AK9	6	4.5255e-06	0.00033824144999999997	95928	32
AKAP12	6	2.068e-06	4.424294e-05	112324	4
AKAP7	6	7.4702e-07	0.00015176024	107944	16
AKIRIN2	6	8.762399999999999e-07	8.79972e-06	110250	0
AL031320.1	6	0.0	0.0	111163	0
AL035588.1	6	2.855e-08	0.0	104538	0
AL079342.1	6	0.0	0.0	104034	0
AL121963.1	6	2.6012e-07	2.6404299999999997e-05	111526	2
AL441883.1	6	1.5044000000000002e-07	1.99727e-05	108638	2
AL583828.1	6	0.0	0.0	107028	0
AL591025.1	6	7.5192e-08	3.16016e-05	105599	3
AL645922.1	6	4.2011000000000005e-08	2.02926e-05	90874	1
ALDH5A1	6	1.1631e-06	0.00031652432	113140	35
ALDH8A1	6	7.7152e-07	4.411125e-05	111557	4
AMD1	6	7.036e-07	8.95592e-06	109950	0
ANKRD6	6	1.9536000000000002e-06	0.00011620201000000001	102280	11
ANKRD66	6	2.7778000000000004e-07	0.0	59633	0
ANKS1A	6	2.7192e-06	6.19495e-05	110626	6
APOBEC2	6	4.3306000000000004e-07	1.759681e-05	110223	1
APOM	6	4.2148999999999994e-07	2.7101740000000005e-05	107016	2
ARG1	6	8.266299999999999e-07	7.057906e-05	111478	7
ARHGAP18	6	2.1534e-06	0.00015058131	109939	16
ARID1B	6	4.8142000000000004e-06	3.555835e-05	109968	3
ARMC12	6	1.2266e-06	0.00030796177000000006	112011	34
ARMC2	6	1.6491e-06	0.00018751528999999998	107994	20
ASCC3	6	7.3938e-06	0.00065983704	111709	73
ASF1A	6	4.784e-07	0.0	110148	0
ATAT1	6	2.056e-06	9.466631e-05	107018	10
ATF6B	6	1.8809e-06	0.00015652538	110099	17
ATG5	6	8.235799999999999e-07	8.80421e-06	109452	0
ATP6V1G2	6	5.3621e-07	7.956128000000001e-05	109304	8
ATXN1	6	1.1662e-06	0.00015913433000000002	108952	17
B3GALT4	6	9.116e-07	1.760207e-05	110223	1
B3GAT2	6	5.304e-07	0.00010273140999999999	105156	10
BACH2	6	1.3293000000000001e-06	8.834860000000001e-06	111158	0
BAG2	6	2.8046999999999997e-07	9.98343e-06	106668	1
BAG6	6	2.7612e-06	9.12692e-06	107942	0
BAI3	6	4.5763e-06	8.81928e-06	110555	0
BAK1	6	5.7847e-07	4.397212000000001e-05	111607	4
BCKDHB	6	1.1925e-06	0.00013239158	108713	14
BCLAF1	6	2.7904e-06	0.00781733778	110184	861
BEND3	6	1.229e-06	0.0	112169	0
BEND6	6	7.1759e-07	1.76891e-05	103837	1
BLOC1S5	6	5.8941e-07	0.00014159324	108971	15
BMP5	6	1.364e-06	7.047664000000001e-05	111789	7
BMP6	6	1.2229e-06	0.0	108410	0
BPHL	6	7.213800000000001e-07	0.00041958227	109069	45
BRD2	6	1.8707e-06	1.7837920000000002e-05	108294	1
BRPF3	6	2.1277e-06	1.75982e-05	108653	1
BTBD9	6	1.7612e-06	0.00014194280000000002	111483	15
BTN1A1	6	9.8056e-07	0.00011440197	111362	12
BTN2A1	6	1.1113e-06	0.00048379288	112136	54
BTN2A2	6	1.3681e-06	0.00019389827000000002	111832	21
BTN3A1	6	1.0505e-06	8.962884e-05	111721	10
BTN3A2	6	9.716e-07	0.04153853809	111044	4612
BTN3A3	6	1.2225e-06	0.007248900890000001	112337	814
BTNL2	6	8.4021e-07	0.00021136921000000002	108446	22
BVES	6	1.2237e-06	4.422769e-05	110775	4
BYSL	6	1.2639e-06	5.283004e-05	109639	5
C2	6	2.3172e-06	0.00014424729	110806	15
C4A	6	8.2281e-07	5.0248690000000005e-05	96777	4
C4B	6	8.500299999999999e-07	3.0260500000000003e-05	95874	2
C6ORF165	6	1.6359999999999999e-06	0.00040731248999999995	108896	44
C6orf1	6	1.3264e-07	0.0	98832	0
C6orf10	6	1.7708e-06	0.0002137319	105814	22
C6orf106	6	7.2923e-07	1.766144e-05	108752	1
C6orf118	6	1.1201999999999999e-06	0.00032357091	111143	35
C6orf120	6	0.0	0.0	106961	0
C6orf132	6	1.5121e-06	0.0	60077	0
C6orf136	6	7.852199999999999e-07	8.80235e-06	107930	0
C6orf141	6	0.0	0.0	60086	0
C6orf15	6	4.2152000000000003e-07	6.38469e-05	106209	6
C6orf163	6	6.464699999999999e-07	9.926450000000001e-05	73848	7
C6orf195	6	0.0	0.0	108724	0
C6orf201	6	2.6655999999999997e-07	4.4211599999999995e-05	110742	4
C6orf203	6	5.7239e-07	3.5823629999999996e-05	110728	3
C6orf211	6	9.9934e-07	0.0001787127	110469	19
C6orf222	6	1.7919e-06	0.0005562437999999999	111560	62
C6orf223	6	2.2671e-07	9.603032e-05	99245	9
C6orf226	6	9.1807e-09	0.0	105513	0
C6orf25	6	6.526600000000001e-07	7.70809e-05	108590	8
C6orf47	6	4.6994e-07	1.46873e-05	106063	1
C6orf48	6	8.000600000000001e-08	0.0	108385	0
C6orf52	6	4.0600999999999997e-07	8.12026e-05	90515	7
C6orf57	6	2.8821999999999997e-07	0.00052144974	100727	52
C6orf58	6	8.603799999999999e-07	4.551644e-05	107638	4
C6orf62	6	6.7692e-07	0.0	111038	0
C6orf89	6	8.4697e-07	7.915899999999999e-05	111246	8
CAGE1	6	1.6413999999999999e-06	0.00082084356	104559	85
CAP2	6	1.1942e-06	3.5879640000000004e-05	112610	4
CAPN11	6	2.0586e-06	0.0020283566	105084	213
CCDC167	6	2.1254000000000002e-07	3.517057e-05	110194	3
CCDC170	6	1.8897e-06	0.00070915477	110860	78
CCDC28A	6	6.349000000000001e-07	0.00022913043999999997	107113	24
CCHCR1	6	2.8276e-06	0.56297247945	107437	60484
CCNC	6	8.616200000000001e-07	0.0	105498	0
CCND3	6	6.253899999999999e-07	0.0	109922	0
CCR6	6	5.9812e-07	3.519378e-05	112405	3
CD109	6	3.2542e-06	0.00071442341	110162	78
CD164	6	5.854e-07	8.81477e-06	106497	0
CD2AP	6	2.0165e-06	7.926543000000001e-05	109708	8
CD83	6	5.0121e-07	1.803894e-05	108126	1
CDC40	6	1.5872e-06	2.6405390000000002e-05	110821	2
CDC5L	6	3.0174e-06	8.86572e-06	108521	0
CDK19	6	1.4263999999999998e-06	8.81383e-06	106843	0
CDKAL1	6	1.5641e-06	7.05308e-05	110137	7
CDKN1A	6	5.607e-07	4.4383100000000005e-05	112855	5
CDSN	6	4.947899999999999e-07	2.65759e-05	104240	2
CDYL	6	1.0418000000000001e-06	0.0	109912	0
CENPQ	6	7.0711e-07	2.6719079999999998e-05	108903	2
CENPW	6	2.7906e-07	8.82535e-06	111104	0
CEP57L1	6	1.3702e-06	0.00018613278999999997	108876	20
CEP85L	6	2.0981e-06	0.00019027948	108677	20
CFB	6	2.3069e-06	0.00018930488	110559	20
CFB	6	4.0735e-06	0.00018930488	110559	20
CGA	6	1.8653e-07	9.386669999999999e-06	103193	0
CITED2	6	2.1274e-07	0.0	107101	0
CLDN20	6	1.0699000000000002e-07	0.0009414021000000001	112651	106
CLIC1	6	4.3645e-07	3.984305e-05	107924	4
CLIC5	6	6.4782e-07	7.008071e-05	98314	6
CLPS	6	1.5323e-07	7.05422e-05	113158	7
CLPSL1	6	1.742e-07	4.415867e-05	104438	4
CLPSL2	6	1.0854e-07	3.55669e-05	103726	3
CLVS2	6	6.0209e-07	2.7641479999999998e-05	109633	3
CMTR1	6	2.8732e-06	3.519317e-05	111402	3
CNKSR3	6	1.8696e-06	5.2867430000000004e-05	109015	5
CNPY3	6	7.4116e-07	8.79446e-06	97779	0
CNR1	6	5.324e-07	3.51593e-05	112610	3
COL10A1	6	1.0313e-06	0.00024727716	111591	27
COL11A2	6	7.2753e-06	0.00020340988000000002	106827	21
COL12A1	6	8.579099999999999e-06	0.00013393077	109829	14
COL19A1	6	4.1701e-06	0.0008860084300000001	110128	97
COL21A1	6	2.9749e-06	0.0008277019199999999	100804	83
COL9A1	6	3.4021e-06	0.00046185869000000006	110954	51
COQ3	6	6.479300000000001e-07	0.00011531761999999998	109822	12
COX6A1P2	6	5.5029e-08	0.0	112139	0
COX7A2	6	2.4313000000000003e-07	0.00013275344	109626	14
CPNE5	6	2.184e-06	3.528288e-05	107977	3
CRIP3	6	6.3801e-07	8.965163e-05	107144	9
CRISP1	6	5.2313e-07	0.0006868627999999999	110892	76
CRISP2	6	7.3235e-07	0.00011486444	109567	12
CRISP3	6	8.5376e-07	0.00039821044	110840	44
CSNK2B	6	5.8326e-07	8.80654e-06	106228	0
CSNK2B-LY6G5B-1181	6	7.4718e-07	4.522459e-05	106441	4
CTAGE9	6	0.0	0.0	104050	0
CTGF	6	7.202600000000001e-07	1.7837179999999998e-05	110206	1
CUL7	6	4.5979000000000005e-06	0.00016746157	111304	18
CUL9	6	6.7888e-06	0.00013237989	111521	14
CUTA	6	4.3263999999999994e-07	9.685608e-05	110595	10
CYB5R4	6	1.269e-06	7.966099000000001e-05	106514	8
CYP21A2	6	8.4398e-07	3.7218140000000005e-05	100502	3
CYP39A1	6	1.1201e-06	0.00010933367	109094	11
DAAM2	6	2.4078e-06	8.902819999999999e-06	103710	0
DACT2	6	3.1015999999999997e-07	0.0	60343	0
DAXX	6	1.5065e-06	2.6623559999999998e-05	111754	2
DCBLD1	6	1.7944e-06	0.00010898752	110305	12
DCDC2	6	9.8013e-07	0.00011656367000000001	109718	12
DDAH2	6	7.0181e-07	1.810053e-05	107541	1
DDO	6	1.4258000000000002e-06	0.00034427216	112060	38
DDR1	6	2.2531e-06	0.0001357003	108692	14
DDX39B	6	1.2821000000000002e-06	0.000346842	109297	37
DDX43	6	2.1618e-06	0.00027352732999999995	110574	30
DEF6	6	1.8573e-06	1.3016099999999999e-05	107117	1
DEFB110	6	6.1154e-08	8.916950000000001e-06	105837	0
DEFB112	6	6.8834e-08	8.858969999999999e-06	112313	0
DEFB113	6	4.4713000000000005e-08	9.31255e-06	105329	0
DEFB114	6	4.2588e-08	0.0	104750	0
DEFB133	6	8.1969e-10	0.0	59650	0
DEK	6	8.5822e-07	3.692635e-05	105891	3
DHX16	6	4.5588e-06	0.00025855706	107704	27
DLK2	6	5.8738e-07	1.76035e-05	110017	1
DLL1	6	1.5555000000000002e-06	0.0	108853	0
DNAH8	6	1.2019000000000001e-05	0.00324678218	109096	354
DNPH1	6	2.6076999999999997e-07	6.203141999999999e-05	110452	6
DOPEY1	6	6.6026999999999995e-06	0.0001250413	109052	13
DPCR1	6	1.303e-06	0.00010629872	76349	8
DPPA5	6	3.0125e-07	8.797239999999999e-06	112707	0
DSE	6	2.0645e-06	7.051603e-05	110256	7
DSP	6	7.7886e-06	0.00010572469999999999	112121	11
DST	6	1.4641e-05	0.00022380308999999998	108967	24
DTNBP1	6	8.7738e-07	6.174534000000001e-05	109056	6
DUSP22	6	4.7552e-07	0.00014948815	109973	16
DXO	6	9.842299999999998e-07	0.00012633308000000002	110068	13
DYNLT1	6	4.5462e-07	6.214398e-05	107529	6
E2F3	6	9.9566e-07	1.917661e-05	106427	2
ECHDC1	6	5.728100000000001e-07	7.079878000000001e-05	109368	7
ECI2	6	7.0426e-07	0.00011448598999999999	109929	12
ECT2L	6	2.6957e-06	0.0042756077299999995	110320	471
EDN1	6	4.1861999999999997e-07	8.79755e-06	113286	0
EEF1A1	6	7.4502e-07	1.7596e-05	110169	1
EEF1E1	6	3.5510999999999996e-07	2.654538e-05	106262	2
EFHC1	6	1.98e-06	0.00024643013	110029	27
EGFL8	6	8.3792e-07	0.005239992089999999	109309	572
EHMT2	6	3.7295e-06	0.00013791927	107422	14
ELOVL2	6	8.615100000000001e-07	7.974213e-05	110931	8
ELOVL4	6	9.9757e-07	1.760207e-05	111349	1
ELOVL5	6	1.2131999999999999e-06	8.9865e-06	108016	0
ENPP1	6	2.7066e-06	0.00021157353999999999	112115	23
ENPP3	6	2.6023e-06	0.0025167838	109090	274
ENPP4	6	6.4656e-07	1.9599620000000003e-05	109274	2
ENPP5	6	7.323899999999999e-07	0.00023970142000000004	110723	26
EPB41L2	6	2.4198e-06	4.486478e-05	111267	4
EPHA7	6	2.4881e-06	0.0	110217	0
EPM2A	6	5.887e-07	0.00018743353	109232	20
ERMARD	6	1.9925999999999998e-06	0.00028288151000000004	109246	30
ERVFRD-1	6	3.0759e-07	1.7677020000000002e-05	108689	1
ESR1	6	1.4119e-06	8.796469999999999e-06	107727	0
ETV7	6	1.2167e-06	0.00015530121	108750	16
EXOC2	6	3.0596e-06	0.00025209729	110027	27
EYA4	6	1.7326e-06	3.532762e-05	113127	3
EYS	6	5.6857000000000005e-06	0.00126392228	85608	108
EZR	6	1.5719e-06	6.222844e-05	111680	6
F13A1	6	1.8950999999999999e-06	0.00022069322999999997	111866	24
FABP7	6	2.5601e-07	1.760719e-05	107400	1
FAM120B	6	2.7145e-06	0.0005012738500000001	109810	55
FAM135A	6	3.523e-06	0.00010110931999999999	106831	10
FAM162B	6	4.8424e-07	9.084325e-05	110471	10
FAM184A	6	3.3373000000000002e-06	0.00060027513	107584	64
FAM217A	6	1.2203e-06	0.00036208894	112513	40
FAM229B	6	1.0839e-07	0.0	100852	0
FAM26D	6	3.4802e-07	5.2754030000000006e-05	95223	5
FAM26E	6	5.1228e-07	9.722139000000001e-05	111640	10
FAM26F	6	1.5666999999999999e-07	9.13025e-06	110463	1
FAM46A	6	6.369e-07	0.0	107635	0
FAM50B	6	5.2545e-07	1.877944e-05	111176	2
FAM65B	6	2.4203999999999997e-06	4.5342e-05	92476	4
FAM83B	6	2.7099e-06	0.00015044981000000003	111738	16
FAM8A1	6	1.0525e-06	0.00011907303999999998	103009	12
FANCE	6	1.2946e-06	0.00023892732000000005	111683	26
FARS2	6	1.0265e-06	7.058304e-05	109457	7
FAXC	6	7.385800000000001e-07	8.86226e-06	109258	0
FBXL4	6	1.5917e-06	0.0002217748	110394	24
FBXO30	6	1.6568000000000002e-06	2.663761e-05	112712	3
FBXO5	6	1.2603e-06	2.755985e-05	109612	3
FBXO9	6	1.3365e-06	6.305392e-05	103338	6
FGD2	6	1.6525e-06	0.00011609995000000001	107939	12
FGFR1OP	6	1.0613e-06	5.370383000000001e-05	108229	5
FHL5	6	6.5057e-07	9.794768e-05	110988	10
FIG4	6	2.8235e-06	0.00050269266	111523	56
FILIP1	6	3.2427e-06	0.00033899870000000004	110401	37
FKBP1C	6	2.1041000000000002e-07	4.403729999999999e-05	108112	4
FKBP5	6	9.1417e-07	1.776935e-05	111817	1
FKBPL	6	1.1169e-06	0.00011437882	111725	12
FLOT1	6	1.5608000000000002e-06	0.00013536627	109396	14
FNDC1	6	3.9924e-06	0.00022060386000000002	106540	23
FOXC1	6	4.1578000000000003e-07	0.0	107197	0
FOXF2	6	4.5166000000000006e-07	2.63704e-05	106075	2
FOXO3	6	8.2913e-07	8.81756e-06	105525	0
FOXP4	6	1.4736000000000002e-06	4.1899229999999996e-05	105221	4
FOXQ1	6	1.2925e-07	0.0	98596	0
FRK	6	1.7825999999999999e-06	0.00011438083	110216	12
FRMD1	6	1.2017e-06	0.00056807496	102578	58
FRS3	6	1.2501000000000001e-06	2.6950820000000004e-05	104549	2
FUCA2	6	1.201e-06	0.00012488446000000002	108175	13
FUT9	6	7.178100000000001e-07	4.1569040000000004e-05	107518	4
FYN	6	1.9486000000000003e-06	8.81446e-06	111590	0
GABBR1	6	2.7944e-06	2.720116e-05	107400	2
GABRR1	6	1.3601e-06	0.00016780668000000002	112605	18
GABRR2	6	9.4649e-07	5.450187e-05	111103	6
GCLC	6	2.0709e-06	4.402593e-05	111423	4
GCM1	6	1.0422e-06	0.0	112559	0
GCM2	6	1.0267e-06	3.525694000000001e-05	113234	3
GCNT2	6	6.5338e-07	7.044594e-05	112447	7
GFOD1	6	5.850199999999999e-07	3.523594e-05	109698	3
GFRAL	6	8.1081e-07	0.00015867514	109247	17
GGNBP1	6	1.6227999999999997e-07	0.0	103509	0
GINM1	6	8.35e-07	0.00011278636	108006	12
GJA1	6	1.1726e-06	1.7594489999999998e-05	113423	1
GJA10	6	9.1742e-07	0.0002286305	112082	25
GJB7	6	2.5182e-07	2.6407059999999997e-05	112559	2
GLO1	6	7.472399999999999e-07	0.00016751756999999997	108579	18
GLP1R	6	1.543e-06	6.165766e-05	109500	6
GLTSCR1L	6	2.1477e-06	0.0	111633	0
GLYATL3	6	9.145399999999999e-07	0.00017864849999999998	61075	10
GMDS	6	1.3062999999999999e-06	0.0	109935	0
GMNN	6	3.9407e-07	5.2814899999999995e-05	106861	5
GMPR	6	7.5483e-07	8.795119000000001e-05	110245	9
GNL1	6	1.8452000000000001e-06	1.8073060000000002e-05	107049	1
GNMT	6	5.3838e-07	2.8484499999999998e-05	110003	3
GOPC	6	1.2254000000000002e-06	8.201358e-05	107307	8
GPANK1	6	8.2745e-07	0.00017935977	106890	19
GPLD1	6	2.6963999999999997e-06	0.00032066814	110866	35
GPR110	6	1.754e-06	0.00047731143	111431	53
GPR111	6	1.1358e-06	0.00047858952000000006	111658	53
GPR115	6	1.3503e-06	0.00030892361	110981	34
GPR116	6	2.5651e-06	8.825965e-05	110940	9
GPR126	6	2.9987e-06	0.00015401597	105565	16
GPR31	6	7.1092e-08	0.0	111052	0
GPR6	6	3.4482e-07	0.0	108460	0
GPR63	6	7.378799999999999e-07	5.283505e-05	112875	5
GPRC6A	6	1.2665999999999999e-06	0.06546594328	111416	7294
GPSM3	6	4.1659e-07	1.09206e-05	104844	1
GPX5	6	3.6974000000000003e-07	8.8269e-06	108305	0
GPX6	6	4.1825000000000003e-07	8.825451e-05	112590	9
GRIK2	6	2.4516999999999998e-06	5.3416590000000006e-05	110254	5
GRM1	6	2.3164e-06	5.3107080000000004e-05	111788	5
GRM4	6	1.9394e-06	3.63633e-05	109829	3
GSTA1	6	3.9162e-07	3.528447e-05	112570	3
GSTA2	6	4.1108000000000005e-07	0.00012655965	112847	14
GSTA3	6	5.107999999999999e-07	2.6456440000000002e-05	112654	2
GSTA4	6	5.7954e-07	0.0	111523	0
GSTA5	6	4.0835000000000003e-07	0.00147001896	112782	165
GTF2H4	6	1.5253999999999998e-06	7.255696999999999e-05	108735	7
GTF2H5	6	2.146e-07	7.035861e-05	109123	7
GTF3C6	6	5.3371e-07	4.412975e-05	110440	4
GTPBP2	6	1.9977e-06	4.3951239999999996e-05	109263	4
GUCA1A	6	3.6503e-07	4.4009529999999995e-05	110792	4
GUCA1B	6	6.358100000000001e-07	0.00039742649	107285	42
HACE1	6	2.6795999999999997e-06	7.048545e-05	111469	7
HBS1L	6	2.2169e-06	0.00013348471000000002	97883	13
HCG27	6	7.8925e-08	0.0	97128	0
HCRTR2	6	1.2551e-06	6.183135e-05	110953	6
HDAC2	6	1.5193e-06	0.0	105032	0
HDDC2	6	8.2821e-07	9.736617e-05	111901	10
HDGFL1	6	4.0423e-07	0.0	96575	0
HEBP2	6	3.5888000000000005e-07	2.66274e-05	101314	2
HECA	6	6.8062e-07	2.650448e-05	111427	2
HEY2	6	6.6441e-07	8.79678e-06	107578	0
HFE	6	9.009299999999999e-07	7.077983e-05	112457	7
HINT3	6	3.1151999999999997e-07	5.288039000000001e-05	107272	5
HIST1H1A	6	1.2369000000000002e-07	5.2837040000000005e-05	111484	5
HIST1H1B	6	1.092e-07	0.0	109628	0
HIST1H1C	6	9.2728e-08	9.07771e-06	109950	0
HIST1H1D	6	8.772999999999999e-08	1.7611500000000002e-05	111172	1
HIST1H1E	6	9.9407e-08	8.832360000000001e-06	108421	0
HIST1H1T	6	0.0	0.0	111478	0
HIST1H2AA	6	3.3815e-08	1.779914e-05	108644	1
HIST1H2AB	6	1.1077999999999999e-07	3.516837e-05	111422	3
HIST1H2AC	6	1.237e-07	0.0	111172	0
HIST1H2AD	6	1.5656e-07	0.00027380832000000003	112198	30
HIST1H2AE	6	1.1151e-07	2.6370429999999996e-05	111599	2
HIST1H2AG	6	1.1059000000000001e-07	3.52577e-05	111595	3
HIST1H2AH	6	1.0277999999999998e-07	0.00055383713	110887	61
HIST1H2AI	6	1.0033e-07	0.0	110110	0
HIST1H2AJ	6	7.9544e-08	1.97789e-05	108735	2
HIST1H2AK	6	1.4624000000000002e-07	1.927576e-05	110590	2
HIST1H2AL	6	1.3651e-07	1.7609e-05	109363	1
HIST1H2AM	6	1.1645e-07	9.219819999999999e-06	109970	1
HIST1H2BA	6	4.9351e-08	2.63852e-05	108644	2
HIST1H2BB	6	9.0404e-08	8.790130000000001e-06	107551	0
HIST1H2BC	6	9.313800000000001e-08	8.78982e-06	111172	0
HIST1H2BD	6	9.0808e-08	8.78997e-06	108421	0
HIST1H2BE	6	9.2573e-08	6.153024e-05	111010	6
HIST1H2BF	6	8.755000000000001e-08	4.394945e-05	111526	4
HIST1H2BG	6	9.9522e-08	6.163946999999999e-05	111599	6
HIST1H2BH	6	8.8703e-08	4.394941e-05	112724	4
HIST1H2BI	6	9.6632e-08	1.757994e-05	112455	1
HIST1H2BJ	6	1.0199999999999999e-07	0.0	112198	0
HIST1H2BK	6	9.337300000000001e-08	2.637022e-05	110817	2
HIST1H2BL	6	9.582200000000001e-08	5.273876e-05	110110	5
HIST1H2BM	6	9.662800000000001e-08	3.5358779999999996e-05	108729	3
HIST1H2BN	6	1.0179e-07	8.8008e-06	110590	0
HIST1H2BO	6	9.379300000000001e-08	4.404808e-05	109970	4
HIST1H3A	6	1.1380999999999998e-07	4.396453e-05	111484	4
HIST1H3B	6	1.5266e-07	3.529304e-05	111425	3
HIST1H3C	6	1.9329e-07	0.0	107551	0
HIST1H3D	6	1.5164000000000003e-07	3.5166399999999996e-05	112198	3
HIST1H3E	6	1.9805e-07	7.163965e-05	107627	7
HIST1H3F	6	1.296e-07	8.79322e-06	112562	0
HIST1H3G	6	1.4212e-07	3.552639e-05	112455	3
HIST1H3H	6	1.2e-07	2.639435e-05	108802	2
HIST1H3I	6	1.5654999999999998e-07	1.8081529999999998e-05	109705	1
HIST1H3J	6	1.2315e-07	0.0	109970	0
HIST1H4A	6	5.0084999999999995e-08	0.00017689669999999998	111344	19
HIST1H4B	6	7.8309e-08	0.00014943871	110751	16
HIST1H4C	6	8.533799999999999e-08	4.398202e-05	111478	4
HIST1H4D	6	5.1555e-08	3.520033e-05	111010	3
HIST1H4E	6	4.0772e-08	0.000114282	111111	12
HIST1H4F	6	7.5906e-08	0.0	103851	0
HIST1H4G	6	3.9062e-08	8.81026e-06	112535	0
HIST1H4H	6	1.1436e-07	6.200778e-05	108426	6
HIST1H4I	6	4.9618e-08	8.79353e-06	109666	0
HIST1H4J	6	3.8612e-08	0.0	94743	0
HIST1H4K	6	3.9573e-08	1.2158599999999999e-05	99084	1
HIST1H4L	6	8.3003e-08	0.0	110798	0
HIVEP1	6	4.6288e-06	5.309800999999999e-05	111759	5
HIVEP2	6	4.3235e-06	8.82675e-06	112499	0
HLA-A	6	8.267000000000001e-07	0.180167871	104678	18859
HLA-B	6	8.0426e-07	0.04380104449	98413	4310
HLA-C	6	8.289499999999999e-07	4.659233e-05	105187	4
HLA-DMA	6	5.1863e-07	9.0212e-06	110286	0
HLA-DMB	6	5.953499999999999e-07	7.349882e-05	103664	7
HLA-DOA	6	4.3645e-07	5.4339130000000005e-05	108197	5
HLA-DOB	6	6.223e-07	1.76493e-05	107277	1
HLA-DPA1	6	5.068899999999999e-07	0.00010861593999999999	107233	11
HLA-DPB1	6	7.6678e-07	0.20522623508	106336	21823
HLA-DQA1	6	3.996e-07	4.561060000000001e-05	93362	4
HLA-DQA2	6	3.8265e-07	0.00011736316999999999	110386	12
HLA-DQB1	6	5.640999999999999e-07	0.07461405759999999	87489	6527
HLA-DQB2	6	5.6617e-07	8.164800999999999e-05	98735	8
HLA-DRA	6	6.176e-07	2.709864e-05	109484	2
HLA-DRB1	6	4.6336000000000004e-07	0.0611533527	90097	5509
HLA-DRB5	6	3.7887e-07	2.17753e-05	90044	1
HLA-E	6	8.3413e-07	5.56354e-05	108535	6
HLA-F	6	7.9134e-07	4.474236e-05	107355	4
HLA-G	6	7.594e-07	0.0012938030699999998	109669	141
HMGA1	6	3.375e-07	0.0	100429	0
HMGCLL1	6	9.8259e-07	0.00017048486	107701	18
HMGN3	6	3.1361999999999997e-07	3.528562e-05	109234	3
HMGN4	6	1.3482000000000001e-08	0.0	107968	0
HS3ST5	6	5.165500000000001e-07	1.7600979999999998e-05	112114	1
HSD17B8	6	7.228399999999999e-07	2.88104e-05	105929	3
HSF2	6	1.494e-06	3.541242e-05	109513	3
HSP90AB1	6	1.5154e-06	1.774462e-05	112060	1
HSPA1A	6	2.5244e-07	1.13618e-05	111421	1
HSPA1B	6	2.5690000000000003e-07	9.057639999999999e-06	104240	0
HSPA1L	6	8.8044e-07	9.708597e-05	108924	10
HTR1B	6	4.810499999999999e-07	1.7590620000000002e-05	112757	1
HTR1E	6	3.4330999999999997e-07	1.758211e-05	110812	1
HUS1B	6	0.0	0.0	106053	0
IBTK	6	3.2526e-06	7.161241e-05	106855	7
ICK	6	2.48e-06	4.404607e-05	112940	4
ID4	6	1.0097000000000001e-07	2.649553e-05	103726	2
IER3	6	1.4296e-07	0.0	108398	0
IFNGR1	6	8.0012e-07	2.6396209999999997e-05	109140	2
IGF2R	6	5.916599999999999e-06	0.00010582358	111243	11
IL17A	6	4.7173e-07	6.183270000000001e-05	112727	6
IL17F	6	3.7793e-07	0.00023772667999999997	113179	26
IL20RA	6	8.6677e-07	0.0001410545	110294	15
IL22RA2	6	8.195e-07	0.0005506697099999999	110943	61
IMPG1	6	2.2527e-06	0.00043359769999999994	109946	47
IP6K3	6	6.7878e-07	0.00037613623999999997	110400	41
IPCEF1	6	1.2825e-06	7.959328e-05	110031	8
IRAK1BP1	6	5.8443e-07	0.00013265006	109828	14
IRF4	6	1.2968e-06	0.0	107881	0
ITPR3	6	6.1791e-06	0.00047920545999999997	110038	52
IYD	6	6.386100000000001e-07	4.425073e-05	113257	5
JARID2	6	2.9052999999999995e-06	3.525782e-05	109312	3
KAAG1	6	2.6557e-09	0.0	105141	0
KATNA1	6	1.9401e-06	0.00039674328000000004	110408	43
KCNK16	6	3.9378e-07	8.92698e-06	105686	0
KCNK17	6	5.4058e-07	0.00011384438	107918	12
KCNK5	6	8.299500000000001e-07	2.660264e-05	111850	2
KCNQ5	6	2.9364999999999998e-06	4.440425e-05	110531	4
KCTD20	6	1.0191e-06	3.6423850000000005e-05	111811	4
KDM1B	6	1.953e-06	6.183269000000001e-05	111454	6
KHDC1	6	5.6264e-07	8.893315000000001e-05	112472	10
KHDC1L	6	1.9338e-07	0.0	99269	0
KHDC3L	6	3.0175999999999997e-07	1.761714e-05	112599	1
KHDRBS2	6	9.7603e-07	5.3194740000000004e-05	109675	5
KIAA0319	6	2.4111e-06	0.00035379803	111348	39
KIAA0408	6	1.5686000000000001e-06	9.031752e-05	109089	9
KIAA1009	6	2.8385000000000004e-06	0.0004809817400000001	102713	49
KIAA1244	6	5.0238999999999995e-06	2.6796090000000005e-05	107120	2
KIAA1586	6	1.2562000000000001e-06	0.00027709464	107095	29
KIAA1919	6	8.720299999999998e-07	0.02672566183	111396	2977
KIF13A	6	5.9159e-06	0.00016151321	106232	17
KIF25	6	6.8744e-07	0.00013859085	108314	15
KIF6	6	2.9642000000000004e-06	0.0006833127000000001	111066	75
KIFC1	6	1.6108e-06	0.0001056893	111471	11
KLC4	6	1.7909e-06	0.00015870937	109145	17
KLHDC3	6	1.0176e-06	0.0	112379	0
KLHL31	6	1.1748e-06	7.944676e-05	109088	8
KLHL32	6	1.4151e-06	6.165913000000001e-05	111623	6
KPNA5	6	1.5652e-06	0.00016604915	106837	17
L3MBTL3	6	2.0274000000000003e-06	0.00113691811	109190	124
LACE1	6	1.3631e-06	0.00016764183999999998	110084	18
LAMA2	6	9.4788e-06	0.00092106713	112302	103
LAMA4	6	4.9887e-06	0.00036261866	111867	40
LATS1	6	3.3549000000000003e-06	2.642631e-05	109926	2
LCA5	6	1.9842e-06	0.0001322784	110479	14
LEMD2	6	1.2123e-06	6.23464e-05	101090	6
LGSN	6	1.0786e-06	0.00019406397000000002	112239	21
LHFPL5	6	4.4311000000000005e-07	5.293474e-05	112815	5
LIN28B	6	5.3098e-07	8.804989999999999e-06	110072	0
LMBRD1	6	1.64e-06	0.00013270458	109860	14
LPA	6	5.6164e-06	0.03867131513	111636	4317
LRFN2	6	8.607799999999999e-07	2.6682620000000002e-05	103635	2
LRP11	6	1.0353e-06	3.525923e-05	111724	3
LRRC1	6	1.7113999999999998e-06	2.674386e-05	109713	2
LRRC16A	6	4.1088e-06	0.00012494554	103034	12
LRRC73	6	4.8126e-07	3.5373140000000005e-05	107665	3
LSM2	6	3.8413000000000004e-07	6.529741e-05	107545	7
LST1	6	1.4755999999999998e-07	2.88856e-05	104383	3
LTA	6	2.8866999999999995e-07	0.0	106552	0
LTB	6	3.8231000000000004e-07	8.343817e-05	104652	8
LTV1	6	1.5912000000000001e-06	0.00111028458	112270	124
LY6G5B	6	4.3111000000000005e-07	6.38097e-05	105651	6
LY6G5C	6	3.0307e-07	0.0	109110	0
LY6G6C	6	2.2594000000000002e-07	0.00018976194	108828	20
LY6G6D	6	4.4523e-07	5.425248000000001e-05	111073	6
LY6G6E	6	1.0166e-07	0.0	109971	0
LY6G6F	6	7.103199999999999e-07	0.00032589661	107670	35
LY86	6	2.9305e-07	4.482388e-05	109489	4
LYRM2	6	1.8555999999999998e-07	2.641483e-05	109263	2
LYRM4	6	1.1567e-07	1.76227e-05	97541	1
MAD2L1BP	6	1.0972e-06	0.00010851711000000001	109244	11
MAK	6	1.6325e-06	0.00021263853	111973	23
MAN1A1	6	1.6149e-06	3.9554140000000004e-05	107414	4
MANEA	6	8.8625e-07	7.082350999999999e-05	109874	7
MAP3K4	6	4.7882999999999995e-06	7.08821e-05	110235	7
MAP3K5	6	3.2792000000000003e-06	7.649624e-05	108869	8
MAP3K7	6	1.7662000000000001e-06	2.81579e-05	109243	3
MAP7	6	2.6414e-06	5.2912030000000006e-05	108123	5
MAPK13	6	1.4598e-06	0.00124712146	110099	137
MAPK14	6	1.1265000000000001e-06	3.5321790000000004e-05	110295	3
MARCKS	6	1.8116e-07	0.0	85282	0
MAS1	6	5.6636e-07	0.00015875218	112280	17
MAS1L	6	0.0	0.0	112035	0
MB21D1	6	8.113299999999999e-07	0.00019471638999999998	104945	20
MBOAT1	6	1.5978e-06	0.00017739849	111074	19
MCCD1	6	2.5252e-07	4.059833e-05	107220	4
MCHR2	6	7.5214e-07	0.00011953113000000001	109441	13
MCM3	6	2.7585000000000004e-06	0.00024033871	110598	26
MCM9	6	2.3562999999999998e-06	7.961484e-05	111222	8
MCUR1	6	7.067799999999999e-07	7.053326999999999e-05	109786	7
MDC1	6	3.4175e-06	0.00015351268	109986	16
MDFI	6	3.7041e-07	4.23662e-05	102881	4
MDGA1	6	2.2699e-06	5.555596e-05	104339	5
MDN1	6	1.5982e-05	0.00046163477999999997	111414	51
ME1	6	1.3685e-06	0.00860113405	106094	912
MEA1	6	4.2895000000000004e-07	4.400751e-05	112339	4
MED20	6	3.4652999999999997e-07	8.794919999999999e-06	108090	0
MED23	6	4.0384e-06	0.00016747846999999998	111665	18
MEGT1	6	1.0298e-06	0.00038014909	109244	41
MEP1A	6	1.8519e-06	0.00016644371	109945	18
METTL24	6	5.132699999999999e-07	0.00104498637	111166	116
MICA	6	6.421500000000001e-07	0.00326787544	104328	340
MICAL1	6	3.4078e-06	0.00122445031	110882	135
MICB	6	6.2511e-07	0.0007081409900000001	107493	76
MLIP	6	1.0844e-06	0.00019671398	110400	21
MLLT4	6	4.9021e-06	8.580112e-05	110071	9
MLN	6	2.3618000000000001e-07	0.0	101797	0
MMS22L	6	3.425e-06	0.00011344671999999998	108980	12
MOCS1	6	1.0589e-06	0.00017806305	110136	19
MOG	6	7.6279e-07	0.0	109649	0
MOXD1	6	1.59e-06	0.00037211301	109036	40
MPC1	6	2.7994e-07	1.7592309999999998e-05	101434	1
MRAP2	6	2.9549e-07	5.4334e-05	111583	6
MRPL14	6	5.3626e-07	5.289756e-05	110689	5
MRPL18	6	6.122200000000001e-07	0.00010610919	112075	11
MRPL2	6	1.3490000000000001e-06	5.28012e-05	110437	5
MRPS10	6	6.3636e-07	9.957598e-05	108902	10
MRPS18A	6	7.6721e-07	0.00011683552	105774	12
MRPS18B	6	8.0729e-07	3.58803e-05	109466	3
MRS2	6	1.3361000000000002e-06	0.00010668764	108602	11
MSH5	6	3.123e-06	0.0008856904	109294	96
MTCH1	6	1.1531e-06	2.493565e-05	107742	2
MTFR2	6	9.095499999999999e-07	0.0002713801	107607	29
MTHFD1L	6	2.8531e-06	0.00020413156000000004	110396	22
MTO1	6	2.2194e-06	7.934015e-05	111704	8
MTRF1L	6	7.4045e-07	0.00015554147	106827	16
MUC21	6	1.8665e-07	1.784819e-05	109502	1
MUT	6	2.2769e-06	0.00027303723999999997	112448	30
MYB	6	2.1427000000000003e-06	6.218429e-05	109119	6
MYCT1	6	5.6174e-07	0.00049302241	109536	54
MYLIP	6	9.170299999999998e-07	3.517177e-05	108817	3
MYLK4	6	9.8099e-07	0.00021155775	112868	23
MYO6	6	4.7951e-06	0.00022078372000000003	112018	24
NCOA7	6	2.9587e-06	0.00018691689	110180	20
NCR2	6	6.919e-07	9.679105999999999e-05	107715	10
NCR3	6	5.1517e-07	9.080543e-05	103684	9
NDUFAF4	6	2.9103000000000003e-07	8.79987e-06	112958	0
NEDD9	6	2.0638e-06	4.739447e-05	110694	5
NELFE	6	2.1788e-06	4.634031e-05	109960	5
NEU1	6	1.3493000000000002e-06	9.06629e-05	111291	10
NFKBIE	6	7.8956e-07	2.8416399999999998e-05	106128	3
NFKBIL1	6	1.759e-06	5.5598690000000006e-05	104483	5
NFYA	6	1.1857e-06	2.638336e-05	111783	2
NHLRC1	6	5.0924e-07	0.0	106012	0
NHSL1	6	2.6026999999999997e-06	0.000868253	60611	52
NKAIN2	6	6.6589e-07	2.6489159999999998e-05	111102	2
NKAPL	6	1.1605e-06	0.00015834819	110219	17
NMBR	6	4.007e-07	0.00055130795	109997	60
NOL7	6	6.7283e-07	0.00011492424999999999	108638	12
NOTCH4	6	4.318e-06	0.0008232692299999999	104689	86
NOX3	6	1.7805000000000001e-06	0.00042189273	110636	46
NQO2	6	5.492e-07	0.00014087454	110033	15
NR2E1	6	9.540799999999998e-07	0.0	108211	0
NRM	6	3.9265999999999997e-07	7.59109e-05	103893	7
NRN1	6	3.451300000000001e-07	0.0	111271	0
NRSN1	6	4.2964e-07	0.00036088788	111469	40
NT5DC1	6	1.1073e-06	0.0001167249	107277	12
NT5E	6	1.1674e-06	0.00022402465	108735	24
NUDT3	6	4.0383000000000004e-07	0.0	105889	0
NUP153	6	3.1071e-06	8.8717e-06	110364	0
NUP43	6	1.2259e-06	0.00015009156	107307	16
NUS1	6	5.132100000000001e-07	0.0	103287	0
OARD1	6	5.1317e-07	0.00287270624	110670	317
OFCC1	6	6.668699999999999e-07	5.431088000000001e-05	108506	5
OGFRL1	6	9.7227e-07	5.29371e-05	109528	5
OLIG3	6	2.5617e-07	0.0	103727	0
OOEP	6	3.613800000000001e-07	3.5447820000000004e-05	111489	3
OPN5	6	1.0676e-06	2.7969609999999998e-05	108456	3
OPRM1	6	1.2214e-06	0.00057239706	107644	61
OR10C1	6	1.9157e-07	0.00590767	110442	652
OR11A1	6	1.9665e-07	0.0	110011	0
OR12D2	6	1.5507e-07	0.0	109590	0
OR12D3	6	1.3877000000000002e-07	1.808618e-05	107963	1
OR14J1	6	4.2766e-08	7.20929e-05	109423	7
OR2A4	6	6.4351e-08	0.0	103688	0
OR2B2	6	4.1004e-07	0.00015826690000000001	111343	17
OR2B3	6	2.7295e-07	4.483804e-05	111231	4
OR2B6	6	5.753e-07	5.28541e-05	112625	5
OR2H1	6	4.3045e-07	0.0	109820	0
OR2H2	6	3.5838e-07	9.924599e-05	109402	10
OR2J1	6	3.1430999999999996e-07	0.6003428370399999	111339	66841
OR2J2	6	2.1122e-07	0.00015104299999999998	111581	16
OR2J3	6	4.8589e-07	5.3429309999999994e-05	111509	5
OR2W1	6	3.6811e-07	5.424312e-05	107623	5
OR5V1	6	1.734e-07	0.0	107332	0
ORC3	6	2.3349000000000003e-06	0.00066807174	110559	73
OSTM1	6	9.1215e-07	2.4095419999999998e-05	103733	2
PACRG	6	1.0558e-06	7.047147e-05	107885	7
PACSIN1	6	1.0331000000000001e-06	0.0	106580	0
PAK1IP1	6	7.462899999999999e-07	8.796e-06	110995	0
PAQR8	6	4.478e-07	8.795969000000001e-05	112027	9
PARK2	6	1.1867e-06	5.279988e-05	110000	5
PBOV1	6	0.0	0.0	105130	0
PBX2	6	1.0670000000000001e-06	0.0	108016	0
PCMT1	6	5.881e-07	1.61975e-05	106159	1
PDCD2	6	5.6018e-07	5.385455e-05	108617	5
PDE10A	6	1.9991e-06	8.798939999999999e-06	110669	0
PDE7B	6	1.6486000000000002e-06	4.4070820000000006e-05	109264	4
PDSS2	6	8.5928e-07	9.756555e-05	111863	10
PERP	6	3.6046999999999994e-07	3.723144e-05	106648	3
PEX3	6	1.5259e-06	7.947386e-05	112035	8
PEX6	6	1.6682e-06	0.00016742518	110099	18
PEX7	6	9.401299999999999e-07	0.00091525894	112838	103
PFDN6	6	4.5777e-07	0.0	110052	0
PGBD1	6	1.716e-06	0.00077506427	111653	86
PGC	6	8.233400000000001e-07	0.00115616095	111209	128
PGK2	6	5.500999999999999e-07	0.00022903999	113131	25
PGM3	6	1.7874e-06	9.69927e-05	110360	10
PHACTR1	6	1.3545e-07	0.0	100972	0
PHACTR2	6	2.3437e-06	0.00016028211	109278	17
PHF1	6	1.5808000000000002e-06	0.0	110550	0
PHF10	6	1.5215e-06	7.976687e-05	107009	8
PHF3	6	4.5342000000000006e-06	0.00011653275	110158	12
PHIP	6	6.0767e-06	4.499487e-05	107358	4
PI16	6	8.0956e-07	0.0016412456400000002	108898	178
PIM1	6	7.288800000000001e-07	9.09091e-06	109023	0
PKHD1	6	9.917e-06	0.00092637119	112721	104
PKIB	6	1.3165999999999998e-07	2.82668e-05	107194	3
PLA2G7	6	1.0743e-06	0.0008111825099999999	112696	91
PLAGL1	6	5.2937e-07	0.0	109537	0
PLEKHG1	6	2.902e-06	6.174634e-05	112099	6
PLG	6	2.3822e-06	8.800608e-05	112219	9
PLN	6	6.4708e-08	0.0	112731	0
PM20D2	6	6.6525e-07	1.852787e-05	105171	1
PNISR	6	2.6596e-06	1.76565e-05	109468	1
PNLDC1	6	2.1384e-06	0.00034299782999999993	112667	38
PNPLA1	6	1.3044e-06	0.00013017301000000002	109444	14
PNRC1	6	3.2755000000000004e-07	0.0	107918	0
POLH	6	1.7634000000000001e-06	6.184568000000001e-05	112445	6
POLR1C	6	9.737299999999999e-07	0.00014946553999999998	109702	16
POM121L2	6	1.8056e-08	0.0	60981	0
POPDC3	6	6.427e-07	7.936187e-05	110736	8
POU3F2	6	5.495300000000001e-07	0.0	102163	0
POU5F1	6	1.2312e-06	0.0	101698	0
PPARD	6	6.6751e-07	0.0	109365	0
PPIL1	6	6.2488e-07	5.27779e-05	110186	5
PPIL4	6	1.8627000000000002e-06	0.00017708956000000002	105926	18
PPIL6	6	8.814700000000001e-07	0.00021670973999999999	111202	24
PPP1R10	6	3.6526999999999998e-06	2.125271e-05	108343	2
PPP1R11	6	2.0161e-07	0.0	103050	0
PPP1R14C	6	3.3062e-07	1.848083e-05	105948	1
PPP1R18	6	1.5277e-06	0.00015922463	101286	16
PPP2R5D	6	1.926e-06	1.764057e-05	111500	1
PPT2	6	8.993700000000001e-07	2.663002e-05	107300	2
PRDM1	6	1.3462000000000001e-06	1.774756e-05	110300	1
PRDM13	6	8.554600000000001e-07	1.82928e-05	103790	1
PREP	6	2.0039e-06	0.00011627276000000001	111756	12
PRICKLE4	6	6.232699999999999e-07	1.789939e-05	101758	1
PRIM2	6	1.2015e-06	0.11602366164000001	102144	11851
PRL	6	8.8167e-07	5.335295e-05	111351	5
PRPF4B	6	3.9193e-06	2.9140820000000002e-05	107631	3
PRPH2	6	7.3949e-07	2.6424359999999998e-05	112416	2
PRR18	6	6.7709e-08	0.0	78463	0
PRR3	6	6.861399999999999e-07	3.714014e-05	108491	4
PRRC2A	6	7.9937e-06	8.427886e-05	108023	9
PRRT1	6	3.4678000000000004e-07	0.0	103909	0
PRSS16	6	1.5109e-06	3.567101e-05	107744	3
PRSS35	6	8.056699999999999e-07	0.00016790042000000002	112727	18
PSMB1	6	5.2043e-07	0.0	108189	0
PSMB8	6	6.780500000000001e-07	3.63875e-05	110155	4
PSMB9	6	8.2981e-07	0.00011764228999999999	104361	12
PSMG4	6	1.7789000000000001e-07	5.01159e-05	60547	3
PSORS1C1	6	1.8905000000000002e-07	7.272487e-05	106195	7
PSORS1C2	6	2.7149e-07	2.9802800000000002e-05	107465	3
PTCHD4	6	1.5062999999999999e-06	3.5422209999999995e-05	109885	3
PTCRA	6	2.5174e-07	0.0	95295	0
PTK7	6	2.494e-06	4.421664000000001e-05	109415	4
PTP4A1	6	3.3332e-07	9.06618e-06	108920	0
PTPRK	6	4.7202e-06	0.00010397784	106591	11
PXDC1	6	3.9709e-07	2.6382649999999997e-05	106388	2
PXT1	6	1.7977e-07	9.4304e-06	111116	1
QKI	6	9.901399999999999e-07	0.000892303	107861	96
QRSL1	6	1.4302e-06	9.519558000000001e-05	110090	10
RAB23	6	8.372200000000001e-07	0.0006090585	110627	67
RAB32	6	5.6014e-07	2.660212e-05	108452	2
RAET1E	6	5.0087e-07	0.00029910511	110849	33
RAET1G	6	4.9222e-07	6.16878e-05	111278	6
RAET1L	6	4.717100000000001e-07	0.00023061478	111067	25
RANBP9	6	2.0937e-06	0.0	107681	0
RARS2	6	2.0415e-06	0.000255546	112663	28
RBM24	6	3.6336e-07	1.809831e-05	107544	1
RCAN2	6	5.200899999999999e-07	0.0	109657	0
REPS1	6	2.0867e-06	8.79832e-06	110439	0
REV3L	6	7.6511e-06	5.566007e-05	109931	6
RFPL4B	6	0.0	0.0	112437	0
RFX6	6	2.7923000000000004e-06	0.00014104753999999998	111036	15
RGL2	6	2.5554e-06	4.48745e-05	109674	4
RGS17	6	7.420399999999999e-07	2.6554390000000004e-05	107891	2
RHAG	6	1.2241e-06	9.685315999999999e-05	112816	10
RIMS1	6	6.2023e-06	0.00038631592000000004	102274	39
RING1	6	1.0478e-06	1.8162720000000003e-05	104921	1
RIOK1	6	1.4927000000000001e-06	0.00023836351000000003	107834	25
RIPK1	6	1.2837999999999999e-06	5.295601e-05	109040	5
RIPPLY2	6	3.0498e-07	0.00027303863	106965	29
RMND1	6	1.1463e-06	0.00011493535	110148	12
RNASET2	6	6.408e-07	0.00011455361999999999	107905	12
RNF144B	6	1.162e-06	0.00013209945	109897	14
RNF146	6	9.6149e-07	8.88715e-06	110270	0
RNF182	6	3.1725999999999997e-07	8.80796e-05	112487	9
RNF217	6	9.8568e-07	3.592203e-05	107652	3
RNF39	6	6.609e-07	0.0001042893	100830	10
RNF5	6	5.523300000000001e-07	7.983013000000001e-05	109494	8
RNF8	6	1.266e-06	0.0	108906	0
RNGTT	6	1.9983e-06	2.848098e-05	106907	3
ROS1	6	5.6624e-06	0.00201402501	110597	222
RP11-514O12.4	6	5.5515e-07	0.0001057373	108418	11
RPF2	6	7.177199999999999e-07	6.515404000000001e-05	107881	7
RPL10A	6	5.2029e-07	0.0	108185	0
RPL7L1	6	8.412200000000001e-07	0.00010710766000000001	107900	11
RPP21	6	3.5014000000000004e-07	2.761835e-05	106159	2
RPP40	6	7.9637e-07	0.00010364542999999999	109769	11
RPS10	6	7.3824e-07	0.0	110897	0
RPS10-NUDT3	6	1.0493e-06	0.0	108352	0
RPS12	6	2.954e-07	0.0	111171	0
RPS18	6	7.427e-07	0.0	107664	0
RPS6KA2	6	2.6497000000000002e-06	5.32847e-05	109915	5
RRAGD	6	6.5133e-07	4.162009e-05	106583	4
RREB1	6	2.5078e-06	1.759356e-05	106931	1
RRP36	6	1.0819e-06	0.000211078	112781	23
RSPH3	6	1.489e-06	0.00024798589	109501	27
RSPH4A	6	1.8140000000000001e-06	0.00025671433999999995	111276	28
RSPH9	6	6.2608e-07	3.5304450000000004e-05	109137	3
RSPO3	6	1.1658e-06	6.182024999999999e-05	110696	6
RTN4IP1	6	1.1061e-06	0.00028245736000000003	110538	31
RUNX2	6	1.1906e-06	2.1251410000000002e-05	110184	2
RWDD1	6	5.1075e-07	9.44876e-06	103774	0
RWDD2A	6	5.1662e-07	9.67715e-05	110987	10
RXRB	6	1.1155e-06	1.454e-05	107398	1
SAMD3	6	1.7097e-06	0.0006082753900000001	109292	66
SAMD5	6	1.7509000000000001e-07	2.69799e-05	100221	2
SAPCD1	6	4.8669e-07	0.0016921497199999997	108811	184
SASH1	6	2.8895e-06	4.427451e-05	109767	4
SAYSD1	6	4.3016000000000003e-07	0.00037030071000000004	109121	40
SBP1	6	0.0	0.0	111928	0
SCAF8	6	3.8333e-06	8.917739999999999e-06	108847	0
SCAND3	6	2.4848e-06	0.00017929317	111139	19
SCGN	6	9.5306e-07	7.966104e-05	112004	8
SCML4	6	1.1287e-06	0.00013770035	95357	13
SCUBE3	6	2.8912999999999997e-06	8.80297e-06	112065	0
SEC63	6	2.7817e-06	0.00015281533	110055	16
SENP6	6	3.7008999999999996e-06	9.003629000000001e-05	107681	9
SERAC1	6	2.2476e-06	0.00013221583999999998	110035	14
SERINC1	6	1.1740000000000001e-06	2.649057e-05	107385	2
SERPINB1	6	5.4357e-07	8.890121e-05	110614	9
SERPINB6	6	5.612600000000001e-07	5.2758809999999994e-05	113504	5
SERPINB9	6	5.0488e-07	0.00033039114999999997	112147	37
SESN1	6	1.1973e-06	4.435441e-05	110960	4
SF3B5	6	1.1663e-07	0.0	112970	0
SFT2D1	6	4.708600000000001e-07	0.00011788151000000001	106466	12
SFTA2	6	1.1260999999999999e-07	0.0	107244	0
SGK1	6	1.5293000000000001e-06	0.00011448311000000002	111169	12
SH3BGRL2	6	3.6172e-07	6.010707e-05	103129	6
SHPRH	6	5.586e-06	0.00019716957999999998	109044	21
SIM1	6	1.9182e-06	2.638663e-05	110832	2
SIRT5	6	1.3972e-06	0.00091507788	109975	100
SKIV2L	6	3.6592e-06	0.00051806193	109464	56
SLC16A10	6	9.034399999999999e-07	1.7592939999999998e-05	107792	1
SLC17A1	6	1.2925e-06	0.00036195559	111039	40
SLC17A2	6	1.2588e-06	0.00012315575	111673	13
SLC17A3	6	1.5690000000000001e-06	0.00037067739	112510	41
SLC17A4	6	1.0912e-06	0.01519791493	112254	1706
SLC17A5	6	1.1833e-06	0.00024280093999999998	110443	26
SLC18B1	6	1.0554999999999999e-06	0.00014897458	108790	16
SLC22A1	6	1.1172e-06	0.00072767401	109411	79
SLC22A16	6	1.2016e-06	0.0009158226400000001	111500	102
SLC22A2	6	1.1169e-06	0.00013336597	110676	14
SLC22A23	6	1.7422999999999998e-06	4.8939170000000005e-05	102322	5
SLC22A3	6	1.3033e-06	0.00013025169	107938	14
SLC22A7	6	1.6085e-06	0.00015434117	108015	16
SLC25A27	6	1.4772e-06	7.082873e-05	108008	7
SLC26A8	6	2.1894e-06	0.0009608855499999999	111167	106
SLC29A1	6	8.8338e-07	3.73725e-05	111517	4
SLC2A12	6	1.0104e-06	2.6394529999999998e-05	111452	2
SLC35A1	6	7.0443e-07	8.81741e-06	112356	0
SLC35B2	6	9.153799999999999e-07	2.645765e-05	112281	2
SLC35B3	6	7.309100000000001e-07	0.00014374412	105468	15
SLC35D3	6	5.341899999999999e-07	8.853789999999999e-06	106215	0
SLC35F1	6	1.4227000000000002e-06	8.795689999999999e-06	108275	0
SLC39A7	6	7.9646e-07	0.00010220559999999999	106807	10
SLC44A4	6	2.337e-06	0.00054267348	109876	59
SMAP1	6	1.1488e-06	2.01442e-05	106647	2
SMIM13	6	1.1369999999999999e-07	0.0	108689	0
SMIM8	6	1.1396e-07	6.17765e-05	105776	6
SMOC2	6	1.0684e-06	8.866696e-05	106942	9
SMPD2	6	1.0131e-06	0.00033446413999999996	111579	37
SMPDL3A	6	8.605e-07	0.00021291376	112076	23
SNAP91	6	1.8546e-06	0.0	97136	0
SNRNP48	6	1.2324e-06	0.00010417853999999999	106577	11
SNRPC	6	4.5788e-07	0.0	110487	0
SNX14	6	2.6969e-06	0.00026194604	107342	28
SNX3	6	3.9881999999999997e-07	1.7762639999999998e-05	106456	1
SNX9	6	1.9938999999999997e-06	4.502045999999999e-05	110571	4
SOBP	6	1.3006999999999999e-06	0.0	106411	0
SOD2	6	4.381399999999999e-07	2.646283e-05	108866	2
SOGA3	6	1.2916e-06	2.986698e-05	107091	3
SOX4	6	3.6128e-07	0.0	97338	0
SPACA1	6	5.736199999999999e-07	9.45108e-06	106285	1
SPATS1	6	6.089399999999999e-07	9.679696e-05	111952	10
SPDEF	6	6.6146e-07	8.8505e-06	105722	0
SRF	6	7.6323e-07	0.0	110194	0
SRPK1	6	2.1124e-06	0.00055577085	103989	57
SRSF12	6	9.6254e-07	3.566385e-05	106132	3
SRSF3	6	7.465300000000001e-07	0.0	110633	0
SSR1	6	1.0001e-06	1.784851e-05	105311	1
STK19	6	1.1125e-06	0.00035191872000000005	109746	38
STK38	6	1.3101e-06	0.00011540233	111906	12
STX11	6	4.6366000000000006e-07	1.773118e-05	112086	1
STX7	6	9.070000000000001e-07	6.286925e-05	108873	6
STXBP5	6	3.4752999999999996e-06	1.8519649999999998e-05	108709	2
SUMO4	6	0.0	0.0	112052	0
SUPT3H	6	1.2328e-06	0.0007127964599999999	110181	78
SYCP2L	6	2.6225e-06	0.00020566057	110158	22
SYNCRIP	6	1.5796999999999999e-06	8.79755e-06	108395	0
SYNE1	6	2.6407e-05	0.00111216109	112498	125
SYNGAP1	6	3.4988999999999997e-06	0.0	109551	0
SYNJ2	6	2.9907e-06	0.00063510337	110609	70
SYTL3	6	1.9431e-06	0.00037182203	109851	40
T	6	7.883700000000001e-07	2.6871290000000004e-05	109638	2
TAAR1	6	3.4039e-07	2.649509e-05	111538	2
TAAR2	6	6.441e-07	0.02330264872	111463	2597
TAAR5	6	3.6061e-07	0.00010609079	110992	11
TAAR6	6	4.5996e-07	4.41362e-05	111719	4
TAAR8	6	3.2277e-07	1.76199e-05	112305	1
TAB2	6	2.1607e-06	0.0	112869	0
TAF11	6	3.9357e-07	8.79353e-06	112088	0
TAF8	6	9.006600000000001e-07	0.00011405331	108413	12
TAGAP	6	6.284300000000001e-07	0.0	112347	0
TAP1	6	1.9918e-06	0.0001491526	107164	15
TAP2	6	2.0452e-06	0.00013067894	108812	14
TAP2	6	2.3983e-06	0.00013067894	108812	14
TAPBP	6	1.0454e-06	0.00015228328	109471	16
TBC1D22B	6	1.6562000000000001e-06	4.397473e-05	109475	4
TBC1D32	6	3.5154000000000003e-06	0.0005326506299999999	107570	57
TBC1D7	6	8.171e-07	0.00012410701	108271	13
TBCC	6	4.4558e-07	6.227455e-05	111999	6
TBP	6	1.1076e-06	0.00088453141	108288	95
TBPL1	6	3.8118000000000003e-07	0.0	108491	0
TBX18	6	1.3808000000000002e-06	0.0	104749	0
TCF19	6	6.3359e-07	9.097661e-05	103570	9
TCF21	6	2.4858e-07	0.0	111237	0
TCP1	6	1.2333e-06	3.51698e-05	111217	3
TCP10	6	7.4762e-07	0.010763196289999999	100191	1078
TCP10L2	6	9.140700000000001e-07	0.12050047957	104006	12532
TCP11	6	9.524899999999999e-07	0.00018252677	108884	19
TCTE1	6	9.667399999999998e-07	0.0004062814	112167	45
TCTE3	6	4.1528e-07	7.074384e-05	107670	7
TDP2	6	1.2504000000000001e-06	0.00020515431000000002	109836	22
TDRD6	6	3.3318e-06	0.0013144803099999999	111870	147
TEAD3	6	1.1036e-06	8.90821e-06	106531	0
TFAP2A	6	8.330400000000001e-07	1.79601e-05	108301	1
TFAP2B	6	8.1614e-07	8.78966e-06	110070	0
TFAP2D	6	7.9799e-07	8.797239999999999e-06	110592	0
TFB1M	6	1.0033e-06	0.00046661551	112938	52
TFEB	6	1.1477e-06	2.33091e-05	106403	2
THBS2	6	2.8286000000000003e-06	7.066746e-05	109151	7
THEMIS	6	1.1456e-06	6.410913e-05	109860	7
TIAM2	6	4.1908e-06	0.0056608883799999996	111749	632
TINAG	6	1.9519999999999997e-06	0.00064023968	109689	70
TJAP1	6	1.1587e-06	0.00015871813	107067	16
TMEM14A	6	3.2446999999999994e-07	2.639638e-05	112557	2
TMEM14B	6	2.5706999999999996e-07	8.7974e-06	112128	0
TMEM14C	6	2.693e-07	2.637502e-05	111748	2
TMEM151B	6	6.526999999999999e-07	0.0	100318	0
TMEM170B	6	2.1866999999999999e-07	0.0	112899	0
TMEM181	6	1.5402e-06	3.553004e-05	105829	3
TMEM200A	6	5.1179e-07	8.8422e-06	111733	0
TMEM217	6	4.6659e-07	3.5861440000000005e-05	111538	3
TMEM242	6	4.9183e-07	0.00012400558000000002	111311	13
TMEM244	6	3.1681e-07	0.00014219933	111400	15
TMEM30A	6	1.0317e-06	5.3484580000000005e-05	108430	5
TMEM63B	6	2.3139e-06	3.556063e-05	109423	3
TNF	6	5.6658e-07	0.0	104871	0
TNFAIP3	6	1.7355000000000002e-06	8.8862e-06	111384	0
TNFRSF21	6	9.2742e-07	2.922578e-05	109096	3
TNXB	6	1.0991e-06	1.76159e-05	102303	1
TOMM6	6	1.1502000000000001e-07	0.0	100901	0
TPBG	6	3.3619999999999995e-07	3.617407e-05	104174	3
TPD52L1	6	7.2126e-07	2.6459699999999997e-05	109293	2
TPMT	6	6.244e-07	0.00045772940999999997	111352	50
TRAF3IP2	6	1.6069e-06	0.00010663973999999998	109308	11
TRAM2	6	1.0484e-06	8.796310000000002e-06	109589	0
TRAPPC3L	6	6.156e-07	0.0001332261	99883	13
TRDN	6	2.4208e-06	0.00055307942	98709	54
TREM1	6	6.071500000000001e-07	5.346843000000001e-05	111066	5
TREM2	6	4.4091e-07	8.025464e-05	108537	8
TREML1	6	6.117e-07	0.00021268932	110550	23
TREML2	6	6.6983e-07	0.00017540031000000002	105187	18
TREML4	6	4.801800000000001e-07	0.0002392538	111530	26
TRERF1	6	2.9225999999999998e-06	5.61828e-05	108054	6
TRIM10	6	1.1081e-06	8.094816e-05	109510	8
TRIM15	6	8.660500000000001e-07	0.00033166232000000006	106023	35
TRIM26	6	1.6299e-06	9.375601e-05	107206	10
TRIM27	6	1.1964e-06	9.032610000000001e-06	108037	0
TRIM31	6	7.3842e-07	5.476729999999999e-05	110184	6
TRIM38	6	9.595299999999999e-07	0.00691437551	111043	767
TRIM39	6	1.9718e-06	9.03293e-06	107082	0
TRIM39-RPP21	6	1.6384e-06	1.8540279999999998e-05	107082	1
TRIM40	6	6.117399999999999e-07	0.008283751970000001	108589	899
TRMT11	6	1.3113e-06	0.00012475599	108069	13
TSPO2	6	2.6814e-07	2.668389e-05	109964	2
TSPYL1	6	7.6157e-07	4.4100029999999997e-05	112523	4
TSPYL4	6	7.632500000000001e-07	5.922696e-05	102387	6
TTBK1	6	2.5861e-06	2.044936e-05	102283	2
TTK	6	2.4618e-06	6.599613e-05	106611	7
TTLL2	6	1.2075e-07	9.056040000000001e-05	110536	10
TUBB	6	9.296899999999999e-07	8.80421e-06	110206	0
TUBB2A	6	5.5847e-07	0.0	108820	0
TUBB2B	6	5.776399999999999e-07	0.0	109017	0
TUBE1	6	1.0578e-06	4.325683e-05	105975	4
TULP1	6	1.8032e-06	4.420474e-05	107757	4
TULP4	6	2.912e-06	1.760969e-05	110041	1
TXLNB	6	1.6661000000000002e-06	0.00038889625	110289	42
TXNDC5	6	1.4109000000000001e-06	7.076004e-05	112248	7
UBD	6	1.3075e-07	8.12641e-05	110255	8
UBE2J1	6	1.0339e-06	2.658719e-05	107926	2
UBE3D	6	9.2694e-07	6.191432e-05	108771	6
UBR2	6	5.583400000000001e-06	0.00010752813	109427	11
UFL1	6	2.2698e-06	0.0005280632499999999	106593	56
UHRF1BP1	6	3.6014999999999997e-06	0.00030976895	112103	34
ULBP1	6	4.792399999999999e-07	0.0016952069	111029	188
ULBP2	6	4.1296999999999997e-07	0.00012326909	111198	13
ULBP3	6	4.7046999999999995e-07	0.00542843375	111512	605
UNC5CL	6	1.1384e-06	0.00015979405	109830	17
UNC93A	6	7.5859e-07	0.11073429652000001	112064	12409
UQCC2	6	4.5770000000000003e-07	2.6730059999999997e-05	110963	2
USP45	6	1.958e-06	0.01660867922	108505	1802
USP49	6	1.5669e-06	1.76094e-05	106757	1
UST	6	8.4307e-07	3.091553e-05	108307	3
UTRN	6	1.1324e-05	0.00105732067	110028	116
VARS	6	3.8656e-06	0.00018292718	108555	19
VARS2	6	4.4226e-06	0.00080643587	107239	86
VEGFA	6	1.1931999999999999e-06	0.00024720068	106392	26
VGLL2	6	3.5726e-07	8.845019999999999e-06	105807	0
VIP	6	3.4873e-07	1.76417e-05	108666	1
VNN1	6	7.355199999999999e-07	0.00011562685	109682	12
VNN2	6	9.6425e-07	0.00068080776	110571	75
VNN3	6	3.9586999999999996e-07	1.84914e-05	107735	1
VPS52	6	2.9194e-06	2.6665520000000002e-05	107842	2
VTA1	6	7.6279e-07	0.00010338472	110442	11
VWA7	6	2.1673e-06	0.00029666504	108782	32
WASF1	6	1.2640999999999999e-06	8.88052e-06	105893	0
WDR27	6	2.9312999999999998e-06	0.00823381434	104432	859
WDR46	6	2.2766999999999997e-06	0.00040417181000000006	111013	44
WISP3	6	8.207799999999999e-07	0.00013273389999999999	110163	14
WRNIP1	6	1.3511e-06	8.78997e-06	107312	0
WTAP	6	1.2606e-06	0.0	109656	0
XPO5	6	4.1044e-06	6.26366e-05	108351	6
XXbac-BPG181M17.5	6	4.3249e-07	1.786309e-05	107073	1
XXbac-BPG32J3.20	6	1.2726e-07	0.0	108660	0
YIPF3	6	9.8744e-07	4.399716e-05	110254	4
ZBTB12	6	4.4193000000000004e-07	0.0	105504	0
ZBTB2	6	1.1125e-06	0.0	112662	0
ZBTB22	6	1.124e-06	3.525083e-05	111345	3
ZBTB24	6	1.5847999999999998e-06	5.286496e-05	112556	5
ZBTB9	6	6.958e-07	5.295165e-05	109805	5
ZC2HC1B	6	7.719e-07	8.22805e-05	99845	8
ZC3H12D	6	5.096899999999999e-07	2.6923040000000002e-05	100527	2
ZDHHC14	6	1.2140000000000002e-06	8.79291e-06	107115	0
ZFAND3	6	7.636399999999999e-07	8.793369999999999e-06	108983	0
ZFP57	6	3.7994e-07	2.6480559999999996e-05	110049	2
ZKSCAN3	6	1.3616999999999998e-06	0.00011532729	110706	12
ZKSCAN4	6	1.0371e-06	5.5244589999999995e-05	109362	6
ZKSCAN8	6	1.5668e-06	0.00015027406999999998	111613	16
ZNF165	6	1.0843000000000001e-06	7.049847e-05	111431	7
ZNF184	6	1.5569999999999999e-06	3.528909e-05	112262	3
ZNF292	6	5.1585e-06	3.5813290000000004e-05	107455	3
ZNF311	6	1.7515e-06	0.00015365103999999999	109854	16
ZNF318	6	4.8952999999999995e-06	7.928892e-05	112567	8
ZNF322	6	4.9442e-07	1.824023e-05	107334	1
ZNF391	6	9.9941e-07	0.00030961272999999997	112384	34
ZNF451	6	2.6082999999999997e-06	0.00019571223000000002	109955	21
ZNF76	6	1.5952000000000002e-06	0.00019800303	109119	21
ZNRD1	6	3.5954e-07	9.00511e-06	109759	0
ZSCAN12	6	1.5365e-06	0.00019720156000000002	81323	16
ZSCAN16	6	5.226e-07	0.00013386938	108833	14
ZSCAN23	6	8.200399999999999e-07	0.00021155110000000001	84334	17
ZSCAN31	6	1.3225999999999998e-06	0.00015948193999999998	111684	17
ZSCAN9	6	1.3194999999999998e-06	9.67527e-05	110968	10
ZUFSP	6	1.3172e-06	0.00018646287	109001	20
