SYMBOL	chromosome	mu_lof	AF_nfe	AN_nfe	NFE_k
AASS	7	1.9158e-06	0.0002044282	112367	22
ABCA13	7	9.6869e-06	0.00408566945	106966	437
ABCB1	7	3.6547000000000003e-06	0.00011453332	112571	12
ABCB4	7	3.6960000000000003e-06	0.00010588883	111946	11
ABCB5	7	3.9104e-06	0.007832803040000001	109568	858
ABCB8	7	1.8817e-06	0.00015088674	107790	16
ABCF2	7	2.2513e-06	2.638509e-05	112290	2
ABHD11	7	6.344699999999999e-07	5.52053e-05	107235	5
AC004899.1	7	0.0	0.0	107291	0
AC005082.1	7	5.2558999999999994e-08	0.0	110020	0
AC005481.5	7	5.6173e-08	0.0	111755	0
AC005493.1	7	2.6281e-08	0.0	112648	0
AC015987.2	7	6.031e-08	0.0	110088	0
AC068533.7	7	8.1587e-07	0.00012558937	110187	13
AC073063.1	7	2.7845e-08	0.0	109128	0
AC073342.1	7	0.0	0.0	111562	0
AC073343.1	7	5.4091e-07	0.00033193160000000003	61015	20
AC110781.3	7	5.24e-08	0.0	63826	0
ACHE	7	1.4347e-06	1.13094e-05	107693	1
ACN9	7	2.0599e-07	4.445044e-05	110157	4
ACTB	7	5.728e-07	0.0	110198	0
ACTL6B	7	1.6038999999999998e-06	4.449657e-05	109052	4
ACTR3B	7	1.3296000000000002e-06	0.0	108540	0
ACTR3C	7	5.4728e-07	0.053208189739999995	107131	5700
ADAM22	7	3.1479000000000004e-06	9.780846e-05	109019	10
ADAP1	7	1.4437e-06	4.511376e-05	104920	4
ADCK2	7	1.245e-06	0.00564949229	107872	609
ADCY1	7	2.5939e-06	2.641783e-05	110476	2
ADCYAP1R1	7	1.8593000000000001e-06	0.00011608193000000001	110541	12
AEBP1	7	3.2913e-06	0.00016449878	107698	17
AGAP3	7	2.3216999999999997e-06	2.6719699999999998e-05	107817	2
AGBL3	7	2.1702e-06	0.0003123741	60885	19
AGFG2	7	8.1815e-07	5.317437e-05	111663	5
AGK	7	1.7519e-06	0.00020972165	109203	22
AGMO	7	1.2743e-06	0.00047366334000000003	108429	51
AGR2	7	5.454399999999999e-07	8.830392e-05	109295	9
AGR3	7	4.6631999999999996e-07	0.00246454987	108157	266
AHCYL2	7	1.9602000000000003e-06	3.526317e-05	109402	3
AHR	7	2.3776e-06	0.0	110567	0
AIMP2	7	4.6202e-07	5.326772e-05	109891	5
AKAP9	7	1.1489000000000001e-05	0.0007168866	110531	79
AKR1B1	7	7.544700000000001e-07	7.110671999999999e-05	108994	7
AKR1B10	7	7.056699999999999e-07	0.00037996614	110448	41
AKR1B15	7	7.2813e-07	0.00026468015	111551	29
AKR1D1	7	9.5009e-07	0.00018855432	111964	21
ALKBH4	7	4.133e-07	1.08748e-05	102442	1
AMPH	7	2.0829e-06	6.694216e-05	109987	7
AMZ1	7	8.325200000000001e-07	0.00038571321	102929	39
ANKIB1	7	2.7305e-06	1.779803e-05	103534	1
ANKMY2	7	1.1966e-06	7.104276999999999e-05	108627	7
ANKRD61	7	4.5553999999999996e-07	0.0	111422	0
ANKRD7	7	7.431e-07	8.033866e-05	104825	8
ANLN	7	3.1989e-06	0.00024109704	108824	26
AOAH	7	1.7474e-06	0.00311638988	109973	342
AOC1	7	1.1956999999999998e-06	0.0001596612	110380	17
AP1S1	7	4.42e-07	3.93298e-05	92772	3
AP4M1	7	1.6178e-06	0.00040527589999999995	111993	45
AP5Z1	7	2.1609e-06	0.0006626628	99182	65
AQP1	7	4.806899999999999e-07	8.913391e-05	108759	9
AQP1	7	9.1917e-07	8.913391e-05	108759	9
ARF5	7	3.854e-07	0.0	109402	0
ARHGEF35	7	0.0	0.0	94810	0
ARHGEF5	7	2.1824e-06	0.0004901802	103839	50
ARL4A	7	2.2399e-07	0.0	109305	0
ARMC10	7	6.196500000000001e-07	3.650858e-05	106287	3
ARPC1A	7	1.2963e-06	8.81601e-06	108996	0
ARPC1B	7	1.0708e-06	3.565581e-05	110826	3
ASB10	7	9.145100000000001e-07	0.00015840578999999999	100063	15
ASB15	7	1.4307e-06	0.0007616435899999999	110616	84
ASB4	7	8.9791e-07	0.0001338049	111425	14
ASIC3	7	1.6719999999999998e-06	0.00222705362	109115	243
ASL	7	1.6834e-06	0.00024288167	108722	26
ASNS	7	1.4549e-06	0.00011497541	110647	12
ASZ1	7	1.2708e-06	0.00012758304	108061	13
ATG9B	7	1.9503e-06	0.00044712831	100214	44
ATP5J2	7	2.0953000000000002e-07	2.638304e-05	108406	2
ATP5J2-PTCD1	7	1.6247999999999999e-06	0.00018702223000000002	111045	20
ATP6V0A4	7	2.9207999999999996e-06	0.00027270222000000003	110944	30
ATP6V0E2	7	1.7094000000000002e-07	0.0	101815	0
ATP6V1F	7	1.8896000000000002e-07	1.776823e-05	104852	1
ATXN7L1	7	1.3986e-06	8.81539e-06	77466	0
AUTS2	7	2.9215e-06	3.578522e-05	108281	3
AVL9	7	1.7141999999999998e-06	0.00014290015	109260	15
AZGP1	7	4.5005000000000004e-07	8.106273e-05	111917	9
BAIAP2L1	7	1.7205e-06	0.00010687623	109506	11
BAZ1B	7	4.1276999999999995e-06	5.288348000000001e-05	111016	5
BBS9	7	3.2589e-06	0.00028312269	110246	31
BCAP29	7	6.8506e-07	1.850083e-05	107166	1
BCL7B	7	5.467100000000001e-07	8.89395e-06	109057	0
BET1	7	2.2599e-07	2.661011e-05	108116	2
BHLHA15	7	1.2946e-07	1.00563e-05	85478	0
BLVRA	7	9.4223e-07	0.00014962333	113010	16
BMPER	7	2.0085e-06	0.0001056532	112331	11
BPGM	7	3.8768e-07	6.16363e-05	113457	6
BRAF	7	3.2432e-06	3.520709e-05	112572	3
BRAT1	7	1.8553999999999998e-06	0.00015043277	101663	15
BRI3	7	1.0698000000000001e-07	1.7658570000000002e-05	112054	1
BUD31	7	3.0309e-07	8.796310000000002e-06	112031	0
BZW2	7	1.1111e-06	0.00014562281	107633	15
C1GALT1	7	5.6557e-07	1.765009e-05	109777	1
C7orf13	7	0.0	0.0	111798	0
C7orf25	7	8.381299999999998e-07	1.761044e-05	111420	1
C7orf26	7	7.3825e-07	8.79028e-06	108739	0
C7orf31	7	1.5875e-06	0.00024090443999999999	109132	26
C7orf33	7	3.7655e-07	0.00011499126	112767	12
C7orf34	7	1.8899e-07	0.00022173307999999998	110301	24
C7orf43	7	1.2922999999999999e-06	2.6455209999999998e-05	108257	2
C7orf49	7	1.4870999999999999e-07	0.0	110928	0
C7orf50	7	3.1393e-07	6.559838e-05	105687	6
C7orf55	7	1.8172000000000002e-07	7.05326e-05	112356	7
C7orf55-LUC7L2	7	1.7203e-06	8.39041e-05	105981	8
C7orf57	7	8.640700000000001e-07	0.00012100983	103412	12
C7orf60	7	8.968299999999999e-07	0.0	106426	0
C7orf61	7	4.6058e-07	9.341080000000001e-06	103755	0
C7orf62	7	4.2851000000000007e-07	3.620201e-05	110496	4
C7orf63	7	2.4647e-06	0.00029602705	103510	30
C7orf65	7	1.2773e-07	8.93272e-06	110017	0
C7orf66	7	4.3648999999999996e-08	0.0	109982	0
C7orf69	7	1.7068e-07	2.654895e-05	108954	2
C7orf71	7	2.0861999999999997e-07	0.0	61061	0
C7orf72	7	7.3488e-07	0.0002126207	65092	13
C7orf73	7	1.0097000000000001e-07	0.0	105568	0
CACNA2D1	7	3.7841000000000003e-06	5.630679e-05	107667	6
CADPS2	7	3.5844999999999997e-06	0.00015751601	105583	16
CALCR	7	1.5546000000000001e-06	0.00017769476000000002	110608	19
CALD1	7	2.6903e-06	2.7386809999999997e-05	105704	2
CALN1	7	8.7564e-07	8.79523e-06	110541	0
CALU	7	8.7216e-07	3.42131e-05	109403	3
CAMK2B	7	2.0748e-06	3.2391540000000006e-05	101579	3
CAPZA2	7	8.5019e-07	0.0	109244	0
CARD11	7	3.6431e-06	7.158531e-05	110719	7
CASD1	7	1.9016e-06	8.017875e-05	108260	8
CASP2	7	1.3287999999999999e-06	3.516917e-05	111664	3
CAV1	7	2.9902e-07	1.7679070000000003e-05	110677	1
CAV2	7	2.4248e-07	9.29282e-06	108521	1
CBLL1	7	1.4072999999999998e-06	0.0	108378	0
CBX3	7	4.5828000000000005e-07	0.0	109806	0
CCDC126	7	3.2157e-07	1.7629779999999997e-05	111897	1
CCDC129	7	2.3978e-06	0.00032099282	106895	34
CCDC132	7	2.8091000000000003e-06	9.394758e-05	106821	10
CCDC136	7	2.6345e-06	0.00022740709999999998	101013	22
CCDC146	7	3.0187e-06	0.00034713239999999997	110054	38
CCDC71L	7	1.143e-07	0.0	81890	0
CCL24	7	2.1921e-07	6.15861e-05	112182	6
CCL26	7	2.5866e-07	0.0115803254	104861	1214
CCM2	7	9.701299999999998e-07	3.536004e-05	103874	3
CCT6A	7	1.1368e-06	1.7753160000000002e-05	107138	1
CCZ1	7	8.8621e-07	0.00013964790000000002	105342	14
CCZ1B	7	1.0201e-06	8.234273000000002e-05	99173	8
CD36	7	9.8841e-07	0.0018745842600000001	109397	205
CDCA7L	7	1.7861000000000001e-06	0.00010869382	109184	11
CDHR3	7	2.0537e-06	0.00056241325	106989	60
CDK13	7	3.2791e-06	4.523676e-05	107706	4
CDK14	7	1.2602e-06	7.109972e-05	110548	7
CDK5	7	9.470399999999999e-07	2.6629759999999998e-05	108917	2
CDK6	7	9.8439e-07	8.81026e-06	105919	0
CEP41	7	1.0867000000000001e-06	7.924417e-05	110662	8
CFTR	7	4.0374000000000005e-06	0.0016618596599999999	111140	184
CHCHD2	7	2.8774999999999997e-07	7.932101e-05	110549	8
CHCHD3	7	1.2039e-06	1.7666860000000002e-05	109175	1
CHN2	7	1.2024e-06	1.9269160000000002e-05	108088	2
CHPF2	7	2.4755000000000003e-06	0.0008727843199999998	109116	95
CHRM2	7	5.5057e-07	1.777145e-05	112241	1
CHST12	7	4.8912e-07	9.708520000000001e-05	110655	10
CLCN1	7	2.4922e-06	0.00324979668	110769	359
CLDN12	7	4.0413000000000006e-07	1.76123e-05	112942	1
CLDN15	7	4.853499999999999e-07	2.692552e-05	103641	2
CLDN3	7	2.7396e-07	9.059780000000001e-06	106791	0
CLDN4	7	2.4197e-07	2.6436720000000002e-05	109866	2
CLEC2L	7	4.3483000000000004e-07	0.00014761791	97214	14
CLEC5A	7	4.073699999999999e-07	4.401241e-05	107175	4
CLIP2	7	2.3454e-06	1.779381e-05	105637	1
CNOT4	7	1.809e-06	9.44805e-06	108495	1
CNPY1	7	1.6840999999999998e-07	1.768018e-05	110942	1
CNPY4	7	8.5708e-07	0.00021240044	105734	22
CNTNAP2	7	3.2939999999999997e-06	0.00018367227	112621	20
COA1	7	2.9811e-07	2.63888e-05	111039	2
COBL	7	2.4127e-06	3.5503320000000004e-05	111353	3
COG5	7	2.5804000000000003e-06	0.0002304761	109915	25
COL1A2	7	4.0056e-06	4.7405010000000005e-05	109420	5
COL26A1	7	1.5428e-06	9.336290999999999e-05	98896	9
COL28A1	7	3.1952999999999997e-06	0.00055303487	110803	61
COPG2	7	8.2259e-07	6.357510000000001e-05	104209	6
COPS6	7	8.848000000000001e-07	8.80421e-06	110983	0
COX19	7	9.955600000000001e-08	3.862365e-05	104872	4
CPA1	7	1.0679e-06	0.00060066977	109511	65
CPA2	7	1.142e-06	0.00037022815	112437	41
CPA4	7	1.4507e-06	0.00380765843	112843	429
CPA5	7	1.115e-06	7.050706e-05	107744	7
CPED1	7	2.8548e-06	0.00062275861	110349	68
CPSF4	7	7.673e-07	3.5252309999999995e-05	109955	3
CPVL	7	1.2929e-06	0.00035234316	109962	38
CRCP	7	3.5938000000000003e-07	5.475806e-05	111070	6
CREB3L2	7	1.079e-06	4.39952e-05	109117	4
CREB5	7	1.1392e-06	2.6681540000000005e-05	109311	2
CRHR2	7	1.4206e-06	0.0021957736	103441	227
CROT	7	2.7447e-06	0.00159195987	110092	175
CRYGN	7	4.876300000000001e-07	0.00010615284	103016	10
CTAGE15	7	0.0	0.0	98515	0
CTAGE4	7	0.0	0.0	94810	0
CTAGE6	7	0.0	0.0	104782	0
CTTNBP2	7	3.3312999999999998e-06	0.00013371863	110802	14
CUL1	7	3.1304e-06	1.831959e-05	108896	1
CUX1	7	3.674e-06	1.770148e-05	107685	1
CYCS	7	1.3759e-07	0.0	112601	0
CYP2W1	7	9.707299999999999e-07	9.11793e-06	94610	0
CYP3A4	7	1.2329999999999999e-06	0.00021176683999999998	112804	23
CYP3A43	7	1.3541999999999999e-06	0.00045200139999999997	109515	49
CYP3A5	7	1.2123e-06	0.00026059837000000005	111298	29
CYP3A7	7	1.2469e-06	0.00012366057	112873	13
CYP51A1	7	9.1199e-07	8.875857e-05	108546	9
CYTH3	7	9.6528e-07	1.760797e-05	111562	1
DAGLB	7	1.4919999999999999e-06	0.00011885566	108485	12
DBF4	7	1.611e-06	2.651614e-05	108217	2
DBNL	7	1.2038e-06	3.523129e-05	108857	3
DDC	7	1.3331e-06	0.00019471004000000001	111860	21
DDX56	7	1.4516e-06	0.00015896595	109030	17
DENND2A	7	2.6597e-06	7.688686e-05	109907	8
DFNA5	7	1.1031999999999999e-06	0.00024657555	112395	27
DGKB	7	2.3472e-06	3.87713e-05	101160	3
DGKI	7	3.4289e-06	9.041293e-05	109929	9
DLD	7	1.5662000000000001e-06	7.061986999999999e-05	111434	7
DLX5	7	4.8615e-07	4.39483e-05	111472	4
DLX6	7	5.454600000000001e-07	0.0	98010	0
DMTF1	7	2.3418e-06	3.650526e-05	109142	3
DNAH11	7	1.2472e-05	0.0013769248199999998	106671	146
DNAJB6	7	1.2366e-06	1.762513e-05	109894	1
DNAJB9	7	5.7271e-07	0.0	97892	0
DNAJC2	7	2.1559e-06	1.820602e-05	109459	1
DNAJC30	7	2.3206999999999996e-07	1.01535e-05	110085	1
DOCK4	7	6.4193e-06	0.00011695188	103242	12
DPP6	7	2.3232e-06	0.00017996436999999997	102580	18
DPY19L1	7	1.9037e-06	3.801886e-05	103724	3
DTX2	7	1.0705e-06	8.953624e-05	102728	9
DUS4L	7	6.576100000000001e-07	5.3497180000000005e-05	107532	5
DYNC1I1	7	2.1003e-06	8.840571e-05	109847	9
EEPD1	7	1.1195e-06	8.81352e-06	109421	0
EFCAB10	7	3.8046999999999997e-07	0.0	110342	0
EGFR	7	3.7343999999999998e-06	7.968781e-05	111150	8
EIF2AK1	7	1.7221e-06	0.00010555271	108718	11
EIF3B	7	2.2412000000000002e-06	0.0	109032	0
EIF4H	7	9.155500000000001e-07	8.7909e-05	105725	9
ELFN1	7	9.0561e-07	0.0	68232	0
ELMO1	7	2.7555e-06	3.525508e-05	111691	3
ELN	7	2.2333000000000003e-06	0.00028195408	110279	31
EN2	7	3.652e-07	9.021849999999999e-06	99044	0
EPDR1	7	3.7028e-07	9.53543e-06	107182	1
EPHA1	7	3.0492e-06	0.00030079116	109984	33
EPHB4	7	3.0767e-06	2.9060890000000004e-05	104202	3
EPHB6	7	2.7183999999999997e-06	5.312432e-05	111037	5
EPO	7	7.589399999999999e-07	4.403169e-05	109221	4
ERV3-1	7	0.0	0.0	105194	0
ERVW-1	7	0.0	0.0	105723	0
ESYT2	7	2.2897e-06	0.00012353606000000002	110734	13
ETV1	7	1.3225999999999998e-06	2.659722e-05	107144	2
EVX1	7	4.8183e-07	6.556453000000001e-05	98269	6
EXOC4	7	2.6662e-06	0.00017197066000000001	110749	19
EZH2	7	2.2625e-06	0.0	109430	0
FAM115A	7	4.975899999999999e-07	0.0	105208	0
FAM115C	7	3.4979999999999997e-07	5.147145000000001e-05	100235	5
FAM126A	7	1.3619999999999998e-06	5.293342e-05	112310	5
FAM131B	7	1.1452e-06	8.794919999999999e-06	107144	0
FAM133B	7	9.8789e-07	4.437839e-05	106198	4
FAM180A	7	2.7418000000000004e-07	8.82068e-06	109611	0
FAM183B	7	0.0	0.0	109219	0
FAM185A	7	6.558e-07	0.0	71423	0
FAM188B	7	1.846e-06	0.0005074208999999999	109334	55
FAM200A	7	9.0574e-07	0.0	106509	0
FAM20C	7	9.202600000000001e-07	0.0	97099	0
FAM220A	7	0.0	0.0	111296	0
FAM221A	7	7.3687e-07	0.00014362598999999998	110046	15
FAM3C	7	5.555699999999999e-07	3.67607e-05	110008	4
FAM71F1	7	8.282700000000001e-07	0.00044143837	112007	49
FAM71F2	7	4.845399999999999e-07	0.0005293278599999999	105960	56
FASTK	7	1.6449000000000001e-06	4.58681e-05	106078	4
FBXL13	7	1.8697e-06	0.00029362557	107835	31
FBXL18	7	7.631100000000001e-07	0.00012936333999999998	101941	13
FBXO24	7	1.4849000000000002e-06	0.00010690946000000002	107217	11
FERD3L	7	1.8276e-07	8.88257e-06	111061	0
FEZF1	7	6.0712e-07	8.7991e-06	107674	0
FGL2	7	7.3571e-07	2.6422229999999998e-05	112122	2
FIGNL1	7	1.2166e-06	7.07088e-05	112602	7
FIS1	7	3.9101e-07	5.3011280000000004e-05	106341	5
FKBP14	7	4.6038000000000005e-07	2.67623e-05	107760	2
FKBP6	7	1.1064e-06	7.078563e-05	110800	7
FKBP9	7	1.1827e-06	9.6927e-05	109983	10
FLJ20306	7	2.2999999999999998e-08	0.0	75750	0
FLNC	7	5.434e-06	9.604935e-05	109861	10
FOXK1	7	1.0728e-06	2.0701839999999998e-05	104387	2
FOXP2	7	2.9542e-06	2.6503520000000003e-05	110854	2
FSCN1	7	6.6062e-07	9.796239999999999e-06	106270	1
FSCN3	7	1.6809999999999999e-06	0.0008497823399999999	109625	93
FTSJ2	7	4.6475000000000003e-07	7.128885999999999e-05	104683	7
FZD1	7	9.069799999999999e-07	8.88668e-06	110049	0
FZD9	7	6.817300000000001e-07	3.149955e-05	107752	3
GAL3ST4	7	1.5546000000000001e-06	0.00017773304	107259	19
GALNT11	7	2.1005e-06	8.852926e-05	111806	9
GALNTL5	7	9.3344e-07	0.0002576333	110908	28
GARS	7	2.3202000000000002e-06	2.6508340000000004e-05	109665	2
GATAD1	7	4.0301e-07	5.27482e-05	111446	5
GATS	7	3.1923000000000003e-07	0.00013265105	109234	14
GATSL2	7	5.4384e-08	0.0	99208	0
GBAS	7	1.0282e-06	0.00020299551999999999	111578	22
GBX1	7	5.663e-07	8.8347e-06	108313	0
GCC1	7	1.4384999999999999e-06	0.00014093777	112035	15
GCK	7	9.0083e-07	3.6591540000000006e-05	109318	4
GET4	7	6.5891e-07	9.10747e-06	106177	0
GGCT	7	4.8607e-07	4.397782999999999e-05	111831	4
GHRHR	7	1.2922999999999999e-06	5.073756e-05	104648	5
GIGYF1	7	3.6394e-06	0.00010767091999999999	106765	11
GIMAP1	7	4.6418999999999994e-08	0.0	103472	0
GIMAP2	7	4.7048e-08	0.0	110711	0
GIMAP4	7	4.7034e-08	2.6694580000000002e-05	110770	2
GIMAP5	7	4.7048e-08	0.0	112307	0
GIMAP6	7	8.1789e-08	0.0	109457	0
GIMAP7	7	0.0	0.0	109555	0
GIMAP8	7	7.623300000000001e-07	1.7595270000000002e-05	112094	1
GJC3	7	4.6486000000000005e-07	3.52338e-05	107278	3
GLCCI1	7	1.1077e-06	3.554763e-05	108717	3
GLI3	7	2.9799e-06	8.81508e-06	111109	0
GNA12	7	5.6073e-07	0.0	103736	0
GNAI1	7	8.5721e-07	1.783009e-05	105038	1
GNAT3	7	8.6988e-07	0.00061631824	101305	62
GNB2	7	9.5255e-07	8.810110000000001e-06	106430	0
GNG11	7	9.7083e-08	0.0	100577	0
GNGT1	7	2.4236e-07	1.7686e-05	107396	1
GPC2	7	1.2498e-06	3.71122e-05	104527	3
GPER1	7	2.9363e-07	0.0	108042	0
GPNMB	7	1.6053000000000001e-06	0.0005769653599999999	111323	64
GPR141	7	2.4203e-07	0.00014969168	112369	16
GPR146	7	2.5498e-07	1.86067e-05	107981	2
GPR22	7	1.3963999999999999e-06	1.78173e-05	109518	1
GPR37	7	1.0191e-06	3.62873e-05	110122	3
GPR85	7	4.5736000000000007e-07	0.0	112108	0
GRB10	7	1.8208000000000002e-06	7.062005999999999e-05	112208	7
GRID2IP	7	2.0985e-06	8.3677e-05	60424	5
GRM3	7	1.6893e-06	1.77018e-05	111421	1
GRM8	7	2.6462e-06	0.00011809454	110459	13
GSAP	7	2.4678e-06	0.00036727229	108506	39
GSTK1	7	5.3328e-07	0.00051152508	111660	57
GTF2I	7	1.6059e-06	1.7793900000000003e-05	106476	1
GTF2IRD1	7	2.8187000000000002e-06	4.4263809999999995e-05	108369	4
GTF2IRD2	7	9.1875e-07	0.00014832772	100875	14
GTF2IRD2B	7	7.7964e-07	2.0809050000000004e-05	97335	2
GTPBP10	7	8.4694e-07	9.852331e-05	108212	10
GUSB	7	2.0178e-06	0.00040856377999999994	110883	45
H2AFV	7	2.439e-07	8.976339999999998e-06	105686	0
HBP1	7	1.2261e-06	6.249401999999999e-05	110162	6
HDAC9	7	3.5438e-06	0.00015097116000000003	104298	15
HEATR2	7	1.9084000000000002e-06	0.00012410262	107652	13
HECW1	7	5.2158e-06	7.111205e-05	110266	7
HEPACAM2	7	8.589700000000001e-07	0.00023037419	110923	25
HERPUD2	7	1.202e-06	0.0	110304	0
HGF	7	3.3860000000000003e-06	2.649111e-05	109300	2
HIBADH	7	6.937600000000001e-07	1.8198e-05	110693	2
HILPDA	7	1.3196000000000001e-08	0.0	113248	0
HIP1	7	3.6182999999999997e-06	0.00455502965	110268	502
HIPK2	7	2.6208e-06	1.782331e-05	107400	1
HNRNPA2B1	7	1e-06	8.82208e-06	111376	0
HOXA1	7	5.9669e-07	8.83221e-06	112509	0
HOXA10	7	5.046100000000001e-07	8.79075e-06	100463	0
HOXA11	7	4.4416000000000003e-07	0.0	105618	0
HOXA13	7	4.2308999999999996e-07	0.0	106881	0
HOXA2	7	4.904699999999999e-07	3.51593e-05	110088	3
HOXA3	7	6.736199999999999e-07	9.455189999999998e-06	104280	0
HOXA4	7	5.053000000000001e-07	3.516234e-05	105449	3
HOXA5	7	3.6621000000000005e-07	9.5648e-06	108991	1
HOXA6	7	4.9442e-07	5.2794490000000003e-05	108991	5
HOXA7	7	3.013e-07	6.330954000000001e-05	109847	6
HOXA9	7	3.8076000000000003e-07	7.094836e-05	101500	7
HSPB1	7	3.1785e-07	5.81174e-05	101416	5
HTR5A	7	4.4486999999999993e-07	7.12038e-05	111670	7
HTR5A-AS1	7	3.4603000000000004e-07	1.7771459999999998e-05	112240	1
HUS1	7	6.7194e-07	0.00016038711	110583	17
HYAL4	7	1.0389e-06	0.00140105798	111436	156
ICA1	7	1.6318e-06	3.542132e-05	109826	3
IFRD1	7	1.1891e-06	5.364215e-05	111507	5
IGF2BP3	7	1.5163e-06	0.0	110129	0
IGFBP1	7	5.0231e-07	1.7666649999999998e-05	106963	1
IGFBP3	7	3.2712e-07	0.0	112623	0
IKZF1	7	9.7964e-07	0.0	104066	0
IL6	7	4.2351999999999997e-07	8.844080000000001e-06	107431	0
IMMP2L	7	3.1971999999999995e-07	2.6732979999999998e-05	111466	2
IMPDH1	7	1.7258e-06	9.722171999999999e-05	111591	10
ING3	7	1.7388999999999998e-06	1.759557e-05	110655	1
INHBA	7	5.0207e-07	0.0	108446	0
INMT	7	2.1923e-07	3.51642e-05	111791	3
INSIG1	7	4.5393e-07	2.688384e-05	102391	2
INTS1	7	5.0705e-06	0.00027652785	101266	28
IQCE	7	2.2522e-06	0.0007452435799999999	109647	81
IQUB	7	1.6878e-06	0.00049973179	108869	54
IRF5	7	1.2913e-06	0.00010754473999999998	107841	11
ISPD	7	9.6449e-07	9.066764000000001e-05	101910	9
ITGB8	7	1.9833e-06	5.299851e-05	108967	5
JAZF1	7	6.446200000000001e-07	9.04814e-06	106782	0
KBTBD2	7	1.7188e-06	8.9265e-06	111771	0
KCND2	7	1.5509e-06	5.300648e-05	112734	5
KCNH2	7	1.92e-06	7.052060000000001e-05	103499	7
KCTD7	7	1.4944e-06	8.13704e-05	109193	8
KDELR2	7	5.3247e-07	8.81756e-06	109189	0
KDM7A	7	2.7724e-06	1.7926729999999998e-05	110106	1
KEL	7	2.6525e-06	0.0006839942599999999	111235	76
KIAA0895	7	1.334e-06	6.184166e-05	110338	6
KIAA1147	7	1.0532e-06	8.30076e-05	105445	8
KIAA1324L	7	2.0853e-06	0.00011639761	103057	11
KIAA1549	7	3.5148000000000002e-06	6.349503e-05	106873	6
KLF14	7	1.9876e-07	2.525815e-05	97213	2
KLHDC10	7	1.6593000000000001e-06	8.79446e-06	111726	0
KLHL7	7	1.9586e-06	0.00010568682	107201	11
KLRG2	7	6.514199999999999e-07	0.00019036217000000002	102556	19
KMT2C	7	1.2215e-05	0.00376518604	110322	415
KMT2E	7	3.7588999999999997e-06	8.8115e-06	110284	0
KPNA7	7	1.4685e-06	0.000280938	60528	17
KRBA1	7	1.6809999999999999e-06	0.00020993830000000003	99903	20
KRIT1	7	2.3716999999999997e-06	4.401149e-05	110973	4
LAMB1	7	6.170399999999999e-06	0.00036183919000000003	111517	40
LAMB4	7	4.4363e-06	0.0010810620300000001	109932	118
LAMTOR4	7	2.2554000000000002e-07	5.289974e-05	107384	5
LANCL2	7	1.4387e-06	3.098362e-05	107737	3
LAT2	7	7.9877e-07	0.00010105718	110143	11
LEP	7	2.4819e-07	0.0	113328	0
LFNG	7	5.751e-07	1.00198e-05	105224	1
LHFPL3	7	4.29e-07	0.0	102755	0
LIMK1	7	1.8085e-06	9.10797e-06	105255	0
LMBR1	7	1.9395e-06	0.0005615053900000001	106593	59
LMOD2	7	8.770700000000001e-07	7.297371e-05	97525	7
LMTK2	7	2.6059e-06	1.7802739999999998e-05	109128	1
LRCH4	7	1.9409e-06	7.147269e-05	107694	7
LRGUK	7	2.1516e-06	0.00037354007000000005	110296	41
LRRC17	7	8.582899999999999e-07	6.174264e-05	110933	6
LRRC4	7	1.0775e-06	0.0	112040	0
LRRC61	7	4.9517e-07	0.00027391731	107149	29
LRRD1	7	1.042e-06	0.0004909576	60519	29
LRRN3	7	1.1806e-06	1.7624720000000002e-05	111949	1
LRWD1	7	1.4568e-06	0.00025238269	101461	25
LSM5	7	2.3605e-07	2.67637e-05	109481	2
LSMEM1	7	3.0033e-07	7.08508e-05	112151	7
LUC7L2	7	1.8706e-06	0.0003741937	107871	40
LUZP6	7	0.0	0.0	110088	0
MACC1	7	1.4656e-06	0.00025702386000000003	111509	28
MAD1L1	7	2.0414e-06	0.00041975791	106088	44
MAFK	7	1.7218e-07	0.0	96885	0
MAGI2	7	3.4425e-06	7.621377e-05	108594	8
MALSU1	7	4.9521e-07	0.00011470071000000002	105989	12
MBLAC1	7	1.299e-07	1.51332e-05	104546	1
MCM7	7	2.1057e-06	0.00030154733	112124	33
MDFIC	7	4.4616000000000007e-07	9.71043e-06	100943	0
MDH2	7	6.878399999999999e-07	3.5223649999999996e-05	111223	3
MEOX2	7	6.1003e-07	0.0	105334	0
MEPCE	7	1.4652000000000002e-06	0.0	107911	0
MEST	7	1.2061e-06	2.64384e-05	106334	2
MET	7	3.7783999999999997e-06	9.953894e-05	110802	11
METTL2B	7	1.043e-06	0.00040589626000000004	109628	44
MGAM	7	5.177999999999999e-06	0.00087081734	105899	92
MICALL2	7	1.7835e-06	0.00033963387000000004	98761	33
MIOS	7	2.7487e-06	7.973299e-05	110532	8
MKLN1	7	2.2506e-06	2.6441900000000002e-05	108937	2
MKRN1	7	1.2966e-06	8.86273e-06	112293	0
MLXIPL	7	1.6082e-06	7.157864e-05	100483	7
MMD2	7	6.625199999999999e-07	7.892715e-05	102044	8
MNX1	7	4.1323e-07	0.0	97420	0
MOGAT3	7	6.5063e-07	0.00021040843999999999	105922	22
MOSPD3	7	6.5844e-07	8.79105e-06	110867	0
MPLKIP	7	2.9315e-07	6.509459e-05	84405	5
MPP6	7	1.5892e-06	2.6467979999999997e-05	109936	2
MRPL32	7	4.8413e-07	0.00024412595	109867	26
MRPS17	7	6.588500000000001e-07	0.00028272657	109642	30
MRPS17	7	2.7003e-07	0.00028272657	109642	30
MRPS24	7	4.845e-07	3.516191e-05	106659	3
MRPS33	7	4.1291000000000006e-07	0.0001055635	113361	11
MTERF	7	1.0156999999999999e-06	0.00140858741	111836	157
MTPN	7	2.3525e-07	0.0	109330	0
MTRNR2L6	7	0.0	0.0	106692	0
MTURN	7	2.3038e-07	0.0	100869	0
MUC12	7	3.4067000000000003e-06	0.0008761956	67446	59
MUC17	7	3.1248e-06	0.00230393732	112504	259
MUC3A	7	1.2879e-06	0.0003460665	100355	34
MUC3A	7	4.6536e-08	0.0003460665	100355	34
MYL10	7	4.3282e-07	8.79028e-06	112037	0
MYL7	7	4.0088000000000003e-07	5.344606e-05	107424	5
MYO1G	7	3.1863e-06	0.0002117924	108943	23
NAA38	7	3.5488e-07	3.518172e-05	112367	3
NACAD	7	2.1007e-06	0.0	72752	0
NAMPT	7	1.1384e-06	2.6612470000000004e-05	108725	2
NAPEPLD	7	1.0003e-06	5.300431e-05	109741	5
NAT16	7	4.5280000000000003e-07	4.578379e-05	104134	4
NCAPG2	7	2.8682e-06	4.4261099999999995e-05	109585	4
NCF1	7	6.7892e-07	0.00034408566	100115	34
NDUFA4	7	2.3879000000000004e-07	1.765381e-05	113048	1
NDUFA5	7	3.2022e-07	4.4283890000000004e-05	105679	4
NDUFB2	7	2.5669e-07	4.589853e-05	103696	4
NEUROD6	7	7.409300000000001e-07	8.981010000000002e-06	112337	1
NFE2L3	7	9.2286e-07	0.00014122632	110751	15
NME8	7	2.461e-06	0.00084748205	111618	94
NOBOX	7	1.3318000000000001e-06	0.00027548732	101443	27
NOD1	7	1.584e-06	0.00040016528	111828	44
NOM1	7	1.4707e-06	0.00023039593999999998	110245	25
NOS3	7	3.4832e-06	0.00014799154	102289	15
NPC1L1	7	3.085e-06	0.0007504586200000001	111065	83
NPSR1	7	1.2298e-06	0.00031694264	109547	34
NPTX2	7	6.631000000000001e-07	1.788432e-05	108184	1
NPVF	7	2.5329e-07	2.69741e-05	111581	3
NPY	7	3.4455999999999996e-07	9.353489999999999e-06	110733	1
NRCAM	7	3.6317000000000003e-06	8.013806e-05	109675	8
NRF1	7	1.1397e-06	8.81896e-06	108502	0
NSUN5	7	1.3602000000000001e-06	0.00031179746	107930	33
NT5C3A	7	7.7065e-07	3.51784e-05	108005	3
NUB1	7	1.655e-06	9.843564e-05	102430	10
NUDCD3	7	1.0466e-06	1.758953e-05	110080	1
NUDT1	7	5.5616e-07	0.00010088095	103608	10
NUP205	7	6.1613e-06	9.828073e-05	110716	10
NUPL2	7	7.1757e-07	0.00015290558000000001	108831	16
NXPH1	7	5.177499999999999e-07	1.7752229999999998e-05	111845	1
NYAP1	7	1.6427000000000002e-06	9.98124e-06	98056	0
OCM	7	3.4707e-07	0.006103314350000001	112647	687
OCM2	7	2.3164e-07	1.758273e-05	113051	1
OGDH	7	2.6242000000000002e-06	2.641875e-05	110703	2
OPN1SW	7	5.7778e-07	5.297101e-05	112437	5
OR2A1	7	2.7191999999999996e-07	0.0	104984	0
OR2A12	7	2.3252e-07	4.41915e-05	111286	4
OR2A14	7	3.6801e-07	0.0004865442	111951	54
OR2A2	7	1.2133e-07	0.0	111681	0
OR2A25	7	3.6759e-07	1.762907e-05	112742	1
OR2A42	7	2.1859999999999999e-07	0.0	80801	0
OR2A5	7	2.8896999999999997e-07	9.745928e-05	109749	10
OR2A7	7	2.4518000000000003e-07	8.78997e-06	107565	0
OR2AE1	7	1.6554e-07	3.51753e-05	112268	3
OR2F1	7	4.6695e-07	2.6388159999999996e-05	112329	2
OR2F2	7	4.8288e-07	3.518929e-05	112058	3
OR6B1	7	5.5864e-07	8.843026e-05	110884	9
OR6V1	7	2.7614e-07	6.202565e-05	111547	6
OR9A2	7	4.0823999999999996e-07	9.670467e-05	111861	10
OR9A4	7	3.543e-07	7.059496e-05	112574	7
ORAI2	7	2.9815e-07	2.0040179999999997e-05	107039	2
ORC5	7	1.0823e-06	8.346931e-05	107395	8
OSBPL3	7	2.7832999999999997e-06	9.681051e-05	110393	10
PAPOLB	7	8.4902e-07	2.6454770000000004e-05	111063	2
PARP12	7	1.6479e-06	0.00033676997000000003	109440	36
PAX4	7	8.4384e-07	0.00010008447	108183	10
PAXIP1	7	3.1354e-06	8.84705e-06	100379	0
PAXIP1-AS2	7	2.0399999999999997e-07	0.0	108859	0
PCLO	7	1.0486e-05	7.292473e-05	109636	7
PCOLCE	7	8.5205e-07	4.9179849999999996e-05	106771	5
PDAP1	7	5.7844e-07	2.6413029999999998e-05	112323	2
PDE1C	7	2.2933e-06	0.00034930609	108537	37
PDGFA	7	4.1707999999999997e-07	8.81694e-06	108561	0
PDIA4	7	1.1917e-06	7.061419e-05	108270	7
PDK4	7	1.1672e-06	0.00027577828	109200	30
PEG10	7	7.267699999999999e-07	0.0	86695	0
PEX1	7	3.8038e-06	0.0002852135	110749	31
PGAM2	7	3.9671e-07	7.981445e-05	108558	8
PHF14	7	2.3742e-06	8.156894e-05	98906	8
PHKG1	7	1.7168e-06	0.00018534758000000003	108691	20
PHTF2	7	2.1921e-06	0.00010432624	103674	10
PIK3CG	7	2.1635e-06	9.79991e-05	111694	10
PILRA	7	8.0876e-07	0.0012852376	110904	142
PILRB	7	5.006100000000001e-07	5.2739619999999994e-05	109203	5
PIP	7	3.4503e-07	0.00030801654	111762	34
PKD1L1	7	7.4134e-06	0.00094154076	110519	104
PLEKHA8	7	1.3096000000000001e-06	0.00012538784	109038	13
PLOD3	7	2.4938e-06	0.0002119945	107716	22
PLXNA4	7	4.3911e-06	4.443976e-05	110953	4
PMPCB	7	1.3903999999999999e-06	0.00018599422	108915	20
PMS2	7	2.4707e-06	0.00025731494	109128	28
PNPLA8	7	1.8209e-06	3.584067e-05	109711	3
PODXL	7	1.3494e-06	9.121089999999999e-06	110204	1
POLD2	7	1.2326e-06	7.259091999999999e-05	109368	7
POLM	7	1.3502e-06	0.00030708069	105293	32
POLR2J	7	4.506399999999999e-07	6.16661e-05	101368	6
POLR2J2	7	7.7594e-08	0.0	65002	0
POM121	7	1.294e-06	3.644593e-05	110021	4
POM121C	7	1.2929e-06	8.450581000000001e-05	106463	8
POM121L12	7	0.0	0.0	107844	0
POMZP3	7	4.3825000000000005e-07	7.055557e-05	107089	7
PON1	7	1.1765e-06	0.00026400462000000005	113167	29
PON2	7	7.0931e-07	4.39789e-05	112095	4
PON3	7	6.556900000000001e-07	0.0025676504500000003	112627	289
POP7	7	1.2232e-07	3.51983e-05	112191	3
POR	7	1.8677000000000001e-06	0.00036607242	100374	36
POT1	7	1.4656e-06	6.222502e-05	106447	6
POU6F2	7	1.6544e-06	0.00017793277	107233	19
PPIA	7	2.7789999999999997e-07	8.8115e-06	111019	0
PPP1R17	7	2.737e-07	5.371255e-05	112026	6
PPP1R35	7	2.8638e-07	0.00016795970000000002	107911	18
PPP1R3A	7	2.1372e-06	0.00017765971999999998	111494	19
PPP1R9A	7	3.5091000000000004e-06	7.275957e-05	109100	7
PRKAG2	7	1.6995e-06	5.3486289999999996e-05	107964	5
PRKAR1B	7	8.3089e-07	2.8659540000000002e-05	107954	3
PRKAR2B	7	1.1332e-06	0.0	108284	0
PRKRIP1	7	7.7187e-07	9.330533000000001e-05	108087	10
PRPS1L1	7	6.282800000000001e-07	0.0	113157	0
PRR15	7	9.6141e-08	0.0	92146	0
PRRT4	7	7.9226e-07	0.0	60425	0
PRSS1	7	6.3795e-07	0.00041579089999999996	111485	46
PRSS37	7	8.790899999999999e-07	0.00023044476000000003	111783	25
PRSS58	7	5.2499e-07	9.713581e-05	112421	10
PSMA2	7	9.539700000000001e-07	0.0	109440	0
PSMC2	7	1.4647e-06	0.0	110953	0
PSMG3	7	1.1679e-07	0.0	109905	0
PSPH	7	5.8736e-07	3.517337e-05	109059	3
PTCD1	7	1.6247999999999999e-06	0.00018702223000000002	111045	20
PTN	7	6.0457e-07	6.216714e-05	107675	6
PTPN12	7	2.0985e-06	9.45591e-06	107766	1
PTPRN2	7	2.5816000000000004e-06	0.00017494714	104846	18
PTPRZ1	7	4.4169e-06	0.00018264571	111024	20
PURB	7	3.2454e-07	8.79075e-06	100692	0
PUS7	7	1.8545e-06	0.00018964331	111121	21
PVRIG	7	4.819e-07	0.22109633329999998	104254	23050
RAB19	7	2.7261999999999996e-07	1.758057e-05	111670	1
RABGEF1	7	1.4944e-06	8.13704e-05	109193	8
RABL5	7	3.6485999999999995e-07	8.79105e-06	110355	0
RAC1	7	8.361e-07	2.651297e-05	108707	2
RADIL	7	1.8514e-06	0.00038502759	103194	39
RALA	7	7.1614e-07	0.0	108792	0
RAMP3	7	1.9760999999999998e-07	8.796310000000002e-06	112837	0
RAPGEF5	7	2.5071e-06	2.563136e-05	103621	2
RARRES2	7	3.0902e-07	4.397057e-05	104772	4
RASA4	7	2.2096e-07	0.0	95179	0
RASA4B	7	2.2120000000000002e-07	0.0	104333	0
RBAK	7	1.3132e-06	7.934204e-05	110137	8
RBAK-RBAKDN	7	2.5287e-07	0.0	110137	0
RBM28	7	2.3562999999999998e-06	0.00022908234	112166	25
RBM33	7	3.2343e-06	8.85159e-06	103436	0
RBM48	7	7.1797e-07	0.00023512117000000003	104673	24
RELN	7	9.5416e-06	0.00013417553999999998	112330	15
REPIN1	7	1.4913e-06	4.2559890000000005e-05	103663	4
RFC2	7	9.9565e-07	0.00017704977999999998	108760	19
RHBDD2	7	5.936199999999999e-07	8.88352e-06	108601	0
RHEB	7	5.7877e-07	0.0	109277	0
RINT1	7	2.4956e-06	0.00025784535	110268	28
RNF133	7	6.197e-07	0.00029953259999999997	111064	33
RNF148	7	5.9347e-07	8.879441999999999e-05	111064	9
RNF216	7	2.8538e-06	8.948048000000001e-05	109886	9
RNF32	7	1.0764e-06	0.0312540802	112275	3509
RP1-170O19.20	7	3.0333e-07	4.428026e-05	102480	4
RP11-1220K2.2	7	1.1115999999999999e-06	1.14145e-05	90201	1
RP11-514P8.7	7	5.211e-08	0.0	102086	0
RP9	7	8.432200000000001e-07	1.759216e-05	111017	1
RPA3	7	3.4099000000000004e-07	0.00013230531	112029	14
RSBN1L	7	1.7683e-06	8.86211e-06	107386	0
RSPH10B	7	1.0034e-06	0.00019115993000000001	101561	19
RSPH10B2	7	1.0031e-06	0.0001596982	92318	14
RUNDC3B	7	1.3988e-06	7.167536999999999e-05	106369	7
SAMD9	7	2.8771e-06	0.0006441017299999999	113142	72
SAMD9L	7	2.9657e-06	0.00297877571	112377	334
SAP25	7	1.9066e-07	0.0	106613	0
SBDS	7	6.826e-07	0.00384500362	112889	434
SCIN	7	1.7279e-06	0.00039241983	93264	36
SCRN1	7	8.849600000000001e-07	4.294021e-05	105534	4
SDK1	7	4.9887e-06	0.0001499668	109544	16
SEC61G	7	1.339e-07	0.0	107634	0
SEMA3A	7	2.8695999999999996e-06	8.881485999999999e-05	110546	9
SEMA3C	7	2.2322e-06	0.00013571153999999999	109297	14
SEMA3D	7	2.4754e-06	0.00016896985	110251	18
SEMA3E	7	2.5237e-06	0.0001059394	111982	11
SEPT14	7	9.5014e-07	9.573761999999998e-05	101941	9
SEPT7	7	1.2057e-06	0.0	98526	0
SERPINE1	7	6.7721e-07	3.519211e-05	113271	3
SFRP4	7	7.7313e-07	4.434287e-05	108079	4
SGCE	7	1.5424e-06	0.00020364802	110485	22
SH2B2	7	8.757799999999999e-07	1.7867320000000002e-05	104367	1
SHFM1	7	2.0204e-07	0.0	112597	0
SHH	7	5.3618e-07	0.0	105868	0
SKAP2	7	1.0648e-06	2.6574879999999997e-05	109410	2
SLC12A9	7	1.5857e-06	0.00027648246	108467	29
SLC13A1	7	1.5551e-06	0.0042324890899999995	110239	466
SLC13A4	7	1.5388e-06	4.465109e-05	111586	4
SLC25A13	7	2.4437e-06	0.00058714349	112113	65
SLC25A40	7	9.707700000000001e-07	0.00017683465	106847	18
SLC26A3	7	1.8675e-06	0.00015980372	112366	17
SLC26A4	7	1.8832e-06	0.0005918437999999999	110715	65
SLC26A5	7	1.9142e-06	9.685895e-05	112682	10
SLC29A4	7	9.0595e-07	6.303929e-05	105041	6
SLC35B4	7	9.42e-07	0.00013514938	111080	15
SLC37A3	7	1.7063999999999999e-06	0.00019438668000000003	111222	21
SLC4A2	7	2.9936e-06	5.526905e-05	107418	5
SMARCD3	7	1.0036e-06	8.7909e-06	109225	0
SMO	7	2.2327000000000002e-06	0.00011812888000000001	107651	12
SMURF1	7	2.6733e-06	3.41699e-05	106143	3
SND1	7	3.3727999999999997e-06	4.4056190000000006e-05	111186	4
SNX10	7	7.1624e-07	0.000300153	111200	33
SNX13	7	2.8266e-06	6.434834e-05	101377	6
SNX8	7	9.4925e-07	8.295591e-05	108077	8
SOSTDC1	7	2.6356999999999997e-07	0.0	111088	0
SP4	7	1.5728e-06	2.6394200000000002e-05	107905	2
SP8	7	4.522e-07	0.0	99687	0
SPAM1	7	1.1032999999999999e-06	0.00026616286	111148	29
SPDYE1	7	1.1938e-06	0.00034389239	104692	36
SPDYE2	7	7.2503e-08	0.0	87121	0
SPDYE3	7	6.639900000000001e-07	3.30749e-05	100844	3
SRCRB4D	7	1.3516e-06	0.00012657629	100945	12
SRI	7	9.358100000000001e-07	7.917546999999999e-05	112231	8
SRPK2	7	2.0581e-06	2.671287e-05	109443	2
SRRM3	7	1.0009e-06	2.71153e-05	98133	2
SRRT	7	2.4169e-06	5.293414000000001e-05	109177	5
SSBP1	7	9.479299999999999e-07	4.4186270000000005e-05	108846	4
SSMEM1	7	5.526699999999999e-07	0.0001319117	110091	14
ST7	7	1.8263e-06	1.771683e-05	106942	1
ST7-OT4	7	2.1849e-07	0.0	92467	0
STAG3	7	3.7858e-06	0.00035170266000000003	111088	39
STARD3NL	7	6.495699999999999e-07	2.661502e-05	112291	2
STEAP1	7	6.8654e-07	0.00010579563999999999	108400	11
STEAP1B	7	6.0694e-07	9.850629999999999e-05	107516	10
STEAP2	7	1.4863999999999999e-06	0.000620055	110162	68
STEAP4	7	1.4474000000000001e-06	0.0001952789	108392	21
STK17A	7	1.1572e-06	7.244854999999999e-05	108357	7
STK31	7	2.5441999999999997e-06	9.707949e-05	108892	10
STRA8	7	8.992399999999999e-07	8.315947e-05	107668	8
STRIP2	7	2.4572999999999997e-06	0.00025557757	111636	28
STX1A	7	8.351100000000001e-07	0.0	108811	0
STYXL1	7	6.814399999999999e-07	9.784327e-05	107438	10
SUGCT	7	1.2886e-06	0.00038880707	101630	39
SUMF2	7	8.922100000000001e-07	5.27725e-05	107451	5
SUN1	7	2.4043e-06	8.151045e-05	107292	8
SUN3	7	8.3166e-07	0.00014946133	107928	16
SVOPL	7	1.1023e-06	0.00403422634	102254	412
SYPL1	7	4.7592e-07	3.373955e-05	103703	3
TAC1	7	3.75e-07	0.0	111589	0
TAF6	7	1.9472e-06	9.724589e-05	111232	10
TAS2R16	7	0.0	0.0	108910	0
TAS2R3	7	2.2456999999999998e-07	0.002544255	112495	286
TAS2R38	7	2.3659000000000003e-07	0.0	112458	0
TAS2R39	7	2.5615e-07	7.988867e-05	111786	8
TAS2R4	7	2.1929999999999999e-07	2.637564e-05	112840	2
TAS2R40	7	3.3885e-07	0.00013267809999999999	111562	14
TAS2R41	7	5.872e-07	0.00011510723	112136	12
TAS2R5	7	3.7384e-07	3.517583e-05	112955	3
TAS2R60	7	0.0	0.0	112354	0
TAX1BP1	7	2.1078999999999998e-06	8.095732e-05	108359	8
TBL2	7	1.0336e-06	7.047658000000001e-05	110201	7
TBRG4	7	1.8715e-06	8.182625e-05	109091	8
TBX20	7	1.0859e-06	1.792541e-05	109147	1
TBXAS1	7	1.5442e-06	0.00022140007	111643	24
TECPR1	7	3.2235e-06	0.00027775176	97957	27
TES	7	1.0104e-06	0.00017401238	107186	18
TFEC	7	1.1238e-06	4.4573630000000005e-05	109054	4
TFPI2	7	4.0715000000000004e-07	3.6671420000000004e-05	106564	3
TFR2	7	1.9097e-06	0.00013212987	108370	14
THAP5	7	7.7402e-07	3.4341990000000004e-05	100448	3
THSD7A	7	5.5347000000000006e-06	0.00014762266000000002	107608	15
TMED4	7	5.911600000000001e-07	8.79275e-06	108714	0
TMEM106B	7	6.3062e-07	1.767e-05	110016	1
TMEM130	7	8.115100000000002e-07	8.883963e-05	111390	9
TMEM139	7	3.7161000000000003e-07	3.518787e-05	111334	3
TMEM140	7	1.5005999999999998e-07	0.0	110928	0
TMEM168	7	9.297399999999999e-07	4.444498e-05	110467	4
TMEM176A	7	5.6703e-07	4.3967799999999996e-05	110490	4
TMEM176B	7	5.9855e-07	7.070911e-05	110746	7
TMEM184A	7	8.4654e-07	0.00012417048	102113	12
TMEM196	7	4.8034e-07	2.6502859999999997e-05	105007	2
TMEM209	7	1.7796e-06	0.00519483017	108163	561
TMEM213	7	1.9368e-07	0.0	97485	0
TMEM229A	7	4.9929e-07	0.0	60428	0
TMEM243	7	3.1345e-07	0.00014383062	109616	15
TMEM248	7	6.4185e-07	1.764857e-05	110440	1
TMEM60	7	2.6453000000000005e-07	0.0	105932	0
TMUB1	7	3.3515e-07	2.3e-05	103119	2
TNPO3	7	3.5506e-06	0.00011688203000000001	111387	13
TNRC18	7	4.0376999999999995e-06	5.454543e-05	94780	5
TNS3	7	3.0654000000000003e-06	6.519055999999999e-05	108525	7
TOMM7	7	1.5738e-07	3.517694e-05	113158	3
TPK1	7	5.500199999999999e-07	2.6462390000000002e-05	106805	2
TPST1	7	1.0108e-06	6.176982e-05	111317	6
TRA2A	7	2.0955e-06	8.918601000000001e-05	109568	9
TRIM24	7	2.9126999999999997e-06	8.82768e-06	105480	0
TRIM4	7	1.0036e-06	0.00041559182	108613	45
TRIM50	7	1.1466e-06	0.00020005227999999998	107957	21
TRIM56	7	8.992200000000001e-07	5.499326e-05	107822	5
TRIM73	7	2.6177e-07	0.0	101786	0
TRIM74	7	3.0784000000000004e-07	7.944859e-05	95896	7
TRIP6	7	1.0754000000000001e-06	6.826334e-05	106863	7
TRPV5	7	2.1746e-06	0.00027386201	112615	30
TRPV6	7	2.0935e-06	0.00011810701999999999	111160	13
TRRAP	7	1.0614e-05	1.7628110000000002e-05	110518	1
TSC22D4	7	5.142899999999999e-07	0.0	100929	0
TSGA13	7	6.704300000000001e-07	0.00068878745	108192	74
TSPAN12	7	7.241899999999999e-07	0.0	112225	0
TSPAN13	7	8.009899999999999e-07	2.6620140000000002e-05	111090	2
TSPAN33	7	8.921799999999999e-07	9.306177e-05	111864	10
TTC26	7	2.0281e-06	9.726722e-05	110786	10
TTYH3	7	1.4306000000000001e-06	8.805449999999999e-06	99000	0
TWIST1	7	1.9265999999999998e-07	9.007710000000001e-06	105493	0
TWISTNB	7	4.936e-07	8.79786e-06	107888	0
TYW1	7	2.2276e-06	0.00030010852000000003	110785	33
TYW1B	7	1.0723999999999999e-06	0.00035293608	111585	39
UBE2D4	7	4.1296999999999997e-07	2.638383e-05	109236	2
UBE2H	7	7.426000000000001e-07	8.81026e-06	111381	0
UBE3C	7	3.1625e-06	2.644031e-05	108646	2
UBN2	7	2.2951e-06	2.673915e-05	110417	2
UFSP1	7	9.0425e-08	1.835932e-05	108192	1
UNCX	7	3.2395000000000004e-07	9.33602e-06	102114	0
UPK3B	7	6.085800000000001e-07	0.00024359751000000001	102839	25
UPK3BL	7	6.0271e-08	0.0	59811	0
UPP1	7	4.9566e-07	5.282637e-05	112594	5
URGCP	7	1.8373e-06	1.7708670000000003e-05	112400	1
URGCP-MRPS24	7	4.777899999999999e-07	9.717355e-05	111142	10
USP42	7	2.3278999999999998e-06	2.0829e-05	102699	2
VGF	7	6.8291e-07	0.0	93955	0
VIPR2	7	1.5616e-06	0.00021130452999999996	109483	23
VKORC1L1	7	2.5933000000000003e-07	0.0	106572	0
VOPP1	7	3.5928e-07	8.879730000000001e-06	99961	0
VPS37D	7	3.4109e-07	0.0	89794	0
VPS41	7	3.1204000000000002e-06	0.00048726502999999995	110383	53
VSTM2A	7	6.2786e-07	1.943781e-05	100040	1
VWC2	7	4.6476000000000004e-07	0.0	101506	0
VWDE	7	3.5224e-06	0.1158411052	60602	7020
WASL	7	1.4403e-06	8.81446e-06	104824	0
WBSCR16	7	8.085500000000001e-07	6.552487e-05	109170	7
WBSCR17	7	1.1456999999999999e-06	2.936552e-05	109945	3
WBSCR22	7	1.4904e-06	7.338269e-05	109811	8
WBSCR27	7	3.2491e-07	6.484118000000001e-05	105956	6
WBSCR28	7	6.6395e-07	0.00026117149	108350	28
WDR60	7	3.3598e-06	0.00033033611	104894	34
WDR86	7	7.8235e-07	0.00029408284	99247	29
WDR91	7	2.0642e-06	0.000160699	109438	17
WEE2	7	1.2018999999999999e-06	7.969482e-05	111097	8
WIPF3	7	9.6432e-07	8.031835e-05	103625	8
WIPI2	7	1.0944e-06	3.563597e-05	110596	3
WNT16	7	7.510300000000001e-07	2.702277e-05	110353	2
WNT2	7	9.9715e-07	4.456383e-05	110257	4
XRCC2	7	9.095999999999999e-07	0.00014125278999999998	111128	15
YAE1D1	7	6.5441e-07	9.008812e-05	110964	9
YKT6	7	7.463600000000001e-07	1.75979e-05	108348	1
YWHAG	7	6.444800000000001e-07	0.0	107276	0
ZAN	7	5.1820000000000005e-06	0.40145482028000007	105321	42281
ZBED6CL	7	1.5004e-07	0.0001591063	109845	17
ZC3HAV1	7	1.9219e-06	6.217466e-05	108909	6
ZC3HAV1L	7	4.2994999999999996e-07	5.2951130000000004e-05	112253	5
ZC3HC1	7	1.7807e-06	0.00015001929	111499	16
ZCWPW1	7	2.0288e-06	0.00022181228	110774	24
ZDHHC4	7	6.3356e-07	5.2795509999999994e-05	111149	5
ZFAND2A	7	2.1008000000000004e-07	2.9755999999999998e-05	104576	3
ZKSCAN1	7	1.3533e-06	3.519921e-05	110926	3
ZKSCAN5	7	1.8317e-06	4.415576e-05	110838	4
ZMIZ2	7	2.1635e-06	1.917366e-05	108530	2
ZNF107	7	7.0825e-08	9.32275e-05	111049	10
ZNF117	7	4.3452000000000004e-08	0.0	107697	0
ZNF12	7	1.3156e-06	6.192437e-05	106648	6
ZNF138	7	1.3675e-07	1.75852e-05	107574	1
ZNF212	7	9.315299999999999e-07	7.304001e-05	110708	8
ZNF273	7	2.4094e-07	1.805054e-05	111089	2
ZNF277	7	1.2054000000000001e-06	0.00016263718000000002	108899	17
ZNF282	7	1.3044e-06	3.694915e-05	103663	3
ZNF3	7	8.748399999999999e-07	3.533283e-05	110756	3
ZNF394	7	8.6088e-07	8.813854e-05	110385	9
ZNF398	7	1.1508e-06	1.761388e-05	111037	1
ZNF425	7	3.2065e-07	3.526883e-05	110462	3
ZNF467	7	8.259700000000001e-07	0.00031734932999999996	98623	31
ZNF479	7	3.0178e-07	7.168246999999999e-05	107926	7
ZNF655	7	8.601700000000001e-07	0.0	110672	0
ZNF679	7	3.5783e-07	1.765116e-05	108103	1
ZNF680	7	2.2164000000000002e-07	0.0	111533	0
ZNF713	7	8.000700000000001e-07	0.00025620008999999996	108287	27
ZNF716	7	3.5290999999999995e-07	7.971187e-05	108116	8
ZNF727	7	1.8465e-07	0.0198240381	81280	1611
ZNF736	7	1.9739e-07	1.849346e-05	89361	1
ZNF746	7	1.4099e-06	3.8402459999999994e-05	108423	4
ZNF775	7	9.0559e-07	4.761335e-05	94236	4
ZNF777	7	1.429e-06	0.0	109764	0
ZNF783	7	1.0568e-06	0.00014638483999999998	100858	14
ZNF786	7	1.2827e-06	0.00026126199	108839	28
ZNF789	7	8.421e-07	0.00023745522	111597	26
ZNF800	7	1.9198e-06	8.858810000000001e-06	111504	0
ZNF804B	7	2.1691e-06	0.00023897821	112202	26
ZNF853	7	1.8148e-06	1.2778599999999998e-05	79456	1
ZNF862	7	2.0157e-06	0.00025699884	107394	27
ZNF92	7	2.3003e-07	0.0001411989	110914	15
ZNHIT1	7	5.8878e-07	9.799615e-05	111490	10
ZNRF2	7	5.382e-07	0.0	106615	0
ZP3	7	7.015399999999999e-07	0.00011502293	107945	12
ZPBP	7	1.1328e-06	7.963943e-05	99330	7
ZSCAN21	7	9.4491e-07	0.00025804238	109698	28
ZSCAN25	7	1.1498e-06	8.278315000000001e-05	109741	9
ZYX	7	1.5768999999999999e-06	0.0002036002	109057	22
