SYMBOL	chromosome	mu_lof	AF_nfe	AN_nfe	NFE_k
AARD	8	1.9170000000000003e-07	9.71491e-05	105900	10
ABRA	8	8.1065e-07	3.533731e-05	112554	3
AC012215.1	8	0.0	0.0	112918	0
AC023632.1	8	0.0	0.0	109826	0
AC037459.4	8	6.515e-07	4.764323e-05	104367	4
AC090186.1	8	0.0	0.0	107203	0
AC120194.1	8	1.3973e-08	0.0	107457	0
ADAM18	8	1.6158e-06	0.00255141444	108049	275
ADAM2	8	1.7002e-06	0.00801533295	108001	865
ADAM28	8	2.0415e-06	0.00041447847	110587	45
ADAM32	8	2.1174000000000003e-06	0.00045900241999999997	103740	47
ADAM7	8	2.1489e-06	0.00030676782000000003	109840	33
ADAM9	8	2.6164e-06	5.2818330000000004e-05	110066	5
ADAMDEC1	8	1.3756e-06	0.0001859826	110583	20
ADCK5	8	1.3074000000000002e-06	4.612012e-05	103390	4
ADCY8	8	2.9216e-06	0.00025635491000000003	109235	28
ADHFE1	8	1.1574e-06	0.00011548201999999999	109314	12
ADRA1A	8	6.127300000000001e-07	0.00022482392999999997	109785	24
ADRB3	8	4.2339e-07	0.0	94312	0
AGO2	8	2.2748e-06	0.0	109602	0
AGPAT5	8	1.0494e-06	0.00010662851999999999	107604	11
AGPAT6	8	1.3464e-06	1.75852e-05	108477	1
ANGPT1	8	1.2980000000000001e-06	2.9379829999999998e-05	109993	3
ANGPT2	8	1.269e-06	3.523627e-05	111541	3
ANK1	8	5.0465e-06	0.0006030767099999999	110647	66
ANKRD46	8	6.842799999999999e-07	8.79941e-06	109322	0
ANXA13	8	1.3116999999999999e-06	0.00033583426	112680	37
AP3M2	8	1.0226e-06	8.859133e-05	112057	9
ARC	8	8.315899999999999e-07	9.30891e-06	99251	0
ARFGEF1	8	5.299199999999999e-06	4.610814e-05	108617	5
ARHGAP39	8	2.1263e-06	0.00017541525	103210	18
ARHGEF10	8	3.6902e-06	0.00038808404	110593	42
ARMC1	8	7.9589e-07	0.0	109114	0
ASAH1	8	1.2865e-06	0.00016103629	107755	17
ASAP1	8	3.1798e-06	3.545823e-05	109214	3
ASH2L	8	1.9516e-06	4.29557e-05	105532	4
ASPH	8	2.5071e-06	0.00024866767000000003	108258	26
ATAD2	8	4.8154000000000005e-06	5.314064e-05	106409	5
ATP6V0D2	8	1.0092e-06	0.0002165394	109242	23
ATP6V1B2	8	2.0934e-06	2.6420409999999996e-05	107632	2
ATP6V1C1	8	9.978399999999998e-07	8.957255999999999e-05	109749	9
ATP6V1H	8	1.5909999999999999e-06	7.099850000000001e-05	109898	7
AZIN1	8	9.0709e-07	8.81632e-06	110041	0
BAALC	8	3.2832e-07	0.0	111689	0
BAG4	8	1.0682e-06	0.00013361351	109953	14
BAI1	8	3.1170999999999998e-06	2.782241e-05	101103	2
BHLHE22	8	2.2844e-07	0.0	95006	0
BIN3	8	8.840999999999999e-07	8.037879e-05	106045	8
BLK	8	1.4527e-06	0.00021250333	109496	23
BMP1	8	2.8719999999999998e-06	8.861746999999999e-05	109707	9
BNIP3L	8	4.3215e-07	0.0	106381	0
BOP1	8	2.0254e-07	0.0	108692	0
BRF2	8	1.8981e-06	0.0002731061	108470	29
C8orf12	8	1.1526e-07	0.0	112858	0
C8orf22	8	3.2417e-07	8.85959e-06	109452	0
C8orf31	8	4.239899999999999e-07	0.00012479425	110630	13
C8orf33	8	4.9661e-07	4.400777e-05	112352	4
C8orf34	8	1.3688e-06	0.0009765571000000001	109481	106
C8orf37	8	4.2177e-07	6.316795e-05	110523	6
C8orf4	8	3.0327e-07	8.87201e-06	110824	0
C8orf44	8	1.2158e-07	1.76028e-05	111243	1
C8orf44-SGK3	8	1.5244e-06	8.131818e-05	110563	8
C8orf46	8	4.7463e-07	9.38615e-06	102817	0
C8orf47	8	6.479800000000001e-07	1.7793529999999997e-05	112132	1
C8orf48	8	2.8309000000000003e-07	4.9461899999999995e-05	60867	3
C8orf49	8	0.0	0.0	113079	0
C8orf58	8	7.903399999999999e-07	7.171422e-05	106326	7
C8orf59	8	1.3870999999999998e-07	2.8671109999999998e-05	106280	3
C8orf74	8	3.7176000000000004e-07	0.00016480964	103226	17
C8orf76	8	9.5714e-07	0.00023441836	105506	24
C8orf82	8	2.0102e-07	0.0	104032	0
C8orf86	8	3.0691999999999995e-07	8.797292e-05	109775	9
C8orf88	8	2.2871e-07	0.0	64319	0
CA1	8	7.6068e-07	7.413985e-05	109596	8
CA13	8	8.1742e-07	5.321674e-05	112160	5
CA2	8	5.2563e-07	3.518912e-05	111649	3
CA3	8	8.311399999999999e-07	5.30405e-05	109213	5
CA8	8	1.0722e-06	4.40467e-05	110497	4
CALB1	8	9.54e-07	4.450153e-05	111951	4
CCAR2	8	2.5253e-06	3.53679e-05	107294	3
CCDC25	8	8.0732e-07	1.776282e-05	110340	1
CCNE2	8	1.0329999999999999e-06	1.12047e-05	109444	1
CDCA2	8	1.415e-06	0.00015325966	110212	16
CDH17	8	1.9744e-06	0.00023709863999999998	111142	26
CEBPD	8	1.2753e-07	0.0	100646	0
CHCHD7	8	2.6372e-07	2.6384720000000003e-05	111009	2
CHD7	8	8.030599999999999e-06	2.6815290000000003e-05	105917	2
CHMP4C	8	7.492799999999999e-07	6.620725e-05	107626	7
CHMP7	8	1.2565e-06	3.520605e-05	108173	3
CHRAC1	8	1.6662e-07	1.0275799999999999e-05	102561	1
CHRNA2	8	8.5117e-07	9.812915999999999e-05	109487	10
CHRNA6	8	9.064100000000001e-07	0.00032543062	112813	36
CHRNB3	8	9.7602e-07	0.00023830935	111595	26
CLDN23	8	3.6421e-07	0.00013121787	92837	12
CLN8	8	3.8964e-07	5.27673e-05	112812	5
CLU	8	1.0066e-06	4.403044e-05	111020	4
CLVS1	8	8.0857e-07	8.807310000000002e-06	109830	0
CNBD1	8	8.931200000000001e-07	0.00013978966	98903	13
CNGB3	8	2.4591e-06	0.00041658547	112670	46
CNOT7	8	9.6497e-07	0.0	103309	0
COL14A1	8	5.5374e-06	0.00029382217000000003	110356	32
COL22A1	8	5.8621e-06	0.00063830067	107815	68
COLEC10	8	5.821100000000001e-07	4.4114390000000005e-05	111231	4
COMMD5	8	4.5086999999999996e-07	6.306424e-05	110715	6
COPS5	8	1.1506999999999998e-06	0.0	107270	0
COX6C	8	2.2083000000000003e-07	8.91822e-06	110354	0
CPA6	8	1.8707e-06	0.00046680805999999996	110549	51
CPNE3	8	1.4362000000000001e-06	0.00017880330000000002	110503	19
CPQ	8	1.0871e-06	0.00042090225	108378	45
CPSF1	8	3.6452999999999996e-06	0.00021894474999999998	103765	22
CRH	8	1.7822e-07	0.0	99911	0
CRISPLD1	8	2.0202e-06	0.00011511694	109712	12
CSGALNACT1	8	1.2262e-06	7.924128e-05	110942	8
CSMD1	8	9.2213e-06	8.906324e-05	103992	9
CSMD3	8	1.0575999999999998e-05	0.00021158615000000001	112215	23
CSPP1	8	4.2978e-06	0.00062408903	108700	67
CTHRC1	8	4.8332e-07	8.79121e-06	110572	0
CTSB	8	8.161e-07	9.691431000000001e-05	109486	10
CYC1	8	7.9113e-07	8.80065e-06	110290	0
CYHR1	8	7.367699999999999e-07	1.77368e-05	102091	1
CYP11B1	8	1.1321e-06	7.109733e-05	110113	7
CYP11B2	8	1.2798e-06	0.00014213725	111080	15
CYP7A1	8	1.0003e-06	5.2747430000000005e-05	113066	5
CYP7B1	8	1.229e-06	0.00020347223	110889	22
DCAF13	8	2.2067e-06	0.00022169517999999996	108227	23
DCAF4L2	8	0.0	0.0	112122	0
DCSTAMP	8	8.5681e-07	6.157729e-05	111903	6
DCTN6	8	6.7383e-07	2.6521140000000002e-05	109638	2
DDHD2	8	2.3641999999999997e-06	0.00012402321000000002	109027	13
DECR1	8	7.7857e-07	0.00018487076	110211	20
DEFA3	8	4.1496e-08	0.0	98758	0
DEFA4	8	8.1799e-08	0.000145666	110700	16
DEFA5	8	1.0216000000000001e-07	3.516997e-05	110235	3
DEFA6	8	9.2072e-08	0.0020616296300000002	109980	226
DEFB1	8	4.7087000000000003e-08	0.0	112138	0
DEFB104A	8	4.4637000000000005e-08	1.00687e-05	95420	0
DEFB105A	8	3.6181e-08	0.00021915400000000002	102557	22
DEFB105B	8	4.523899999999999e-09	0.0	89506	0
DEFB106A	8	1.3899e-08	1.08951e-05	101906	1
DEFB106B	8	3.2364000000000004e-08	0.0	87800	0
DEFB134	8	4.6755000000000004e-08	1.75877e-05	112839	1
DEFB135	8	4.3887e-08	0.00010020238000000001	107474	10
DEFB136	8	4.3518e-08	0.0	104891	0
DEFB4A	8	2.5067e-08	3.528268e-05	111189	3
DEFB4B	8	1.8825e-08	0.0	66845	0
DENND3	8	2.8974e-06	0.00014141603000000002	109451	15
DEPTOR	8	9.6013e-07	7.085645e-05	110535	7
DERL1	8	1.1320000000000001e-06	3.537237e-05	111304	3
DGAT1	8	1.5856000000000001e-06	0.00032307805	105408	34
DKK4	8	4.8519e-07	4.501525e-05	110729	4
DLC1	8	3.7637e-06	8.845544e-05	111578	9
DLGAP2	8	1.9916e-06	1.808188e-05	101693	1
DMTN	8	1.2421e-06	1.826445e-05	107691	1
DNAJC5B	8	4.1391999999999994e-07	0.0005856758	111018	65
DOCK5	8	5.7377999999999995e-06	0.0002521358	106434	26
DOK2	8	8.2499e-07	0.00026801532000000005	102688	27
DPY19L4	8	2.5246e-06	0.0069618369499999996	107482	748
DPYS	8	1.4402000000000002e-06	0.00064302361	113304	72
DPYSL2	8	1.3883000000000001e-06	8.94678e-06	111330	0
DSCC1	8	9.2961e-07	1.79866e-05	108503	1
DUSP26	8	8.4241e-07	4.463066e-05	109980	4
DUSP4	8	4.8169e-07	1.08542e-05	101084	1
E2F5	8	5.516700000000001e-07	0.0	104433	0
EBAG9	8	5.3239e-07	9.167250000000001e-06	106887	0
EBF2	8	1.6244999999999999e-06	1.04925e-05	108091	1
EEF1D	8	1.3784e-06	7.224645999999999e-05	99498	7
EFCAB1	8	6.738800000000001e-07	4.427915e-05	108516	4
EFR3A	8	2.5502e-06	0.00018794061999999998	103969	19
EGR3	8	4.0847e-07	0.0	109398	0
EIF3E	8	1.0987e-06	1.97204e-05	105062	2
EIF3H	8	1.0311e-06	1.763839e-05	111539	1
EIF4EBP1	8	1.2182000000000001e-07	0.0	110886	0
ELP3	8	2.1288e-06	0.00020270758	111800	22
EMC2	8	1.0554999999999999e-06	0.0013536754199999998	105300	142
ENPP2	8	2.9399e-06	7.16714e-05	109779	7
ENTPD4	8	2.8744e-06	0.00038049974000000004	111802	42
ENY2	8	2.8361e-07	0.0	111016	0
EPHX2	8	1.5683e-06	0.00040588295	110946	45
EPPK1	8	2.8982e-06	0.0009310939699999999	106212	98
ERI1	8	7.6283e-07	0.00042285105000000004	106931	45
ERICH1	8	9.146700000000001e-07	9.781939e-05	110259	10
ERLIN2	8	7.657600000000001e-07	4.400115e-05	110605	4
ESCO2	8	1.4303e-06	4.414832e-05	111890	4
ESRP1	8	2.3159e-06	2.778598e-05	108007	3
EXOSC4	8	4.9135e-07	1.949584e-05	110112	2
EXT1	8	1.6112000000000001e-06	1.764721e-05	112638	1
EXTL3	8	1.7239e-06	8.80386e-05	113362	9
EYA1	8	1.8725e-06	3.522088e-05	111532	3
FABP12	8	2.1879000000000002e-07	1.13908e-05	102550	1
FABP4	8	2.1719999999999999e-07	0.0004497484099999999	111497	50
FABP5	8	3.6839e-07	3.642423e-05	102699	3
FABP9	8	2.3725e-07	8.959969000000001e-05	108611	9
FAM110B	8	5.6214e-07	0.0	111746	0
FAM135B	8	3.4627999999999997e-06	4.419458e-05	111522	4
FAM150A	8	3.0870999999999996e-07	3.6295e-05	106449	3
FAM160B2	8	1.6409e-06	0.00012727063999999998	102258	13
FAM167A	8	2.7745e-07	4.428603e-05	110093	4
FAM203A	8	2.5515999999999996e-07	0.0	100688	0
FAM49B	8	1.1946e-06	0.0	107494	0
FAM83A	8	5.4792e-07	0.00760888916	105633	803
FAM83H	8	1.5986e-06	0.00296403669	102506	303
FAM84B	8	3.461e-07	4.734219e-05	104415	4
FAM86B1	8	4.0632e-07	0.0025374611	91836	233
FAM86B2	8	4.0632e-07	6.550073e-05	87031	5
FAM91A1	8	2.5854000000000003e-06	9.022046e-05	108486	9
FAM92A1	8	1.3265000000000001e-06	0.00014876675	108169	16
FBXL6	8	1.2142e-06	0.00028387457000000004	109826	31
FBXO16	8	1.0456e-06	0.00030879132	108931	33
FBXO25	8	1.0563e-06	2.6733090000000003e-05	108017	2
FBXO32	8	1.0905e-06	0.0	110109	0
FBXO43	8	1.0831e-06	8.06258e-05	109872	8
FDFT1	8	8.956700000000001e-07	9.825889999999999e-05	109525	10
FER1L6	8	4.9843e-06	0.0008778207300000001	111335	97
FGF17	8	4.1662e-07	0.0	107906	0
FGF20	8	2.3049e-07	0.0	105588	0
FGFR1	8	2.3393e-06	4.244436e-05	107836	4
FGL1	8	9.265700000000001e-07	0.0005433013400000001	109572	59
FNTA	8	1.2001e-06	0.0	107226	0
FOXH1	8	4.7579999999999996e-07	3.88301e-05	103150	4
FP15737	8	0.0	0.0	111377	0
FUT10	8	1.4121e-06	0.00042333135999999996	111329	47
FZD3	8	1.8105e-06	8.915436999999999e-05	110144	9
FZD6	8	1.7025e-06	0.00015850377	113027	17
GATA4	8	8.0952e-07	1.762433e-05	109540	1
GDAP1	8	1.1458e-06	8.794783000000001e-05	111504	9
GDF6	8	5.8099e-07	0.0	106932	0
GEM	8	1.3528e-06	0.00072158966	112033	80
GFRA2	8	7.271300000000001e-07	2.81902e-05	101313	2
GGH	8	6.5679e-07	0.0	106438	0
GINS4	8	6.6734e-07	0.00013220044	111920	14
GLI4	8	5.197399999999999e-07	4.056648e-05	103614	4
GML	8	1.2634e-07	2.64145e-05	112580	2
GNRH1	8	3.4154e-07	2.6630690000000005e-05	112151	2
GOLGA7	8	6.4115e-07	1.85264e-05	102296	1
GOT1L1	8	8.507700000000001e-07	9.130129999999999e-05	106644	9
GPAA1	8	1.2007e-06	7.991259e-05	110364	8
GPIHBP1	8	2.488e-07	8.93703e-06	98164	0
GPR124	8	2.5833e-06	0.00017264745999999998	108469	18
GPR20	8	2.3462e-07	0.0	102669	0
GPT	8	1.0641e-06	0.0006779908	102720	69
GRHL2	8	2.4197e-06	2.640893e-05	112089	2
GRINA	8	1.0643000000000001e-06	2.646635e-05	108806	2
GSDMC	8	1.1617e-06	0.00015863553999999997	110398	17
GSDMD	8	9.4059e-07	0.00013646909	99358	13
GSR	8	1.1398999999999999e-06	0.00010563723	112665	11
GTF2E2	8	1.255e-06	5.3383319999999996e-05	110423	5
HAS2	8	1.3435e-06	8.79523e-06	111587	0
HEY1	8	5.116399999999999e-07	8.79059e-06	104622	0
HGSNAT	8	2.1121e-06	0.0001606133	107572	17
HHLA1	8	1.1284e-06	0.0003486629	60507	21
HMBOX1	8	1.8306e-06	8.8008e-06	111210	0
HNF4G	8	9.5675e-07	2.9853990000000002e-05	111045	3
HOOK3	8	2.6997e-06	1.847315e-05	108220	1
HR	8	3.0051e-06	0.00024540143	105735	25
HRSP12	8	3.3403e-07	2.6433000000000003e-05	111469	2
HSF1	8	9.462100000000001e-07	1.7598510000000002e-05	106211	1
HTRA4	8	1.2065e-06	9.593258e-05	109250	10
IDO1	8	7.7869e-07	8.993796999999999e-05	106974	9
IDO2	8	8.64e-07	0.21159699958	100443	21253
IKBKB	8	3.1854e-06	4.5697219999999995e-05	110991	5
IL7	8	3.4814999999999995e-07	0.0	106881	0
IMPA1	8	7.9253e-07	3.802111e-05	108204	4
IMPAD1	8	5.9455e-07	5.3805839999999995e-05	110816	5
INTS10	8	1.8362e-06	0.0	108916	0
INTS8	8	3.2642e-06	9.774961999999999e-05	109640	10
INTS9	8	1.3980000000000002e-06	0.00010678756000000002	109946	11
JPH1	8	9.5731e-07	1.770336e-05	108407	1
KAT6A	8	5.704400000000001e-06	0.00033457800000000003	110081	36
KBTBD11	8	3.8805e-07	0.0	78067	0
KCNB2	8	1.8387999999999999e-06	9.05961e-06	112291	1
KCNK9	8	4.1966e-07	0.0	111376	0
KCNQ3	8	2.5138999999999998e-06	1.8379089999999998e-05	109284	2
KCNS2	8	5.1788e-07	1.759371e-05	111284	1
KCNU1	8	2.9143e-06	0.00171839146	106624	183
KCNV1	8	7.697499999999999e-07	8.9125e-06	106875	0
KCTD9	8	1.6435e-06	5.308521e-05	109916	5
KHDRBS3	8	9.3095e-07	8.798789999999999e-06	108507	0
KIAA0196	8	3.7152e-06	0.00037938633000000004	111650	42
KIAA1429	8	4.4798e-06	0.00011628204	108827	12
KIAA1456	8	2.8769e-07	4.4997079999999995e-05	110236	4
KIAA1875	8	3.5136e-06	0.0	105667	0
KIF13B	8	5.4246000000000005e-06	0.00023791678	103149	24
KIFC2	8	2.1171e-06	0.00010743268999999998	104160	11
KLF10	8	6.6158e-07	1.75799e-05	107880	1
KLHL38	8	8.3206e-07	0.0003632462	111530	40
KM-PA-2	8	1.0614000000000001e-07	0.0	63656	0
LACTB2	8	7.5631e-07	8.019325e-05	103108	8
LAPTM4B	8	6.636e-07	0.00029341631	102983	30
LEPROTL1	8	1.7526e-07	0.0	77378	0
LETM2	8	1.3569999999999999e-06	0.00044971419000000004	111471	50
LGI3	8	1.3315e-06	7.047654e-05	110771	7
LONRF1	8	1.6531e-06	5.3859630000000004e-05	107873	5
LOXL2	8	2.0862e-06	0.00014968042	107130	16
LPL	8	1.0774e-06	0.10147354725999999	111746	11339
LRP12	8	2.0505e-06	1.7614010000000002e-05	108675	1
LRRC14	8	7.7424e-07	3.566673e-05	103507	3
LRRC24	8	7.5745e-07	3.057936e-05	103641	3
LRRC6	8	1.3537999999999999e-06	0.00014083358	109787	15
LRRC69	8	5.566300000000001e-07	0.0	60989	0
LRRCC1	8	2.6177e-06	0.00026369233	104564	27
LSM1	8	4.5283999999999997e-07	8.793369999999999e-06	108658	0
LY6D	8	8.752200000000001e-08	0.000150653	108894	16
LY6E	8	2.6247e-07	1.76476e-05	111768	1
LY6H	8	4.3641999999999993e-07	0.0	105768	0
LY6K	8	2.6510999999999997e-07	8.81042e-06	102678	0
LY96	8	4.5016000000000006e-07	3.5453540000000005e-05	110708	3
LYN	8	1.3853e-06	0.0	112270	0
LYNX1	8	3.3216000000000003e-07	4.231042e-05	101830	4
LYPD2	8	1.456e-07	0.0	101458	0
LYPLA1	8	7.0828e-07	5.3170119999999996e-05	109609	5
LZTS1	8	7.9932e-07	9.28195e-06	108972	1
MAF1	8	6.74e-07	0.0	106648	0
MAFA	8	2.2308000000000004e-07	4.180322e-05	96314	4
MAK16	8	1.4988e-06	2.6397459999999996e-05	112171	2
MAL2	8	2.4119e-07	8.84862e-06	106116	0
MAPK15	8	1.5678e-06	0.0005413443	103834	56
MATN2	8	2.2906e-06	0.00025223164	107902	27
MBOAT4	8	1.0041e-06	0.0002316937	60311	13
MCM4	8	1.996e-06	0.00015184244	108770	16
MCMDC2	8	1.3733e-06	0.00031567837000000005	107667	33
MCPH1	8	1.7804e-06	0.00080545574	111876	90
MED30	8	5.6387e-07	1.78434e-05	103619	1
MFHAS1	8	2.0185e-06	0.00012394328000000002	108874	13
MFSD3	8	4.932899999999999e-07	0.00012632762	104221	13
MICU3	8	1.2061e-06	0.00016618319	103459	17
MMP16	8	1.5928e-06	4.532809e-05	107974	4
MOS	8	3.4637e-07	8.80173e-06	108926	0
MROH1	8	1.2777e-06	1.778459e-05	104781	1
MROH5	8	1.6139e-07	1.776941e-05	107629	1
MROH6	8	1.4266999999999998e-06	0.00022427487999999998	99867	22
MRPL13	8	6.9462e-07	8.758934999999999e-05	105602	9
MRPL15	8	6.988500000000001e-07	6.202222e-05	111550	6
MRPS28	8	2.0989e-07	0.0001107849	107783	11
MSC	8	2.3397e-07	0.0	98563	0
MSR1	8	1.0534e-06	0.010845642800000001	111405	1208
MSRA	8	6.2632e-07	8.296844000000001e-05	105738	8
MTBP	8	2.4116e-06	0.00027911659	108367	30
MTDH	8	1.4593000000000002e-06	3.5711490000000005e-05	105201	3
MTERFD1	8	7.914e-07	8.922326999999999e-05	109253	9
MTFR1	8	9.7573e-07	6.481097e-05	109008	7
MTMR7	8	2.1338e-06	0.0002560387	112469	28
MTMR9	8	1.8422e-06	5.3073760000000004e-05	110919	5
MTSS1	8	1.9813999999999998e-06	3.371774e-05	106816	3
MTUS1	8	2.5898e-06	0.00219895169	110945	243
MYBL1	8	1.8934e-06	0.0	99546	0
MYC	8	1.1582e-06	0.0	109059	0
MYOM2	8	5.0987e-06	0.0023966238	112018	268
NAPRT1	8	1.4994999999999998e-06	0.0005867135400000001	102924	60
NAT1	8	6.965300000000001e-07	0.0036862682899999996	110960	409
NAT2	8	3.7708e-07	4.414112e-05	110370	4
NBN	8	1.9443e-06	0.00017650283	111083	19
NCALD	8	3.0326000000000003e-07	0.0	108900	0
NCOA2	8	3.1736e-06	8.848150000000001e-06	108381	0
NDRG1	8	1.2708e-06	8.793916e-05	109655	9
NDUFAF6	8	9.8302e-07	0.0002389704	111870	26
NDUFB9	8	8.631700000000001e-07	0.00015125068	111320	16
NECAB1	8	1.1531e-06	1.82773e-05	91797	1
NEFM	8	1.4372e-06	3.608554e-05	105314	3
NEIL2	8	6.2323e-07	0.00018615046000000003	111147	20
NIPAL2	8	8.573999999999999e-07	0.49640512639	110152	54680
NKAIN3	8	5.532e-07	1.7829360000000003e-05	103407	1
NKX2-6	8	4.0843e-07	3.9295500000000003e-05	64232	2
NKX3-1	8	5.3496e-07	4.8795489999999997e-05	104554	5
NKX6-3	8	2.0084e-07	8.92507e-06	94303	0
NOV	8	6.2715e-07	3.542663e-05	109583	3
NPBWR1	8	2.7905e-07	0.0003235685	105326	34
NPM2	8	5.8978e-07	7.115906999999999e-05	107485	7
NRBP2	8	1.5701e-06	7.967897e-05	97433	7
NRG1	8	1.5375e-06	8.83986e-06	110254	0
NSMAF	8	2.4811000000000003e-06	0.00027111883	110512	29
NSMCE2	8	4.4453999999999993e-07	5.277709e-05	111891	5
NUDCD1	8	1.6255000000000001e-06	0.00019900696	108167	21
NUDT18	8	5.7668e-07	8.508405999999999e-05	101634	8
NUGGC	8	2.047e-06	0.00039958344	102455	40
OC90	8	1.0756e-06	0.00026397888999999997	103777	27
OC90	8	1.0756e-06	0.00026397888999999997	103777	27
ODF1	8	7.7907e-07	0.0	109939	0
OPLAH	8	2.7237e-06	0.00045728177000000004	100623	46
OPRK1	8	5.5673e-07	0.00059027597	108073	63
OSGIN2	8	1.6205000000000002e-06	5.3779209999999996e-05	110288	5
OSR2	8	4.5868000000000003e-07	8.858339999999999e-06	106094	0
OTUD6B	8	6.906e-07	0.00010188071	97311	9
OXR1	8	2.6602e-06	2.6476459999999997e-05	105518	2
PABPC1	8	1.9029e-06	0.04538398418	105820	4802
PAG1	8	8.1476e-07	3.51723e-05	111982	3
PARP10	8	1.9403e-06	0.00017397263	106093	18
PBK	8	7.8953e-07	0.00024720246	108775	26
PCM1	8	4.755e-06	0.0033483454800000002	102013	341
PCMTD1	8	9.363600000000001e-07	2.648602e-05	107625	2
PDE7A	8	1.3093000000000001e-06	4.433289000000001e-05	107527	4
PDGFRL	8	7.005800000000001e-07	0.00068685928	110809	76
PDLIM2	8	1.0251000000000001e-06	4.5916570000000005e-05	104041	4
PDP1	8	1.1051e-06	2.63732e-05	108825	2
PEBP4	8	5.7393e-07	3.532133e-05	111481	3
PENK	8	6.2459e-07	0.00014159359	109305	15
PEX2	8	6.335000000000001e-07	7.917874e-05	113470	8
PHF20L1	8	3.0957999999999997e-06	1.851119e-05	109172	2
PHYHIP	8	4.6025e-07	0.0	106240	0
PI15	8	6.4843e-07	5.2776990000000006e-05	112596	5
PINX1	8	4.5776000000000004e-07	0.00014291396	105886	15
PIWIL2	8	2.7502999999999997e-06	0.0001411693	111165	15
PKHD1L1	8	9.5942e-06	0.06420630886	104762	6726
PKIA	8	7.8554e-08	8.883680000000001e-06	110418	0
PLAG1	8	9.126100000000001e-07	0.0	111735	0
PLAT	8	1.5413e-06	3.563101e-05	110520	3
PLEC	8	8.8107e-06	0.00023717727000000001	102792	24
PLEKHA2	8	1.2595e-06	3.318735e-05	108723	3
PLEKHF2	8	3.8005e-07	0.0	111558	0
PMP2	8	3.9308e-07	0.0	111019	0
PNMA2	8	6.2203e-07	9.0629e-06	109079	0
PNOC	8	5.2465e-07	8.811189999999999e-06	108632	0
POLB	8	1.1024e-06	7.120138000000001e-05	111310	7
POLR2K	8	1.4807e-07	3.607209e-05	109041	3
POLR3D	8	1.5487999999999999e-06	7.923866e-05	112822	8
POMK	8	7.5875e-07	0.00022907543999999997	112838	25
POP1	8	3.0007e-06	0.00060774262	112624	68
POU5F1B	8	1.9501999999999998e-07	0.0004965895099999999	102796	51
PPAPDC1B	8	5.058399999999999e-07	5.7838469999999996e-05	101989	5
PPP1R16A	8	1.2573e-06	5.4537700000000005e-05	101036	5
PPP1R3B	8	4.074e-07	1.77342e-05	113000	2
PPP1R42	8	5.4519e-07	0.00231009899	105980	244
PPP2CB	8	9.093e-07	1.773201e-05	105701	1
PPP2R2A	8	1.4602e-06	8.85003e-06	107737	0
PPP3CC	8	1.5722e-06	7.969018e-05	108716	8
PRDM14	8	1.1101e-06	0.0	106180	0
PREX2	8	4.0292e-06	0.00023982147	109164	26
PRKDC	8	1.0297e-05	8.851439999999999e-06	104330	0
PROSC	8	8.2595e-07	5.275154000000001e-05	108818	5
PRSS55	8	4.4253e-07	0.00024049287999999998	110104	26
PSCA	8	9.8463e-08	0.0	87919	0
PSD3	8	2.3263e-06	8.84611e-06	110617	0
PSKH2	8	5.3303e-07	0.00016005476999999998	108318	17
PTDSS1	8	1.6638999999999999e-06	2.6420700000000003e-05	110126	2
PTK2	8	3.7603e-06	1.761929e-05	107626	1
PTK2B	8	3.5329e-06	8.836653e-05	110878	9
PTP4A3	8	2.9287e-07	1.778811e-05	105231	1
PUF60	8	1.1817e-06	4.92913e-05	104026	5
PURG	8	5.3662e-07	0.0	106749	0
PXDNL	8	3.7657e-06	0.016375076159999998	106361	1741
PYCRL	8	5.2853e-07	6.339883000000001e-05	99698	6
R3HCC1	8	4.1222e-07	0.0	82944	0
RAB11FIP1	8	1.8965e-06	0.00013214891	110252	14
RAB2A	8	7.387e-07	0.0	106812	0
RAD21	8	1.4099e-06	0.0	108049	0
RAD54B	8	2.1669999999999998e-06	0.00035524166	108235	38
RALYL	8	6.9387e-07	3.546804e-05	101879	3
RB1CC1	8	4.044e-06	2.64221e-05	108288	2
RBM12B	8	2.2401e-06	0.00011491041000000001	109970	12
RBM12B-AS1	8	7.1062e-08	0.0	112011	0
RBPMS	8	5.6741e-07	0.0	110210	0
RDH10	8	6.312699999999999e-07	0.0	110965	0
RECQL4	8	2.7331e-06	0.00076474664	103770	79
REEP4	8	6.8322e-07	1.7821199999999998e-05	105260	1
REXO1L1P	8	0.0	0.0	82156	0
RGS20	8	7.8525e-07	5.374276e-05	103138	5
RGS22	8	3.51e-06	0.00029840727000000005	108303	32
RHOBTB2	8	2.1613999999999998e-06	4.439585e-05	108357	4
RHPN1	8	1.3829e-06	0.0002512593	94598	23
RIMS2	8	5.2006e-06	4.458312e-05	107468	4
RIPK2	8	1.3832e-06	2.740466e-05	104438	2
RMDN1	8	8.1485e-07	0.00018622156000000002	106320	19
RNF122	8	5.0747e-07	2.664182e-05	109201	2
RNF139	8	1.4721e-06	2.6703200000000002e-05	111254	2
RNF170	8	8.484399999999999e-07	2.641932e-05	110022	2
RNF19A	8	2.2614e-06	9.707238000000001e-05	110836	10
RP1	8	2.9529e-06	0.00028264518	113083	31
RP11-127H5.1	8	1.6416e-07	0.0	98586	0
RP11-219B4.5	8	4.542e-08	0.0	111794	0
RP11-219B4.6	8	1.3901e-07	0.0	113038	0
RP11-297N6.4	8	4.1567e-08	0.0	95652	0
RP11-382J12.1	8	0.0	0.0	104162	0
RP11-383H13.1	8	4.1598999999999996e-07	0.0	108339	0
RP11-422N16.3	8	5.2226999999999995e-08	0.0	98495	0
RP11-598P20.5	8	8.8352e-07	1.79478e-05	106310	1
RP11-863K10.7	8	0.0	0.0	113695	0
RP1L1	8	3.8116e-07	0.0004294113	110378	47
RPL30	8	2.5831e-07	0.0	107832	0
RPL7	8	1.1851e-06	0.0	110610	0
RPL8	8	5.970799999999999e-07	0.0	109683	0
RPS20	8	4.9037e-07	2.562015e-05	101310	2
RRM2B	8	1.0622e-06	9.701696e-05	110683	10
RRS1	8	4.6412e-07	8.937989999999999e-06	106025	0
RSPO2	8	8.3289e-07	8.9222e-06	109044	0
RUNX1T1	8	1.5678999999999998e-06	9.003330000000001e-06	110452	0
SAMD12	8	6.941e-07	3.531149e-05	109343	3
SBSPON	8	8.1149e-07	0.00010711315	107535	11
SCARA3	8	1.1795e-06	7.089918e-05	109635	7
SCARA5	8	1.0443000000000001e-06	6.258142e-05	102169	6
SCRIB	8	3.3347000000000004e-06	7.438819e-05	101537	7
SCRT1	8	3.0751e-07	9.013229999999999e-06	100222	0
SDC2	8	4.6093999999999994e-07	1.773797e-05	107027	1
SDCBP	8	5.3479e-07	4.7816190000000004e-05	110575	5
SDR16C5	8	5.0058e-07	0.0	111106	0
SFRP1	8	4.3951e-07	0.0	107223	0
SFTPC	8	5.403999999999999e-07	2.6495409999999998e-05	107956	2
SGCZ	8	1.2264e-06	0.00017241444999999998	107722	18
SGK223	8	2.1644999999999998e-06	0.0008472264	107894	91
SGK3	8	1.5244e-06	8.131818e-05	109348	8
SH2D4A	8	1.9761e-06	0.00210861185	110110	232
SHARPIN	8	8.1697e-07	5.4971909999999995e-05	108629	5
SLA	8	1.0265e-06	0.0	104702	0
SLC10A5	8	3.5896000000000003e-07	2.645289e-05	111356	2
SLC18A1	8	1.2362000000000001e-06	0.00019741607	108663	21
SLC20A2	8	1.5349000000000001e-06	1.7692939999999997e-05	109967	1
SLC25A32	8	7.8256e-07	0.00016109231	109593	17
SLC25A37	8	6.1074e-07	1.79961e-05	106637	1
SLC26A7	8	1.7791999999999998e-06	0.00011573431000000001	109621	12
SLC30A8	8	7.8917e-07	0.00032099917	111655	35
SLC35G5	8	0.0	0.0	112152	0
SLC39A14	8	8.0902e-07	2.6586940000000004e-05	108486	2
SLC39A4	8	1.053e-06	0.00013501706	101784	13
SLC45A4	8	1.1836e-06	3.5301999999999995e-05	109311	3
SLC52A2	8	5.2752e-07	5.326985e-05	109826	5
SLC7A13	8	7.9441e-07	0.0004944383200000001	108487	53
SLC7A2	8	1.3997e-06	0.00012501865	110891	13
SLCO5A1	8	1.5948e-06	0.00013268792	111398	14
SLURP1	8	1.5206e-07	0.0	109007	0
SMIM18	8	9.819200000000001e-08	0.0	109316	0
SMIM19	8	1.8550999999999997e-07	8.7974e-06	109473	0
SNAI2	8	4.5681999999999993e-07	0.0	112952	0
SNTB1	8	1.3103e-06	7.044119000000001e-05	107288	7
SNTG1	8	1.5463e-06	2.925027e-05	109324	3
SNX16	8	6.878699999999999e-07	8.907434e-05	107407	9
SNX31	8	1.4148e-06	0.00044198180999999994	110260	48
SORBS3	8	2.3227000000000002e-06	0.0001585419	108757	17
SOX17	8	5.003e-07	0.0	96796	0
SOX7	8	4.3308e-07	0.00013398124	105972	14
SOX7	8	6.9747e-07	0.00013398124	105972	14
SPAG1	8	1.8428e-06	0.00031061166	107078	33
SPAG11A	8	1.1437999999999998e-07	9.94016e-06	100287	0
SPAG11B	8	9.17e-08	0.0	104367	0
SPATC1	8	1.2109000000000001e-06	0.00026163511	100855	26
SPIDR	8	1.9085e-06	0.00020385580000000002	108341	22
SQLE	8	1.2645000000000001e-06	2.5994829999999996e-05	103691	2
ST18	8	2.8105e-06	4.4181890000000004e-05	111978	4
ST3GAL1	8	8.279799999999999e-07	1.773403e-05	110845	1
STAR	8	7.0924e-07	7.059974e-05	110566	7
STAU2	8	1.5625e-06	3.52792e-05	108897	3
STC1	8	7.503100000000001e-07	2.6558609999999997e-05	111718	2
STK3	8	1.2595e-06	0.00018217306	103404	18
STMN2	8	6.451000000000001e-07	0.0	111200	0
STMN4	8	7.216199999999999e-07	0.0	110727	0
SULF1	8	2.8012e-06	6.29304e-05	111088	6
SYBU	8	1.5408000000000001e-06	8.096996e-05	107463	8
TACC1	8	1.9207e-06	8.920870000000001e-05	110670	9
TAF2	8	2.9312999999999998e-06	7.047373000000001e-05	111685	7
TATDN1	8	9.752e-07	8.045843000000001e-05	110602	8
TBC1D31	8	3.3445e-06	0.18787059937	108990	20476
TCEA1	8	8.0727e-07	8.891260000000001e-06	100694	0
TCEB1	8	1.8656e-07	0.0	101216	0
TDRP	8	5.7802e-07	7.19435e-05	107081	7
TERF1	8	9.705e-07	2.774769e-05	103571	2
TEX15	8	4.1642e-06	0.000911768	112236	102
TG	8	8.167e-06	0.00149111921	111127	165
TGS1	8	1.6934e-06	0.00015997112	111176	17
THAP1	8	5.6017e-07	9.001060000000002e-06	112184	1
THEM6	8	1.3462999999999998e-07	0.0	96120	0
TIGD5	8	7.2096e-07	5.8909340000000005e-05	88053	5
TM2D2	8	6.004399999999999e-07	3.640735e-05	106707	3
TMEM249	8	3.922e-07	0.0	108833	0
TMEM55A	8	1.0867000000000001e-06	6.24886e-05	110232	6
TMEM64	8	5.028e-07	1.78473e-05	100278	1
TMEM65	8	3.9188000000000004e-07	0.0	103868	0
TMEM66	8	6.6648e-07	0.00222212176	110349	245
TMEM67	8	3.1552e-06	0.00074819627	111246	83
TMEM68	8	5.0768e-07	3.5201459999999996e-05	108770	3
TMEM70	8	6.482300000000001e-07	0.00012334181	105028	12
TMEM71	8	8.8321e-07	0.00014138429	110618	15
TMEM74	8	3.9997e-07	5.294607e-05	112385	5
TNFRSF10A	8	9.320200000000002e-07	0.00158029765	108670	171
TNFRSF10B	8	8.951999999999999e-07	0.0005981101	108165	64
TNFRSF10C	8	3.0844000000000003e-07	4.397778e-05	107082	4
TNFRSF10D	8	8.9325e-07	6.180857e-05	111279	6
TNFRSF11B	8	9.9398e-07	2.640164e-05	110133	2
TNKS	8	3.0741000000000003e-06	0.00011639253999999999	109022	12
TONSL	8	3.0724e-06	0.00044651837	104080	46
TOP1MT	8	1.9741999999999997e-06	0.0010830213499999999	109335	118
TOX	8	1.1098e-06	0.0	110213	0
TP53INP1	8	3.5978e-07	0.00012374889	110552	13
TPD52	8	6.1905e-07	2.654188e-05	110047	2
TRAM1	8	1.1431000000000001e-06	2.87399e-05	107045	3
TRAPPC9	8	3.1835e-06	0.00031569707000000003	106762	33
TRHR	8	6.2526e-07	7.048068e-05	113010	7
TRIB1	8	6.2619e-07	8.79028e-06	112041	0
TRIM35	8	1.1357e-06	6.18814e-05	108472	6
TRIM55	8	1.4068e-06	0.00016736729	109462	18
TRMT12	8	8.7354e-07	1.7668470000000003e-05	112797	1
TRPA1	8	3.0445e-06	0.0009830254400000002	111360	109
TRPS1	8	2.3412e-06	8.97553e-06	112228	1
TSNARE1	8	1.3782e-06	0.00039247690000000004	108027	42
TSPYL5	8	5.927000000000001e-07	8.94903e-06	106589	0
TSTA3	8	9.517499999999999e-07	8.900232e-05	107382	9
TTI2	8	9.473100000000001e-07	8.814674999999999e-05	110106	9
TTPA	8	5.2547e-07	6.166551e-05	111166	6
TUSC3	8	1.1302e-06	0.0001857469	109118	20
UBE2V2	8	2.6031e-07	3.068849e-05	92960	2
UBE2W	8	7.863800000000001e-07	8.87091e-06	96373	0
UBR5	8	1.0087e-05	3.5280170000000006e-05	110188	3
UBXN2B	8	5.6134e-07	2.7158459999999995e-05	107361	2
UNC5D	8	1.9677000000000002e-06	3.5321859999999995e-05	109949	3
UQCRB	8	5.1076e-07	6.163316e-05	108603	6
USP17L2	8	0.0	0.0	103414	0
UTP23	8	4.2523999999999996e-07	9.033260000000001e-06	107908	0
VCPIP1	8	2.3659e-06	0.0	111731	0
VDAC3	8	7.148e-07	0.0	111672	0
VPS13B	8	9.9391e-06	0.00096371849	111785	107
VPS28	8	7.0232e-07	5.668135999999999e-05	104354	5
VPS37A	8	1.0151e-06	1.7771459999999998e-05	107636	1
WDYHV1	8	5.7739e-07	0.00015903106000000002	109900	17
WHSC1L1	8	3.9815e-06	3.5455770000000005e-05	108830	3
WISP1	8	1.023e-06	9.08897e-05	109105	9
WRN	8	4.2554e-06	0.0006273480400000001	111166	69
WWP1	8	2.9399e-06	6.196212e-05	110061	6
XKR4	8	1.4527e-06	0.0	109225	0
XKR6	8	1.6471e-06	8.80437e-06	106012	0
XKR9	8	5.5244e-07	0.00011476749	107716	12
XPO7	8	3.6532e-06	9.41939e-06	107996	1
YTHDF3	8	9.193299999999999e-07	0.0	104787	0
YWHAZ	8	6.457600000000001e-07	8.84142e-06	108697	0
ZBTB10	8	1.7359e-06	9.445189999999998e-06	100155	0
ZC2HC1A	8	8.995700000000001e-07	5.6064269999999996e-05	103878	5
ZC3H3	8	1.5155000000000001e-06	0.21939187584000003	106686	23406
ZDHHC2	8	1.27e-06	8.240053e-05	102847	8
ZFAND1	8	9.208700000000001e-07	0.00056022677	105416	59
ZFAT	8	2.4305000000000003e-06	0.00016334795	107394	17
ZFHX4	8	5.9589e-06	4.594822e-05	107824	4
ZFP41	8	2.0660999999999997e-07	4.408323e-05	106530	4
ZFP41	8	2.0660999999999997e-07	4.408323e-05	106530	4
ZFPM2	8	2.4455e-06	0.0	109119	0
ZHX1	8	1.3543e-06	1.7649220000000002e-05	112646	1
ZHX1-C8ORF76	8	8.077199999999999e-07	0.00013457736	109691	14
ZHX2	8	1.5468000000000002e-06	8.85771e-06	112480	0
ZMAT4	8	6.6968e-07	2.6602209999999995e-05	105809	2
ZNF16	8	1.4919e-06	0.00016819926	109681	18
ZNF250	8	9.7214e-07	1.7646800000000002e-05	107495	1
ZNF251	8	1.235e-06	9.967786000000001e-05	105654	10
ZNF34	8	1.1747e-06	3.4304140000000005e-05	107488	3
ZNF395	8	1.444e-06	1.803268e-05	106168	1
ZNF517	8	4.2035e-07	0.0	99671	0
ZNF572	8	6.9412e-07	1.7622079999999997e-05	112322	1
ZNF596	8	1.0897e-06	0.00042528273000000004	110737	47
ZNF623	8	6.854e-07	0.00010563573999999998	112110	11
ZNF696	8	2.9974e-07	0.0	95963	0
ZNF7	8	1.2156999999999999e-06	0.00012336238000000002	112172	13
ZNF703	8	3.7741999999999995e-07	0.0	81553	0
ZNF704	8	1.1859e-06	0.0	110422	0
ZNF705B	8	1.8231999999999998e-07	8.27472e-05	60763	5
ZNF705D	8	0.0	0.0	67400	0
ZNF705G	8	2.7948e-07	8.057892e-05	112117	9
ZNF706	8	1.6791e-07	0.0	110429	0
ZNF707	8	4.5508999999999993e-07	0.00025141139999999997	104043	26
