SYMBOL	chromosome	mu_lof	AF_nfe	AN_nfe	NFE_k
AAED1	9	3.6556999999999996e-07	0.00042999957000000003	103055	44
ABCA1	9	6.3166e-06	0.0002377696	112021	26
ABCA2	9	5.4944e-06	6.376508e-05	102417	6
ABHD17B	9	6.5065e-07	8.93943e-06	108836	0
ABL1	9	2.4565e-06	0.0	110076	0
ACER2	9	7.329600000000001e-07	2.6374859999999998e-05	109732	2
ACO1	9	3.0031e-06	0.000397237	110940	44
ACTL7A	9	7.5047e-07	5.279536999999999e-05	112567	5
ACTL7B	9	4.2162e-07	5.501813e-05	106480	5
ADAMTS13	9	3.3289e-06	0.00017575881000000002	106845	18
ADAMTSL1	9	4.5578e-06	0.00016199043	106983	17
ADAMTSL2	9	1.023e-06	5.093951e-05	101202	5
AGPAT2	9	6.9017e-07	0.00013796059	101607	14
AGTPBP1	9	3.4842e-06	9.805816999999999e-05	106497	10
AIF1L	9	5.2028e-07	6.321095e-05	102080	6
AK1	9	5.072100000000001e-07	0.00071080298	104588	74
AK3	9	4.8357e-07	6.62842e-05	107815	7
AK8	9	9.979799999999999e-07	0.00014115416	101133	14
AKAP2	9	2.4738999999999997e-06	0.00011734741000000001	109646	12
AKNA	9	3.1873000000000004e-06	0.00018358001000000002	106764	19
AL161450.1	9	4.7158e-09	0.0	107513	0
AL161784.1	9	4.5067e-08	9.110460000000001e-06	112442	1
AL162424.1	9	0.0	0.0	112036	0
AL358113.1	9	0.0	0.0	109860	0
AL590708.2	9	3.6912e-08	0.0	110031	0
AL807752.1	9	0.0	0.0	103017	0
ALAD	9	1.1368e-06	5.3525950000000005e-05	111674	5
ALDH1A1	9	1.3034e-06	1.7836220000000002e-05	110353	1
ALDH1B1	9	7.2485e-07	0.00201299566	112635	226
ALDOB	9	9.587200000000002e-07	0.00014978719	112971	16
ALG2	9	6.2335e-07	1.8669e-05	104887	1
AMBP	9	1.1193e-06	8.845093e-05	110988	9
ANAPC2	9	1.7172e-06	8.80328e-06	107168	0
ANGPTL2	9	1.2013e-06	8.838506999999999e-05	111135	9
ANKRD18A	9	1.755e-06	0.0001014974	77637	7
ANKRD18B	9	1.9191e-06	0.000265605	89914	23
ANKRD20A1	9	3.4809e-07	0.0034710369299999996	104626	363
ANKRD20A2	9	7.843e-08	0.0	91158	0
ANKRD20A3	9	1.0169e-07	0.0	93737	0
ANKRD20A4	9	4.2078999999999995e-07	0.00023165352999999998	80130	18
ANKS6	9	1.6829e-06	0.00011502280000000001	107112	12
ANP32B	9	8.421700000000001e-07	0.0	95197	0
ANXA1	9	1.0679e-06	0.00029194297000000003	109812	32
APBA1	9	1.8215e-06	8.238193000000001e-05	107244	8
APTX	9	1.1284e-06	0.00038119205	109257	41
AQP3	9	8.0235e-07	1.845746e-05	103787	1
AQP7	9	5.634300000000001e-07	0.01742659468	107403	1871
ARHGEF39	9	1.0821e-06	0.0002708346	107357	29
ARID3C	9	7.452500000000001e-07	0.00016492712	101029	16
ARPC5L	9	3.6366e-07	8.81554e-06	110255	0
ARRDC1	9	6.4672e-07	5.321812e-05	108018	5
ASB6	9	6.5825e-07	3.7088920000000005e-05	108620	4
ASPN	9	1.0756e-06	8.942385e-05	109035	9
ASS1	9	1.4609999999999999e-06	0.00010571875	112081	11
ASTN2	9	2.9143e-06	4.4138900000000005e-05	110696	4
ATP6V1G1	9	2.1008000000000004e-07	2.8003699999999998e-05	85148	2
AUH	9	1.0676e-06	8.327635e-05	109094	9
B4GALT1	9	7.309399999999999e-07	7.060526e-05	106749	7
BAAT	9	8.2273e-07	3.525897e-05	112626	3
BAG1	9	6.198300000000001e-07	4.424744000000001e-05	109541	4
BARHL1	9	4.2931999999999993e-07	0.0	107872	0
BARX1	9	2.9416e-07	8.8008e-06	102864	0
BICD2	9	1.3745e-06	1.936358e-05	108652	2
BNC2	9	2.4234999999999998e-06	1.760409e-05	111567	1
BRD3	9	1.3183000000000002e-06	3.617574e-05	104413	3
BRINP1	9	1.6259e-06	1.759186e-05	111883	1
BSPRY	9	7.131600000000001e-07	9.022899999999999e-05	107885	9
BX255923.1	9	0.0	0.0	111626	0
C5	9	5.1826999999999995e-06	0.00033868625	111344	37
C8G	9	8.234899999999999e-07	0.00039024541	99769	38
C9orf114	9	1.3865e-06	0.00012763273	104409	13
C9orf116	9	1.7558e-07	5.3748640000000005e-05	108507	5
C9orf117	9	1.1623e-06	0.00036901907	106555	39
C9orf129	9	1.9427e-07	8.997660000000001e-06	107204	0
C9orf131	9	1.3175999999999999e-06	0.00016725807	112241	18
C9orf135	9	6.451899999999999e-07	0.00027381517999999994	109320	29
C9orf139	9	6.6825e-08	1.82155e-05	99069	1
C9orf142	9	5.1105e-07	0.00024316963	101847	24
C9orf152	9	4.5396e-07	0.000326567	107551	35
C9orf153	9	1.3637e-07	0.0	106577	0
C9orf156	9	8.6609e-07	0.0006919915299999999	107263	74
C9orf16	9	6.3761e-08	9.252230000000001e-06	93874	0
C9orf163	9	0.0	0.0	103317	0
C9orf169	9	1.5056e-07	0.0	93396	0
C9orf170	9	1.934e-07	3.080754e-05	106174	3
C9orf171	9	7.269199999999999e-07	8.108105e-05	108916	8
C9orf172	9	1.2523e-06	2.27552e-05	102461	2
C9orf173	9	8.0236e-07	0.00011136403999999999	103203	11
C9orf24	9	8.236200000000001e-07	8.167952e-05	107868	8
C9orf3	9	2.0921000000000003e-06	0.0005490144	108779	59
C9orf37	9	0.0	0.0	108018	0
C9orf38	9	0.0	0.0	92582	0
C9orf40	9	1.7587e-07	8.85191e-06	99283	0
C9orf41	9	1.0959e-06	3.527473e-05	105483	3
C9orf43	9	1.5036e-06	0.08923899158	110772	9885
C9orf47	9	2.6093000000000005e-07	4.407972e-05	105035	4
C9orf50	9	7.298000000000001e-07	8.925322e-05	109862	9
C9orf53	9	0.0	0.0	105773	0
C9orf57	9	2.5995e-07	8.14624e-05	60725	4
C9orf64	9	8.054899999999999e-07	0.00011571851	109417	12
C9orf66	9	8.214100000000001e-08	2.2152800000000002e-05	96922	2
C9orf69	9	1.1936e-07	0.0	103814	0
C9orf72	9	1.0995e-06	7.989044e-05	108751	8
C9orf78	9	8.9976e-07	0.00010573649	108725	11
C9orf84	9	3.0397000000000003e-06	0.0009798299900000002	107723	105
C9orf85	9	4.0772e-07	1.765616e-05	108480	1
C9orf89	9	7.409300000000001e-07	0.00038576470999999996	100776	38
C9orf9	9	4.3289999999999997e-07	0.00026907779	104462	28
C9orf91	9	8.1145e-07	7.380501e-05	106831	7
C9orf96	9	1.5631000000000001e-06	0.00062191368	109573	68
CA9	9	1.1656000000000001e-06	0.0001959757	109951	21
CAAP1	9	5.803899999999999e-07	1.798953e-05	100843	1
CACFD1	9	4.0892e-07	6.678495e-05	104709	6
CACNA1B	9	5.259e-06	8.11325e-05	105107	8
CAMSAP1	9	3.348e-06	3.463735e-05	103069	3
CARD9	9	1.2826e-06	0.005489360899999999	101835	559
CBWD1	9	6.386600000000001e-07	2.8193259999999997e-05	106466	3
CBWD3	9	3.1395e-07	0.0	104568	0
CBWD5	9	9.1781e-08	1.2177899999999999e-05	95726	1
CBWD6	9	3.6491e-07	8.86525e-06	102454	0
CCBL1	9	1.0845e-06	0.0002301555	111311	25
CCDC107	9	4.7043999999999997e-07	7.926751000000001e-05	107357	8
CCDC171	9	3.9992e-06	0.0010929097800000001	107467	117
CCDC180	9	5.3808e-06	0.0010647850699999999	110535	117
CCDC183	9	1.153e-06	0.00019740397000000002	102381	20
CCIN	9	6.6225e-07	8.82239e-06	113271	0
CCL19	9	1.7656e-07	0.0	110474	0
CCL21	9	2.7041e-07	1.761634e-05	112770	1
CCL27	9	2.6647e-07	0.00014069346	112982	15
CD274	9	6.3931e-07	8.80995e-06	111829	0
CD72	9	1.0307e-06	4.3985e-05	109964	4
CDC14B	9	1.3113999999999998e-06	0.00010647055	107626	11
CDC26	9	2.1420999999999998e-07	0.0	107035	0
CDC37L1	9	9.7085e-07	8.810110000000001e-06	107710	0
CDK20	9	8.665100000000002e-07	0.00019389313000000002	105034	20
CDK5RAP2	9	5.326900000000001e-06	0.0005489958999999999	111850	61
CDK9	9	7.6959e-07	4.137242999999999e-05	105933	4
CDKN2A	9	2.1256e-07	9.54563e-06	106896	1
CDKN2B	9	1.4092e-07	3.974519e-05	106270	4
CEL	9	1.1773e-06	0.00014291601999999999	107928	15
CENPP	9	7.437000000000001e-07	8.826528e-05	108464	9
CEP78	9	1.3819e-06	0.00015812657	101258	16
CER1	9	2.7949e-07	0.00016746501	112399	18
CERCAM	9	1.1435e-06	7.943512e-05	111135	8
CHMP5	9	7.721899999999999e-07	8.796310000000002e-06	109255	0
CIZ1	9	2.5522999999999997e-06	6.208894e-05	104752	6
CKS2	9	2.241e-07	8.842510000000001e-06	107257	0
CLIC3	9	3.9320999999999996e-07	8.185676e-05	101847	8
CLTA	9	6.921600000000001e-07	9.815280000000001e-06	109112	1
CNTFR	9	9.6475e-07	1.769914e-05	102165	1
CNTLN	9	3.9343e-06	0.00242166383	104989	254
CNTNAP3	9	2.4928e-06	9.192122999999999e-05	101255	9
CNTNAP3B	9	1.6275e-06	0.0010537198599999999	89186	93
CNTRL	9	7.376799999999999e-06	0.0012478056900000001	109849	137
COL15A1	9	3.7224e-06	0.00138581628	110662	153
COL27A1	9	5.3992e-06	0.00015261555	109522	16
COL5A1	9	5.7817999999999994e-06	1.764339e-05	109710	1
COQ4	9	8.215700000000001e-07	0.00016015241	105152	16
CORO2A	9	1.5102000000000002e-06	9.680281999999999e-05	108040	10
CRAT	9	1.6005000000000002e-06	0.00013422419	108223	14
CRB2	9	2.3693e-06	0.00018382146	104791	19
CREB3	9	7.781e-07	7.038788000000001e-05	111938	7
CTNNAL1	9	1.9422e-06	0.00020804769	108559	22
CTSL	9	6.4516e-07	1.763006e-05	111316	1
CTSV	9	7.2402e-07	0.00020635776000000003	109664	22
CYLC2	9	4.4665e-07	6.277300999999999e-05	109622	6
DAB2IP	9	2.2057e-06	8.88857e-06	106335	0
DAPK1	9	3.4656e-06	5.327546999999999e-05	110126	5
DBH	9	1.3225999999999998e-06	0.0012574701199999999	111394	140
DCAF10	9	1.4390000000000001e-06	1.7611679999999998e-05	105720	1
DCAF12	9	1.3012000000000001e-06	4.411619000000001e-05	110575	4
DCTN3	9	5.0365e-07	7.929274e-05	104537	8
DDX31	9	2.4181e-06	0.00018348171999999998	108241	19
DDX58	9	2.4135e-06	0.00042729504999999997	110509	47
DEC1	9	1.8449e-07	2.668855e-05	111691	2
DENND1A	9	2.3668e-06	1.7688339999999997e-05	107865	1
DENND4C	9	3.926e-06	0.00022678818	110098	24
DFNB31	9	1.4648e-06	8.307441999999999e-05	109329	9
DIRAS2	9	3.3975999999999997e-07	8.793060000000001e-06	112304	0
DMRT1	9	5.693899999999999e-07	0.0029651304200000003	109887	325
DMRT2	9	7.9607e-07	2.6373520000000002e-05	109448	2
DMRT3	9	9.5476e-07	7.43372e-05	110294	8
DMRTA1	9	6.3792e-07	8.114566999999999e-05	106891	8
DNAI1	9	1.7872999999999998e-06	0.0005723331900000001	110633	63
DNAJA1	9	1.3090999999999999e-06	5.3591569999999995e-05	108790	5
DNAJB5	9	1.1059999999999999e-06	8.804830000000001e-06	110075	0
DNAJC25	9	8.570999999999999e-07	3.5413520000000004e-05	108742	3
DNAJC25-GNG10	9	1.5718e-07	4.517089e-05	108455	4
DNLZ	9	1.8513e-07	6.311770000000001e-05	99375	6
DNM1	9	2.6658e-06	9.762771999999999e-05	109438	10
DOCK8	9	5.4837e-06	0.0007090238099999999	110566	78
DOLK	9	8.5165e-07	4.398141e-05	113368	4
DOLPP1	9	7.2946e-07	8.791519999999998e-06	110619	0
DPH7	9	8.657700000000002e-07	0.00010598508999999999	108948	11
DPM2	9	1.7715e-07	0.0	103492	0
DPP7	9	1.3234000000000001e-06	0.00048364619000000006	105910	51
ECM2	9	1.4534000000000001e-06	0.00044709593	109546	48
EDF1	9	4.9605e-07	0.0	106572	0
EGFL7	9	7.0823e-07	0.00015076188999999998	102767	15
EHMT1	9	3.8488e-06	0.0	108951	0
ELAVL2	9	8.206100000000001e-07	0.0	111195	0
ENDOG	9	2.9736e-07	2.73409e-05	102318	2
ENG	9	1.7748e-06	9.32227e-06	105605	0
ENHO	9	5.476e-08	0.0	101577	0
ENTPD2	9	1.1401e-06	0.0003685369	106009	39
ENTPD8	9	1.0547e-06	0.00027660895	106122	29
EPB41L4B	9	2.6202e-06	2.6547209999999996e-05	110483	2
EQTN	9	4.6801e-07	0.00060557779	109022	66
ERCC6L2	9	2.1457e-06	0.00045586242999999993	105358	48
ERMP1	9	1.9766e-06	0.0001426137	108972	15
ERP44	9	1.2377e-06	8.83704e-06	108832	0
EXD3	9	1.8322999999999998e-06	0.0005675004400000001	97866	55
EXOSC2	9	8.65e-07	0.00045915005	112269	51
EXOSC3	9	5.5402e-07	2.821743e-05	108413	3
FAM102A	9	8.619299999999999e-07	1.766316e-05	105067	1
FAM120A	9	2.2847e-06	2.647002e-05	108357	2
FAM120AOS	9	4.5058999999999996e-07	2.1439989999999997e-05	100426	2
FAM122A	9	2.6659e-07	8.790130000000001e-06	107805	0
FAM129B	9	2.7262e-06	0.00014332455	108524	15
FAM154A	9	1.1875e-06	0.0013644568900000001	112593	153
FAM163B	9	8.7835e-08	0.0	91207	0
FAM166A	9	7.347700000000001e-07	0.00088463845	106498	94
FAM166B	9	5.5136e-07	5.564365e-05	108566	6
FAM189A2	9	1.391e-06	9.811726e-05	109798	10
FAM205A	9	1.7501e-06	1.6400999999999998e-05	60668	0
FAM206A	9	5.366300000000001e-07	0.00033476324	110391	36
FAM214B	9	1.0425e-06	3.24005e-05	107141	3
FAM219A	9	5.1451e-07	2.6438270000000002e-05	106734	2
FAM221B	9	8.3745e-07	0.00018563907999999998	104077	19
FAM69B	9	7.013200000000001e-07	5.412563e-05	107467	5
FAM73B	9	1.5794999999999999e-06	0.00016337654	106761	17
FAM78A	9	3.8899e-07	1.772784e-05	107178	1
FANCC	9	1.662e-06	0.00024635023	110260	27
FANCG	9	1.5122e-06	0.00026074112	112611	29
FBP1	9	5.4018e-07	2.6666750000000003e-05	110184	2
FBP2	9	6.951899999999999e-07	6.15414e-05	112182	6
FBXO10	9	2.1047e-06	0.00011678708999999998	107085	12
FBXW2	9	8.2429e-07	0.0	108751	0
FBXW5	9	9.1738e-07	0.00012530986	99769	12
FCN1	9	9.814e-07	0.0005281446700000001	111448	58
FCN2	9	9.521899999999999e-07	0.00055226281	111902	61
FGD3	9	1.4234e-06	9.846114e-05	108765	10
FIBCD1	9	1.0285e-06	0.00039061661	101267	39
FKBP15	9	3.5639e-06	0.00033230065	104124	34
FKTN	9	1.4088999999999998e-06	0.00013231566	112609	14
FLJ00273	9	9.8378e-08	1.13755e-05	112241	1
FNBP1	9	1.7200999999999998e-06	2.7473359999999997e-05	105024	2
FOCAD	9	4.9859e-06	0.00068875405	110493	76
FOXB2	9	3.6638000000000003e-07	5.879842e-05	97792	5
FOXD4	9	2.4513e-07	1.7758479999999998e-05	109973	1
FOXD4L3	9	8.3633e-08	0.0	106756	0
FOXD4L5	9	0.0	0.0	95074	0
FOXD4L6	9	0.0	0.0	100396	0
FOXE1	9	2.2118000000000003e-07	0.0	104137	0
FPGS	9	1.6355e-06	0.00010775317	105139	11
FREM1	9	4.2844e-06	0.00047079601999999997	107339	50
FRMD3	9	1.3284e-06	6.260866999999999e-05	109273	6
FRMPD1	9	3.3505e-06	0.00030934035	112535	34
FRRS1L	9	5.2025e-07	4.39921e-05	111227	4
FSD1L	9	1.2983000000000001e-06	3.2678699999999996e-05	60912	1
FUBP3	9	1.8280000000000001e-06	7.079043000000001e-05	109087	7
FUT7	9	1.1787e-06	3.14623e-05	104578	3
FXN	9	3.6996e-07	8.79229e-06	111659	0
GABBR2	9	2.3903000000000002e-06	9.83187e-06	109595	1
GADD45G	9	2.8079999999999997e-07	9.17768e-06	102076	0
GALNT12	9	9.6569e-07	7.555179e-05	110571	8
GALT	9	1.1567e-06	8.86722e-05	112776	10
GALT	9	8.120100000000001e-07	8.86722e-05	112776	10
GAPVD1	9	4.0447000000000004e-06	0.00012312398	110672	13
GARNL3	9	3.0407e-06	0.00011497798000000001	111424	12
GAS1	9	2.4519000000000004e-07	0.0	102123	0
GBA2	9	2.9122000000000003e-06	0.0001947754	110797	21
GBGT1	9	6.1332e-07	0.07080093711	106488	7539
GCNT1	9	7.2006e-07	7.047868e-05	113300	7
GDA	9	1.64e-06	1.810454e-05	109910	1
GFI1B	9	9.8946e-07	3.536045e-05	111294	3
GKAP1	9	1.3241e-06	2.75483e-05	106613	2
GLDC	9	2.9229e-06	0.00043221608	112360	48
GLE1	9	2.2021e-06	0.00027306067	112134	30
GLIPR2	9	3.4086999999999995e-07	0.00030264147	110900	33
GLIS3	9	2.0727e-06	0.00017700345	109089	19
GLT6D1	9	2.255e-07	1.76602e-05	110992	1
GNA14	9	9.8138e-07	0.00031929407	110233	35
GNAQ	9	1.3736e-06	0.00061529429	106111	65
GNE	9	1.9407e-06	0.00020382276000000001	112477	22
GNG10	9	9.925200000000001e-08	4.517089e-05	107348	4
GOLGA1	9	2.7593e-06	0.00014084591	110406	15
GOLGA2	9	2.9173e-06	7.99741e-05	110297	8
GOLM1	9	1.2571e-06	0.00012645376	111022	14
GPR107	9	1.6198e-06	4.987441e-05	107953	5
GPR144	9	2.3191e-06	0.0002327754	60058	13
GPR21	9	4.6683999999999996e-07	8.79245e-06	111687	0
GPSM1	9	1.5449e-06	5.0186320000000006e-05	95326	4
GRHPR	9	8.913299999999999e-07	0.00010604452	110077	11
GRIN1	9	2.2265e-06	4.680805e-05	102399	4
GRIN3A	9	2.1349e-06	0.00010573355	112450	11
GSN	9	1.8991e-06	0.00027925692000000003	109411	30
GTF3C4	9	1.4238999999999998e-06	2.640567e-05	105005	2
GTF3C5	9	1.6244999999999999e-06	8.883343000000001e-05	104628	9
GVQW1	9	0.0	0.0	102007	0
HABP4	9	1.0993e-06	3.51698e-05	110999	3
HAUS6	9	2.1528e-06	0.00040742678	108444	44
HDHD3	9	5.0114e-07	8.81061e-05	108141	9
HEMGN	9	9.835799999999999e-07	0.00047536762000000005	107892	51
HIATL1	9	1.2308e-06	4.405864000000001e-05	110808	4
HIATL2	9	2.0303e-07	0.0	109154	0
HINT2	9	4.2496e-07	0.00020217518	107233	21
HNRNPK	9	1.6313e-06	0.0	107705	0
HRCT1	9	0.0	0.0	102128	0
HSD17B3	9	7.760200000000001e-07	0.00014072121	112779	15
HSDL2	9	9.053299999999999e-07	5.3765680000000005e-05	107659	5
HSPA5	9	1.1816e-06	3.522292e-05	111554	3
IARS	9	4.1e-06	0.00033619827000000007	110283	37
IDNK	9	4.5494e-07	8.844860000000001e-06	112361	0
IER5L	9	2.9476e-07	0.0	80634	0
IFNA1	9	0.0	0.0	105304	0
IFNA10	9	0.0	0.0	111564	0
IFNA13	9	0.0	0.0	103674	0
IFNA14	9	0.0	0.0	113612	0
IFNA16	9	0.0	0.0	112666	0
IFNA17	9	0.0	0.0	112630	0
IFNA2	9	0.0	0.0	111461	0
IFNA21	9	0.0	0.0	112842	0
IFNA4	9	0.0	0.0	110598	0
IFNA5	9	0.0	0.0	111606	0
IFNA6	9	0.0	0.0	112928	0
IFNA7	9	0.0	0.0	111564	0
IFNA8	9	0.0	0.0	113501	0
IFNB1	9	0.0	0.0	110880	0
IFNE	9	1.8850999999999999e-07	0.00326945114	111518	364
IFNK	9	5.5723e-07	0.0004994818200000001	111442	55
IFNW1	9	0.0	0.0	110306	0
IFT74	9	2.1244999999999997e-06	0.00035174061	105737	37
IGFBPL1	9	5.012399999999999e-07	4.43838e-05	110755	4
IKBKAP	9	4.2309e-06	0.00025546537	112463	28
IL11RA	9	1.4125e-06	0.00018558075	112699	20
IL33	9	4.7261000000000005e-07	0.00455066674	109575	498
INIP	9	2.5897e-07	3.6521529999999995e-05	111380	4
INPP5E	9	1.0117e-06	5.081354e-05	96849	4
INSL4	9	2.2574e-07	5.315316999999999e-05	111432	5
INSL6	9	3.2599e-07	0.0009521832199999999	109556	104
INVS	9	2.9344e-06	0.00032680607999999997	112100	36
IPPK	9	1.4469999999999999e-06	3.545696e-05	110238	3
ISCA1	9	3.5010999999999995e-07	2.6614899999999998e-05	107717	2
JAK2	9	3.3693e-06	0.0001088057	107220	11
KANK1	9	2.4473e-06	0.00022417527000000002	112025	25
KCNT1	9	2.8245e-06	0.00012639415000000002	105826	13
KCNV2	9	7.2811e-07	0.00031513819	109699	34
KDM4C	9	2.823e-06	0.00010584756000000002	109506	11
KIAA0020	9	1.8322999999999998e-06	0.00112188936	109401	122
KIAA0368	9	6.5953999999999996e-06	6.516002e-05	105006	6
KIAA1045	9	1.3715000000000001e-06	5.320418000000001e-05	109423	5
KIAA1161	9	1.0301e-06	0.00013307665000000002	107035	14
KIAA1432	9	4.1855e-06	0.00013343252000000002	109339	14
KIAA1958	9	9.6246e-07	2.649992e-05	111281	2
KIAA2026	9	3.2094e-06	0.0008820674800000001	109603	96
KIF12	9	2.1683e-06	0.00015435781	105904	16
KIF24	9	2.7979000000000004e-06	0.00087152017	109630	95
KIF27	9	3.8644e-06	0.00064861769	109113	70
KLF4	9	9.427799999999999e-07	0.0	94462	0
KLF9	9	3.0268e-07	0.0	109007	0
KLHL9	9	1.1765e-06	8.79075e-06	113539	0
LAMC3	9	3.5685000000000002e-06	0.00049506997	108522	53
LCN1	9	4.6953999999999995e-07	0.0003495519	104333	36
LCN10	9	4.4788000000000006e-07	0.15424967079000002	104785	16163
LCN12	9	4.891e-07	0.00029433061000000004	102789	30
LCN15	9	3.9512e-07	9.36172e-06	107605	1
LCN2	9	5.837600000000001e-07	5.2817419999999995e-05	111753	5
LCN6	9	5.0083e-07	0.00016806759	104915	17
LCN8	9	4.1235e-07	8.894260000000001e-06	104641	0
LCN9	9	5.7588e-07	8.072314999999999e-05	105010	8
LCNL1	9	2.4664e-07	0.00023520872000000004	101416	23
LHX2	9	6.2269e-07	0.0	109188	0
LHX3	9	7.384899999999999e-07	7.598852e-05	99778	7
LHX6	9	8.7988e-07	0.0	101511	0
LINGO2	9	9.780799999999999e-07	3.885008e-05	110756	4
LMX1B	9	1.2015e-06	0.0	102724	0
LPAR1	9	5.453899999999999e-07	8.82099e-06	110542	0
LPPR1	9	8.834399999999999e-07	1.7726570000000002e-05	112550	1
LRRC19	9	5.5278e-07	5.9396149999999995e-05	105914	6
LRRC26	9	1.8253e-07	0.0	96350	0
LRRC8A	9	1.0591e-06	2.646042e-05	111631	2
LRSAM1	9	2.6963e-06	0.00021303337000000004	108963	23
LURAP1L	9	2.4186e-07	3.688235e-05	104419	3
MAMDC2	9	2.0408e-06	0.00011617094999999999	107299	12
MAMDC4	9	3.6325999999999997e-06	0.00273465784	106478	291
MAN1B1	9	1.4925e-06	0.0001347116	106821	14
MAPKAP1	9	1.8716999999999998e-06	0.0	110641	0
MED22	9	8.8245e-07	0.00011618641000000002	110984	12
MED27	9	8.5955e-07	0.00012376209	107969	13
MEGF9	9	8.4318e-07	0.0	106295	0
MELK	9	1.6047e-06	0.00023208308999999997	111425	25
MLANA	9	3.7114000000000003e-07	7.23289e-05	110093	7
MLLT3	9	1.0447e-06	0.0	109640	0
MOB3B	9	4.4666000000000006e-07	3.526517e-05	112233	3
MORN5	9	3.7154000000000006e-07	6.18758e-05	111038	6
MPDZ	9	5.603500000000001e-06	0.00061181685	105978	64
MRPL41	9	1.0692000000000001e-07	0.0	108683	0
MRPL50	9	5.1293e-07	7.988299e-05	110347	8
MRPS2	9	3.9499e-07	5.362036999999999e-05	108507	5
MRRF	9	4.5256e-07	0.00017608883999999998	113297	19
MSANTD3	9	7.058e-07	1.770999e-05	109115	1
MSANTD3-TMEFF1	9	9.903e-07	7.137615e-05	108632	7
MSMP	9	3.9429e-07	8.92252e-06	108738	0
MTAP	9	5.9095e-07	6.177722e-05	109046	6
MURC	9	6.534000000000001e-07	0.00019193495	111068	21
MUSK	9	2.1841999999999998e-06	0.00017739126000000001	107261	19
MVB12B	9	1.2757e-06	8.79214e-06	113295	0
NAA35	9	2.4772e-06	8.83174e-06	109723	0
NACC2	9	3.5529000000000005e-07	0.0	96233	0
NAIF1	9	3.4659e-07	2.6394240000000005e-05	106539	2
NCBP1	9	2.6079e-06	8.82535e-06	109320	0
NCS1	9	6.1686e-07	1.7593870000000002e-05	109343	1
NDOR1	9	1.5374e-06	0.00025626547	106226	27
NDUFA8	9	4.3965000000000005e-07	3.5267209999999994e-05	113226	3
NDUFB6	9	2.8388e-07	3.57112e-05	103219	3
NEK6	9	1.0096e-06	5.703388000000001e-05	109603	6
NELFB	9	1.2579e-06	4.412151e-05	104304	4
NFIB	9	1.7409000000000001e-06	0.0	109396	0
NFIL3	9	8.5811e-07	8.79755e-06	111457	0
NFX1	9	3.3717000000000003e-06	8.806847e-05	110774	9
NINJ1	9	2.2620999999999999e-07	8.9273e-06	105582	0
NIPSNAP3A	9	5.4493e-07	0.00044934042	109036	48
NIPSNAP3B	9	6.3246e-07	0.00072033687	109614	78
NMRK1	9	5.523e-07	0.00011521517	106998	12
NOL6	9	2.9491000000000003e-06	2.6430180000000002e-05	111124	2
NOL8	9	2.3511000000000002e-06	0.00021232147	105664	22
NOTCH1	9	5.0929e-06	2.820145e-05	104453	2
NOXA1	9	1.2475e-06	0.00063868708	104404	66
NPDC1	9	6.77e-07	1.05501e-05	101568	1
NPR2	9	3.6045e-06	6.184518e-05	112429	6
NR4A3	9	1.4117e-06	1.760255e-05	107664	1
NR5A1	9	7.8279e-07	0.0	96370	0
NR6A1	9	1.4137000000000001e-06	7.94927e-05	109004	8
NRARP	9	1.2493e-07	9.408049999999999e-06	95812	0
NSMF	9	1.6030000000000002e-06	8.514704999999999e-05	103055	8
NTMT1	9	3.0417e-07	1.7705439999999998e-05	109417	1
NTNG2	9	1.099e-06	0.0	107429	0
NTRK2	9	2.2925e-06	8.80638e-06	112145	0
NUDT2	9	3.4713999999999997e-07	5.2806759999999994e-05	110660	5
NUP188	9	4.8266000000000005e-06	9.73065e-05	111550	10
NUP214	9	4.4463e-06	7.949312e-05	109391	8
NUTM2F	9	1.0432e-06	0.00021371046000000002	105196	22
NUTM2G	9	1.0756e-06	0.00011593453000000002	105939	12
NXNL2	9	1.5694e-07	0.0	90427	0
OBP2A	9	3.894e-07	7.036095e-05	105719	7
OBP2B	9	3.8779000000000006e-07	4.400156e-05	108387	4
ODF2	9	2.7172000000000004e-06	0.00011567946000000002	109522	12
OGN	9	7.462100000000001e-07	2.642117e-05	108937	2
OLFM1	9	9.0821e-07	8.897589999999999e-06	108363	0
OLFML2A	9	1.3786000000000002e-06	0.00074881995	109340	81
OMD	9	6.143600000000001e-07	3.5623920000000004e-05	109085	3
OR13C2	9	1.8335e-07	2.661966e-05	111185	2
OR13C3	9	2.5090999999999996e-07	1.7640729999999997e-05	112726	1
OR13C4	9	4.6222e-07	0.00019425166	111712	21
OR13C5	9	0.0	0.0	109559	0
OR13C8	9	2.2396999999999999e-07	0.0011716292800000002	112641	131
OR13C9	9	2.1193000000000002e-07	6.17307e-05	112464	6
OR13D1	9	2.6414000000000003e-07	6.165629e-05	110047	6
OR13F1	9	3.3316e-07	7.040375e-05	112639	7
OR13J1	9	2.2478e-07	3.58267e-05	112140	4
OR1B1	9	4.4688999999999995e-07	0.28405031897	111868	31776
OR1J1	9	2.3346e-07	0.01612172105	111880	1803
OR1J2	9	4.5010000000000004e-08	8.79322e-06	106331	0
OR1J4	9	1.845e-07	5.27408e-05	112014	5
OR1K1	9	3.6604e-07	6.16223e-05	111531	6
OR1L1	9	1.9191e-08	0.0	112158	0
OR1L3	9	2.0736999999999998e-07	3.520946e-05	111347	3
OR1L4	9	1.9618999999999999e-07	4.3987759999999996e-05	112623	4
OR1L6	9	1.8859999999999998e-07	5.283669e-05	111056	5
OR1L8	9	2.8541e-07	2.649677e-05	111202	2
OR1N1	9	0.0	0.0	109094	0
OR1N2	9	2.7948e-07	9.712724e-05	111970	10
OR1Q1	9	2.2745999999999997e-07	7.951101999999999e-05	110700	8
OR2K2	9	2.7556999999999997e-07	8.81073e-06	111608	0
OR2S2	9	1.5772e-07	7.03717e-05	111800	7
OR5C1	9	4.3443999999999996e-07	7.116746e-05	109683	7
ORM1	9	6.718300000000001e-07	2.6379659999999998e-05	108076	2
ORM2	9	6.8842e-07	6.169125e-05	107068	6
OSTF1	9	7.1583e-07	4.5499670000000005e-05	109764	4
PAEP	9	4.2808999999999996e-07	7.338140000000001e-05	102751	7
PALM2	9	1.0083e-06	3.625785e-05	109311	3
PALM2-AKAP2	9	2.4738999999999997e-06	0.00011734741000000001	109646	12
PAPPA	9	3.6939999999999997e-06	8.831718000000001e-05	112105	9
PAPPA-AS1	9	8.053700000000001e-09	0.0	112737	0
PAX5	9	7.688500000000001e-07	0.0	106336	0
PBX3	9	1.1871e-06	8.85097e-06	109604	0
PCSK5	9	5.1414e-06	0.00026671923	106074	28
PDCD1LG2	9	5.198300000000001e-07	8.878633e-05	112074	9
PDCL	9	7.0268e-07	1.75858e-05	111891	1
PGM5	9	1.4755e-06	5.5112849999999995e-05	106935	5
PHF19	9	1.8969e-06	1.758969e-05	106993	1
PHF2	9	2.5328e-06	8.804830000000001e-06	104592	0
PHPT1	9	2.3629e-07	1.7725420000000003e-05	103112	1
PHYHD1	9	9.4257e-07	0.00115707852	110914	128
PIGO	9	2.2169e-06	0.0002207547	111827	24
PIP5K1B	9	1.6145e-06	7.062420000000001e-05	110938	7
PIP5KL1	9	8.540100000000001e-07	0.00042543682	98439	41
PKN3	9	2.6919e-06	0.00018584078999999998	107150	19
PLAA	9	1.7884e-06	9.24556e-06	109228	1
PLGRKT	9	3.9174e-07	0.00012359434	110450	13
PLIN2	9	7.0688e-07	6.183880999999999e-05	110595	6
PMPCA	9	1.5667e-06	8.063086e-05	107045	8
PNPLA7	9	3.5666000000000003e-06	0.0005991172900000001	103881	62
POLE3	9	2.5034e-07	7.58068e-05	109324	8
POLR1E	9	1.4232e-06	0.00025641522	108584	27
POMT1	9	2.7891e-06	0.1319673125	110854	14629
PPAPDC2	9	2.3799e-07	4.418192e-05	108652	4
PPAPDC3	9	3.6993000000000003e-07	3.792464e-05	102922	3
PPP1R26	9	0.0	0.0	106744	0
PPP2R4	9	7.8389e-07	8.82052e-06	105174	0
PPP3R2	9	2.2725999999999998e-07	1.75796e-05	110921	1
PPP6C	9	1.0613e-06	2.5558200000000002e-05	105323	2
PRDM12	9	5.514199999999999e-07	9.413360000000001e-06	102917	0
PRKACG	9	0.0	0.0	112686	0
PRPF4	9	2.0347e-06	1.76406e-05	112185	1
PRRC2B	9	6.5717999999999995e-06	5.4721940000000005e-05	107442	5
PRRX2	9	2.4525e-07	2.659813e-05	104630	2
PRSS3	9	5.4629e-07	8.803768e-05	111721	9
PRUNE2	9	5.271e-06	0.0028236713800000005	109859	310
PSAT1	9	8.2075e-07	0.00013209987	111205	14
PSIP1	9	1.9511000000000003e-06	2.6479640000000003e-05	109507	2
PSMB7	9	4.896100000000001e-07	0.0	110930	0
PSMD5	9	1.0816e-06	0.00023202519000000002	108372	25
PTAR1	9	1.0059e-06	8.9316e-06	106231	0
PTBP3	9	1.8106e-06	5.3019499999999996e-05	106260	5
PTCH1	9	3.2194e-06	8.7926e-06	110400	0
PTGDS	9	8.677500000000001e-07	9.126892e-05	100984	9
PTGES	9	1.7429e-07	0.0	95108	0
PTGES2	9	1.0417e-06	0.00017114415	109054	18
PTGR1	9	6.6592e-07	0.00123416522	109556	135
PTGS1	9	1.5447999999999998e-06	8.861129999999999e-05	111705	9
PTPDC1	9	2.0771999999999998e-06	0.00012348948000000002	110478	13
PTPLAD2	9	6.4008e-07	0.0003366075	110294	37
PTPN3	9	3.6924e-06	0.00015842864	111575	17
PTPRD	9	4.8291e-06	1.7677650000000002e-05	109807	1
PTRH1	9	2.9325e-07	3.549379e-05	106612	3
QRFP	9	0.0	0.0	106476	0
QSOX2	9	1.5696000000000002e-06	0.00013183978999999998	109726	14
RAB14	9	7.670999999999999e-07	0.0	109382	0
RABEPK	9	1.0088e-06	0.00035357636	110798	39
RABGAP1	9	3.1768000000000002e-06	8.81679e-06	109806	0
RABL6	9	1.5159e-06	8.87453e-06	100413	0
RAD23B	9	1.0520999999999998e-06	0.0	108528	0
RALGDS	9	1.9990000000000003e-06	7.881224000000001e-05	105965	8
RALGPS1	9	2.1683e-06	0.0	111370	0
RANBP6	9	1.7054e-06	6.182389e-05	111127	6
RAPGEF1	9	3.2033999999999997e-06	3.551015e-05	105735	3
RASEF	9	2.317e-06	0.00011447623	106934	12
RBM18	9	7.3833e-07	2.6424670000000003e-05	112981	2
RC3H2	9	3.5369e-06	2.6503190000000003e-05	110436	2
RCL1	9	1.3197999999999998e-06	4.441034000000001e-05	110064	4
RECK	9	2.6723000000000002e-06	0.00019467933000000002	110969	21
REXO4	9	8.5815e-07	0.00012546678999999998	109313	13
RFK	9	4.2611999999999995e-07	8.81834e-06	105259	0
RFX3	9	2.4874e-06	8.847369999999999e-06	110552	0
RGP1	9	1.3988999999999999e-06	9.742763e-05	109081	10
RGS3	9	2.8635e-06	0.00019587853999999998	109140	21
RLN1	9	1.295e-07	3.23873e-05	107954	3
RLN2	9	1.3679e-07	7.19496e-05	108840	7
RMI1	9	1.1537e-06	0.00021173269	111510	23
RNF183	9	1.6660999999999998e-07	8.949989999999998e-06	109944	0
RNF20	9	3.9798e-06	0.00022112009999999998	111228	24
RNF208	9	2.4975e-07	0.0	103539	0
RNF224	9	1.2168e-07	0.0	104426	0
RNF38	9	2.1165e-06	8.80313e-06	110444	0
ROR2	9	2.4727e-06	0.00016902004	111614	18
RORB	9	1.3372e-06	0.0	109459	0
RP11-101E3.5	9	3.5421999999999995e-07	0.0	110954	0
RP11-195B21.3	9	3.4422e-08	0.0	98618	0
RP11-195F19.5	9	1.94e-07	0.0	112914	0
RP11-216L13.17	9	4.458e-07	9.21082e-06	102646	0
RP11-508N12.4	9	3.7014e-07	0.0	113411	0
RPL12	9	7.407e-07	1.765868e-05	111717	1
RPL35	9	3.641e-07	8.86997e-06	110792	0
RPL7A	9	8.264799999999999e-07	0.0	111931	0
RPP25L	9	2.423e-07	0.0	110616	0
RPS6	9	5.3068e-07	0.0	110680	0
RRAGA	9	3.9965e-07	8.79477e-06	111951	0
RUSC2	9	3.4994e-06	3.5379140000000004e-05	109665	3
RXRA	9	8.8859e-07	0.0	106413	0
S1PR3	9	3.0537e-07	8.810110000000001e-06	111481	0
SAPCD2	9	8.436399999999999e-07	2.8985199999999998e-05	96580	2
SARDH	9	2.8477999999999997e-06	0.0011887876199999999	104617	124
SCAI	9	2.5549e-06	2.7258259999999997e-05	107896	2
SDCCAG3	9	1.0959e-06	0.00015697558000000002	107464	16
SEC16A	9	4.7894e-06	0.00020593851000000001	105488	21
SEC61B	9	2.9901e-07	8.81414e-06	105761	0
SECISBP2	9	2.3405000000000003e-06	0.00018502227	111885	20
SEMA4D	9	1.8635e-06	9.18628e-06	112060	1
SET	9	6.876899999999999e-07	0.0	102957	0
SETX	9	5.6435e-06	0.00014107525	112500	15
SH2D3C	9	1.7724000000000002e-06	0.00010268865	106143	10
SH3GL2	9	1.2596e-06	7.072246e-05	109893	7
SH3GLB2	9	9.228200000000001e-07	8.013144e-05	108775	8
SHB	9	9.214200000000001e-07	2.099034e-05	104508	2
SHC3	9	1.1827e-06	4.822715e-05	107785	5
SIGMAR1	9	4.6005000000000005e-07	2.6583740000000004e-05	102999	2
SIT1	9	4.2408e-07	5.3021080000000005e-05	107579	5
SLC1A1	9	1.3527000000000002e-06	5.2872169999999996e-05	112218	5
SLC24A2	9	1.4096e-06	1.75835e-05	111217	1
SLC25A25	9	1.0264e-06	7.093312e-05	108783	7
SLC25A51	9	6.512100000000001e-07	1.75799e-05	111833	1
SLC27A4	9	1.3829e-06	0.00034236209000000005	112083	38
SLC28A3	9	1.779e-06	0.00023042849	111258	25
SLC2A6	9	8.5961e-07	1.12874e-05	102353	1
SLC2A8	9	7.5821e-07	0.0008863449900000001	106835	94
SLC31A1	9	4.2059e-07	1.760935e-05	106060	1
SLC31A2	9	2.4845e-07	3.56488e-05	108324	3
SLC34A3	9	1.052e-06	0.0006695646000000001	104642	70
SLC35D2	9	7.0307e-07	5.940448e-05	109415	6
SLC44A1	9	1.8156e-06	2.7048159999999997e-05	108490	2
SLC46A2	9	7.438800000000001e-07	0.00015043043	112197	16
SMARCA2	9	4.9303e-06	6.15694e-05	109108	6
SMC2	9	3.2331e-06	4.435085e-05	107571	4
SMC5	9	3.607e-06	0.00010861378000000001	107142	11
SMU1	9	1.3882e-06	0.0	109915	0
SNAPC3	9	1.0701000000000001e-06	0.00012412441999999998	106302	13
SNAPC4	9	3.829e-06	0.00034543337999999997	105731	36
SNX30	9	1.079e-06	1.769e-05	111506	1
SOHLH1	9	7.635300000000001e-07	0.00156589891	103474	162
SPAG8	9	1.2568e-06	0.00066998234	112408	75
SPATA31A1	9	3.6161e-08	0.0	105488	0
SPATA31A2	9	3.8867e-08	0.0	94126	0
SPATA31A3	9	5.8148e-09	0.0	93809	0
SPATA31A6	9	1.7750999999999998e-07	0.00013314843	102206	13
SPATA31A7	9	6.825300000000001e-08	5.99607e-05	86760	5
SPATA31D1	9	2.28e-07	0.0	111802	0
SPATA31E1	9	2.4063e-07	0.000119689	111383	13
SPATA6L	9	8.428399999999999e-07	0.00011700357	107891	12
SPIN1	9	5.153e-07	0.0	107305	0
SPINK4	9	1.6623e-07	8.811039999999999e-06	110465	0
SPTAN1	9	7.826000000000001e-06	5.283116e-05	110869	5
SPTLC1	9	1.674e-06	0.00014986605	112115	16
SSNA1	9	2.0114e-07	0.0002241699	106583	23
ST6GALNAC4	9	7.2946e-07	7.992978e-05	104250	8
ST6GALNAC6	9	9.4134e-07	5.331194e-05	108474	5
STOM	9	6.686e-07	9.715408999999999e-05	111425	10
STOML2	9	1.1479e-06	2.6464629999999996e-05	108028	2
STRBP	9	1.8971e-06	8.80514e-06	109881	0
STX17	9	9.5859e-07	6.218586e-05	110669	6
STXBP1	9	1.8539e-06	0.0	110644	0
SURF1	9	9.205e-07	0.0002659106	110610	29
SURF2	9	6.573899999999999e-07	4.461249e-05	108842	4
SURF4	9	4.9204e-07	8.797710000000001e-06	106411	0
SURF6	9	1.0745999999999998e-06	0.0001852657	108924	20
SUSD1	9	1.9718e-06	0.0004939347900000001	110771	54
SUSD3	9	5.7694e-07	0.00032108126	108565	34
SVEP1	9	7.7774e-06	0.00017695136000000003	107283	18
SWI5	9	5.5347e-07	7.156695e-05	108998	7
SYK	9	1.6697999999999999e-06	0.0	110664	0
TAF1L	9	3.0876e-06	7.039935e-05	113572	7
TAL2	9	7.1556e-08	0.0	107316	0
TBC1D13	9	9.2057e-07	2.6403400000000002e-05	111946	2
TBC1D2	9	1.9009e-06	9.964082e-05	106652	10
TDRD7	9	2.4233e-06	0.00016111497	112517	18
TEK	9	3.1593999999999998e-06	3.526855e-05	112759	3
TESK1	9	1.7697e-06	1.7663320000000002e-05	109571	1
TEX10	9	2.7813999999999997e-06	1.789286e-05	108226	1
TGFBR1	9	1.4167e-06	1.7616329999999998e-05	111704	1
TJP2	9	3.3098e-06	0.00023001967999999997	108190	24
TLE1	9	1.8142e-06	3.683595e-05	106346	3
TLE4	9	2.1414e-06	0.0	109439	0
TLN1	9	7.4341e-06	2.6399970000000003e-05	111716	2
TLR4	9	1.3662000000000002e-06	0.00015955755	112708	17
TMC1	9	2.6454e-06	0.00054839134	112303	61
TMEFF1	9	9.521e-07	6.250477e-05	108414	6
TMEM141	9	2.7987e-07	0.00013692573	96145	13
TMEM2	9	3.6098e-06	0.00028345536	111596	31
TMEM203	9	1.3915e-07	0.0	102375	0
TMEM210	9	1.4092e-07	0.0	98871	0
TMEM215	9	2.3357e-07	2.638507e-05	111569	2
TMEM245	9	2.0329e-06	8.954231e-05	108471	9
TMEM246	9	7.3655e-07	0.0	111773	0
TMEM252	9	1.1782e-07	0.000123533	111468	13
TMEM261	9	1.1495999999999999e-07	3.541018e-05	103803	3
TMEM38B	9	6.3547e-07	0.0	111089	0
TMEM8B	9	1.0282e-06	7.130489e-05	108762	7
TMEM8C	9	5.243100000000001e-07	3.53757e-05	111159	3
TMOD1	9	1.0542e-06	0.0	110044	0
TNC	9	4.7075e-06	0.00019484354	111843	21
TNFSF15	9	7.0304e-07	3.525786e-05	110449	3
TNFSF8	9	3.8178e-07	0.0	106434	0
TOMM5	9	8.028399999999999e-08	0.0	104668	0
TOPORS	9	2.6407e-06	4.446393e-05	110619	4
TOR1A	9	7.2535e-07	0.00010550610000000001	109554	11
TOR1B	9	5.153e-07	1.75994e-05	109525	1
TOR2A	9	4.2332999999999997e-07	0.0	105589	0
TOR4A	9	3.1375999999999997e-07	1.0463299999999999e-05	87357	0
TPD52L3	9	1.1863e-07	0.0	112135	0
TPM2	9	1.0921999999999999e-06	3.51692e-05	110835	3
TPRN	9	6.8563e-07	7.343618e-05	105222	7
TRAF1	9	8.0477e-07	4.418822e-05	107716	4
TRAF2	9	1.1783e-06	0.0	107643	0
TRIM14	9	6.6574e-07	4.746652e-05	105335	4
TRIM32	9	8.0628e-07	7.043539000000001e-05	113553	7
TRMT10B	9	9.021799999999999e-07	0.00244543368	109263	267
TRPM3	9	4.7087e-06	0.00022261159	110144	24
TRPM6	9	5.9312e-06	0.00027320487000000003	112507	30
TRUB2	9	6.6003e-07	0.0001057854	107882	11
TSC1	9	2.8089e-06	8.79786e-06	111856	0
TSTD2	9	1.1448e-06	0.00080458682	108714	87
TTC16	9	1.7391e-06	0.0005423584	106966	58
TTC39B	9	1.8119e-06	0.0005470622599999999	108250	59
TTF1	9	2.0829e-06	0.00022872727999999999	110063	25
TTLL11	9	9.6573e-07	0.00011772485	93133	10
TUBB4B	9	6.189e-07	0.0	107040	0
TUSC1	9	1.3275e-07	1.2131199999999998e-05	78270	0
TXN	9	2.8757e-07	1.76875e-05	105947	1
TXNDC8	9	2.9137e-07	1.7646979999999998e-05	105983	1
TYRP1	9	1.0885e-06	0.00038032572999999994	112272	42
UAP1L1	9	8.022100000000001e-07	0.00015266909	105988	16
UBAC1	9	9.2051e-07	3.527952e-05	109029	3
UBAP1	9	6.976600000000001e-07	0.0	109004	0
UBAP2	9	3.1611e-06	0.00015909258999999997	111298	17
UBE2R2	9	4.9506e-07	0.0	109419	0
UBQLN1	9	1.3888e-06	8.89648e-06	107476	0
UCK1	9	9.8457e-07	8.81871e-05	110504	9
UGCG	9	1.2181e-06	0.0	104111	0
UHRF2	9	2.3336e-06	1.777646e-05	108121	1
UNC13B	9	5.6216e-06	0.00029178658	112439	32
URM1	9	3.2233000000000005e-07	4.435603e-05	103381	4
USP20	9	2.8802999999999998e-06	0.00012429299999999998	109149	13
VAV2	9	2.5542e-06	0.00014364796000000002	109476	15
VCP	9	2.4821e-06	0.0	113312	0
VLDLR	9	3.2257999999999997e-06	0.00016715398999999996	113392	18
VPS13A	9	8.8437e-06	0.00046058051	110021	50
WDR31	9	9.3544e-07	0.00111706108	112476	125
WDR34	9	1.1185e-06	0.00013305794	108879	14
WDR38	9	6.5402e-07	0.00014139914	110792	15
WDR5	9	1.2174e-06	0.0	112660	0
WNK2	9	4.1313e-06	0.00018687554	101663	18
XPA	9	9.3898e-07	0.00010581743000000001	105521	11
ZBTB26	9	7.3946e-07	3.517679e-05	112337	3
ZBTB34	9	1.0032e-06	8.93304e-06	111773	0
ZBTB43	9	5.6229e-07	0.0	112346	0
ZBTB5	9	8.807600000000001e-07	1.75799e-05	113309	1
ZBTB6	9	8.367e-07	4.396175e-05	112189	4
ZCCHC6	9	3.6635e-06	8.82581e-06	109579	0
ZCCHC7	9	1.7643e-06	0.00010586723	111143	11
ZDHHC12	9	6.2127e-07	3.0428800000000002e-05	106190	3
ZDHHC21	9	6.7619e-07	3.606888e-05	104825	3
ZER1	9	1.7561000000000002e-06	8.79075e-06	108860	0
ZFAND5	9	5.2641e-07	0.0	111006	0
ZFP37	9	1.0152e-06	0.00014989007	111166	16
ZMYND19	9	7.6545e-07	0.0	112373	0
ZNF169	9	1.0072e-06	0.00015909373	111397	17
ZNF189	9	1.1731999999999998e-06	4.7496530000000004e-05	111716	5
ZNF367	9	5.935199999999999e-07	8.791669999999999e-06	106705	0
ZNF462	9	5.5420000000000005e-06	1.7629589999999997e-05	112375	1
ZNF483	9	1.4595e-06	8.82893e-06	110610	0
ZNF484	9	1.3191e-06	9.680187e-05	112358	10
ZNF510	9	1.2088e-06	0.00022022946	111195	24
ZNF618	9	1.9173e-06	1.771684e-05	108561	1
ZNF658	9	5.0087e-07	0.00014181158	109292	15
ZNF782	9	1.2891999999999999e-06	0.00012410543	111410	13
ZNF79	9	9.8992e-07	1.7635910000000002e-05	111528	1
